0,0.00049974,0.00099943,0.0014992,0.0019989,0.0024986,0.0029983,0.003498,0.0039978,0.0044975,0.0049972,0.0054969,0.0059966,0.0064964,0.0069961,0.0074958,0.0079956,0.0084953,0.008995,0.0094947,0.0099944,0.010494,0.010994,0.011494,0.011993,0.012493,0.012993,0.013492,0.013992,0.014492,0.014992,0.015491,0.015991,0.016491,0.016991,0.01749,0.01799,0.01849,0.018989,0.019489,0.019989,0.020489,0.020988,0.021488,0.021988,0.022487,0.022987,0.023487,0.023987,0.024486,0.024986,0.025486,0.025985,0.026485,0.026985,0.027485,0.027984,0.028484,0.028984,0.029484,0.029983,0.030483,0.030983,0.031482,0.031982,0.032482,0.032982,0.033481,0.033981,0.034481,0.03498,0.03548,0.03598,0.03648,0.036979,0.037479,0.037979,0.038479,0.038978,0.039478,0.039978,0.040477,0.040977,0.041477,0.041977,0.042476,0.042976,0.043476,0.043975,0.044475,0.044975,0.045475,0.045974,0.046474,0.046974,0.047474,0.047973,0.048473,0.048973,0.049472,0.049972,0.050472,0.050972,0.051471,0.051971,0.052471,0.05297,0.05347,0.05397,0.05447,0.054969,0.055469,0.055969,0.056468,0.056968,0.057468,0.057968,0.058467,0.058967,0.059467,0.059967,0.060466,0.060966,0.061466,0.061965,0.062465,0.062965,0.063465,0.063964,0.064464,0.064964,0.065463,0.065963,0.066463,0.066963,0.067462,0.067962,0.068462,0.068962,0.069461,0.069961,0.070461,0.07096,0.07146,0.07196,0.07246,0.072959,0.073459,0.073959,0.074458,0.074958,0.075458,0.075958,0.076457,0.076957,0.077457,0.077956,0.078456,0.078956,0.079456,0.079955,0.080455,0.080955,0.081455,0.081954,0.082454,0.082954,0.083453,0.083953,0.084453,0.084953,0.085452,0.085952,0.086452,0.086951,0.087451,0.087951,0.088451,0.08895,0.08945,0.08995,0.09045,0.090949,0.091449,0.091949,0.092448,0.092948,0.093448,0.093948,0.094447,0.094947,0.095447,0.095946,0.096446,0.096946,0.097446,0.097945,0.098445,0.098945,0.099444,0.099944,0.10044,0.10094,0.10144,0.10194,0.10244,0.10294,0.10344,0.10394,0.10444,0.10494,0.10544,0.10594,0.10644,0.10694,0.10744,0.10794,0.10844,0.10894,0.10944,0.10994,0.11044,0.11094,0.11144,0.11194,0.11244,0.11294,0.11344,0.11394,0.11444,0.11494,0.11544,0.11594,0.11644,0.11693,0.11743,0.11793,0.11843,0.11893,0.11943,0.11993,0.12043,0.12093,0.12143,0.12193,0.12243,0.12293,0.12343,0.12393,0.12443,0.12493,0.12543,0.12593,0.12643,0.12693,0.12743,0.12793,0.12843,0.12893,0.12943,0.12993,0.13043,0.13093,0.13143,0.13193,0.13243,0.13293,0.13343,0.13393,0.13442,0.13492,0.13542,0.13592,0.13642,0.13692,0.13742,0.13792,0.13842,0.13892,0.13942,0.13992,0.14042,0.14092,0.14142,0.14192,0.14242,0.14292,0.14342,0.14392,0.14442,0.14492,0.14542,0.14592,0.14642,0.14692,0.14742,0.14792,0.14842,0.14892,0.14942,0.14992,0.15042,0.15092,0.15142,0.15192,0.15241,0.15291,0.15341,0.15391,0.15441,0.15491,0.15541,0.15591,0.15641,0.15691,0.15741,0.15791,0.15841,0.15891,0.15941,0.15991,0.16041,0.16091,0.16141,0.16191,0.16241,0.16291,0.16341,0.16391,0.16441,0.16491,0.16541,0.16591,0.16641,0.16691,0.16741,0.16791,0.16841,0.16891,0.16941,0.16991,0.1704,0.1709,0.1714,0.1719,0.1724,0.1729,0.1734,0.1739,0.1744,0.1749,0.1754,0.1759,0.1764,0.1769,0.1774,0.1779,0.1784,0.1789,0.1794,0.1799,0.1804,0.1809,0.1814,0.1819,0.1824,0.1829,0.1834,0.1839,0.1844,0.1849,0.1854,0.1859,0.1864,0.1869,0.1874,0.1879,0.18839,0.18889,0.18939,0.18989,0.19039,0.19089,0.19139,0.19189,0.19239,0.19289,0.19339,0.19389,0.19439,0.19489,0.19539,0.19589,0.19639,0.19689,0.19739,0.19789,0.19839,0.19889,0.19939,0.19989,0.20039,0.20089,0.20139,0.20189,0.20239,0.20289,0.20339,0.20389,0.20439,0.20489,0.20539,0.20589,0.20638,0.20688,0.20738,0.20788,0.20838,0.20888,0.20938,0.20988,0.21038,0.21088,0.21138,0.21188,0.21238,0.21288,0.21338,0.21388,0.21438,0.21488,0.21538,0.21588,0.21638,0.21688,0.21738,0.21788,0.21838,0.21888,0.21938,0.21988,0.22038,0.22088,0.22138,0.22188,0.22238,0.22288,0.22338,0.22388,0.22437,0.22487,0.22537,0.22587,0.22637,0.22687,0.22737,0.22787,0.22837,0.22887,0.22937,0.22987,0.23037,0.23087,0.23137,0.23187,0.23237,0.23287,0.23337,0.23387,0.23437,0.23487,0.23537,0.23587,0.23637,0.23687,0.23737,0.23787,0.23837,0.23887,0.23937,0.23987,0.24037,0.24087,0.24137,0.24187,0.24236,0.24286,0.24336,0.24386,0.24436,0.24486,0.24536,0.24586,0.24636,0.24686,0.24736,0.24786,0.24836,0.24886,0.24936,0.24986,0.25036,0.25086,0.25136,0.25186,0.25236,0.25286,0.25336,0.25386,0.25436,0.25486,0.25536,0.25586,0.25636,0.25686,0.25736,0.25786,0.25836,0.25886,0.25936,0.25985,0.26035,0.26085,0.26135,0.26185,0.26235,0.26285,0.26335,0.26385,0.26435,0.26485,0.26535,0.26585,0.26635,0.26685,0.26735,0.26785,0.26835,0.26885,0.26935,0.26985,0.27035,0.27085,0.27135,0.27185,0.27235,0.27285,0.27335,0.27385,0.27435,0.27485,0.27535,0.27585,0.27635,0.27685,0.27735,0.27784,0.27834,0.27884,0.27934,0.27984,0.28034,0.28084,0.28134,0.28184,0.28234,0.28284,0.28334,0.28384,0.28434,0.28484,0.28534,0.28584,0.28634,0.28684,0.28734,0.28784,0.28834,0.28884,0.28934,0.28984,0.29034,0.29084,0.29134,0.29184,0.29234,0.29284,0.29334,0.29384,0.29434,0.29484,0.29534,0.29583,0.29633,0.29683,0.29733,0.29783,0.29833,0.29883,0.29933,0.29983,0.30033,0.30083,0.30133,0.30183,0.30233,0.30283,0.30333,0.30383,0.30433,0.30483,0.30533,0.30583,0.30633,0.30683,0.30733,0.30783,0.30833,0.30883,0.30933,0.30983,0.31033,0.31083,0.31133,0.31183,0.31233,0.31283,0.31333,0.31382,0.31432,0.31482,0.31532,0.31582,0.31632,0.31682,0.31732,0.31782,0.31832,0.31882,0.31932,0.31982,0.32032,0.32082,0.32132,0.32182,0.32232,0.32282,0.32332,0.32382,0.32432,0.32482,0.32532,0.32582,0.32632,0.32682,0.32732,0.32782,0.32832,0.32882,0.32932,0.32982,0.33032,0.33082,0.33132,0.33181,0.33231,0.33281,0.33331,0.33381,0.33431,0.33481,0.33531,0.33581,0.33631,0.33681,0.33731,0.33781,0.33831,0.33881,0.33931,0.33981,0.34031,0.34081,0.34131,0.34181,0.34231,0.34281,0.34331,0.34381,0.34431,0.34481,0.34531,0.34581,0.34631,0.34681,0.34731,0.34781,0.34831,0.34881,0.34931,0.3498,0.3503,0.3508,0.3513,0.3518,0.3523,0.3528,0.3533,0.3538,0.3543,0.3548,0.3553,0.3558,0.3563,0.3568,0.3573,0.3578,0.3583,0.3588,0.3593,0.3598,0.3603,0.3608,0.3613,0.3618,0.3623,0.3628,0.3633,0.3638,0.3643,0.3648,0.3653,0.3658,0.3663,0.3668,0.3673,0.36779,0.36829,0.36879,0.36929,0.36979,0.37029,0.37079,0.37129,0.37179,0.37229,0.37279,0.37329,0.37379,0.37429,0.37479,0.37529,0.37579,0.37629,0.37679,0.37729,0.37779,0.37829,0.37879,0.37929,0.37979,0.38029,0.38079,0.38129,0.38179,0.38229,0.38279,0.38329,0.38379,0.38429,0.38479,0.38529,0.38578,0.38628,0.38678,0.38728,0.38778,0.38828,0.38878,0.38928,0.38978,0.39028,0.39078,0.39128,0.39178,0.39228,0.39278,0.39328,0.39378,0.39428,0.39478,0.39528,0.39578,0.39628,0.39678,0.39728,0.39778,0.39828,0.39878,0.39928,0.39978,0.40028,0.40078,0.40128,0.40178,0.40228,0.40278,0.40327,0.40377,0.40427,0.40477,0.40527,0.40577,0.40627,0.40677,0.40727,0.40777,0.40827,0.40877,0.40927,0.40977,0.41027,0.41077,0.41127,0.41177,0.41227,0.41277,0.41327,0.41377,0.41427,0.41477,0.41527,0.41577,0.41627,0.41677,0.41727,0.41777,0.41827,0.41877,0.41927,0.41977,0.42027,0.42077,0.42126,0.42176,0.42226,0.42276,0.42326,0.42376,0.42426,0.42476,0.42526,0.42576,0.42626,0.42676,0.42726,0.42776,0.42826,0.42876,0.42926,0.42976,0.43026,0.43076,0.43126,0.43176,0.43226,0.43276,0.43326,0.43376,0.43426,0.43476,0.43526,0.43576,0.43626,0.43676,0.43726,0.43776,0.43826,0.43876,0.43925,0.43975,0.44025,0.44075,0.44125,0.44175,0.44225,0.44275,0.44325,0.44375,0.44425,0.44475,0.44525,0.44575,0.44625,0.44675,0.44725,0.44775,0.44825,0.44875,0.44925,0.44975,0.45025,0.45075,0.45125,0.45175,0.45225,0.45275,0.45325,0.45375,0.45425,0.45475,0.45525,0.45575,0.45625,0.45675,0.45724,0.45774,0.45824,0.45874,0.45924,0.45974,0.46024,0.46074,0.46124,0.46174,0.46224,0.46274,0.46324,0.46374,0.46424,0.46474,0.46524,0.46574,0.46624,0.46674,0.46724,0.46774,0.46824,0.46874,0.46924,0.46974,0.47024,0.47074,0.47124,0.47174,0.47224,0.47274,0.47324,0.47374,0.47424,0.47474,0.47523,0.47573,0.47623,0.47673,0.47723,0.47773,0.47823,0.47873,0.47923,0.47973,0.48023,0.48073,0.48123,0.48173,0.48223,0.48273,0.48323,0.48373,0.48423,0.48473,0.48523,0.48573,0.48623,0.48673,0.48723,0.48773,0.48823,0.48873,0.48923,0.48973,0.49023,0.49073,0.49123,0.49173,0.49223,0.49273,0.49322,0.49372,0.49422,0.49472,0.49522,0.49572,0.49622,0.49672,0.49722,0.49772,0.49822,0.49872,0.49922,0.49972,0.50022,0.50072,0.50122,0.50172,0.50222,0.50272,0.50322,0.50372,0.50422,0.50472,0.50522,0.50572,0.50622,0.50672,0.50722,0.50772,0.50822,0.50872,0.50922,0.50972,0.51022,0.51071,0.51121,0.51171,0.51221,0.51271,0.51321,0.51371,0.51421,0.51471,0.51521,0.51571,0.51621,0.51671,0.51721,0.51771,0.51821,0.51871,0.51921,0.51971,0.52021,0.52071,0.52121,0.52171,0.52221,0.52271,0.52321,0.52371,0.52421,0.52471,0.52521,0.52571,0.52621,0.52671,0.52721,0.52771,0.52821,0.5287,0.5292,0.5297,0.5302,0.5307,0.5312,0.5317,0.5322,0.5327,0.5332,0.5337,0.5342,0.5347,0.5352,0.5357,0.5362,0.5367,0.5372,0.5377,0.5382,0.5387,0.5392,0.5397,0.5402,0.5407,0.5412,0.5417,0.5422,0.5427,0.5432,0.5437,0.5442,0.5447,0.5452,0.5457,0.5462,0.54669,0.54719,0.54769,0.54819,0.54869,0.54919,0.54969,0.55019,0.55069,0.55119,0.55169,0.55219,0.55269,0.55319,0.55369,0.55419,0.55469,0.55519,0.55569,0.55619,0.55669,0.55719,0.55769,0.55819,0.55869,0.55919,0.55969,0.56019,0.56069,0.56119,0.56169,0.56219,0.56269,0.56319,0.56369,0.56419,0.56468,0.56518,0.56568,0.56618,0.56668,0.56718,0.56768,0.56818,0.56868,0.56918,0.56968,0.57018,0.57068,0.57118,0.57168,0.57218,0.57268,0.57318,0.57368,0.57418,0.57468,0.57518,0.57568,0.57618,0.57668,0.57718,0.57768,0.57818,0.57868,0.57918,0.57968,0.58018,0.58068,0.58118,0.58168,0.58218,0.58267,0.58317,0.58367,0.58417,0.58467,0.58517,0.58567,0.58617,0.58667,0.58717,0.58767,0.58817,0.58867,0.58917,0.58967,0.59017,0.59067,0.59117,0.59167,0.59217,0.59267,0.59317,0.59367,0.59417,0.59467,0.59517,0.59567,0.59617,0.59667,0.59717,0.59767,0.59817,0.59867,0.59917,0.59967,0.60017,0.60066,0.60116,0.60166,0.60216,0.60266,0.60316,0.60366,0.60416,0.60466,0.60516,0.60566,0.60616,0.60666,0.60716,0.60766,0.60816,0.60866,0.60916,0.60966,0.61016,0.61066,0.61116,0.61166,0.61216,0.61266,0.61316,0.61366,0.61416,0.61466,0.61516,0.61566,0.61616,0.61666,0.61716,0.61766,0.61816,0.61865,0.61915,0.61965,0.62015,0.62065,0.62115,0.62165,0.62215,0.62265,0.62315,0.62365,0.62415,0.62465,0.62515,0.62565,0.62615,0.62665,0.62715,0.62765,0.62815,0.62865,0.62915,0.62965,0.63015,0.63065,0.63115,0.63165,0.63215,0.63265,0.63315,0.63365,0.63415,0.63465,0.63515,0.63565,0.63615,0.63664,0.63714,0.63764,0.63814,0.63864,0.63914,0.63964,0.64014,0.64064,0.64114,0.64164,0.64214,0.64264,0.64314,0.64364,0.64414,0.64464,0.64514,0.64564,0.64614,0.64664,0.64714,0.64764,0.64814,0.64864,0.64914,0.64964,0.65014,0.65064,0.65114,0.65164,0.65214,0.65264,0.65314,0.65364,0.65413,0.65463,0.65513,0.65563,0.65613,0.65663,0.65713,0.65763,0.65813,0.65863,0.65913,0.65963,0.66013,0.66063,0.66113,0.66163,0.66213,0.66263,0.66313,0.66363,0.66413,0.66463,0.66513,0.66563,0.66613,0.66663,0.66713,0.66763,0.66813,0.66863,0.66913,0.66963,0.67013,0.67063,0.67113,0.67163,0.67212,0.67262,0.67312,0.67362,0.67412,0.67462,0.67512,0.67562,0.67612,0.67662,0.67712,0.67762,0.67812,0.67862,0.67912,0.67962,0.68012,0.68062,0.68112,0.68162,0.68212,0.68262,0.68312,0.68362,0.68412,0.68462,0.68512,0.68562,0.68612,0.68662,0.68712,0.68762,0.68812,0.68862,0.68912,0.68962,0.69011,0.69061,0.69111,0.69161,0.69211,0.69261,0.69311,0.69361,0.69411,0.69461,0.69511,0.69561,0.69611,0.69661,0.69711,0.69761,0.69811,0.69861,0.69911,0.69961,0.70011,0.70061,0.70111,0.70161,0.70211,0.70261,0.70311,0.70361,0.70411,0.70461,0.70511,0.70561,0.70611,0.70661,0.70711,0.70761,0.7081,0.7086,0.7091,0.7096,0.7101,0.7106,0.7111,0.7116,0.7121,0.7126,0.7131,0.7136,0.7141,0.7146,0.7151,0.7156,0.7161,0.7166,0.7171,0.7176,0.7181,0.7186,0.7191,0.7196,0.7201,0.7206,0.7211,0.7216,0.7221,0.7226,0.7231,0.7236,0.7241,0.7246,0.7251,0.7256,0.72609,0.72659,0.72709,0.72759,0.72809,0.72859,0.72909,0.72959,0.73009,0.73059,0.73109,0.73159,0.73209,0.73259,0.73309,0.73359,0.73409,0.73459,0.73509,0.73559,0.73609,0.73659,0.73709,0.73759,0.73809,0.73859,0.73909,0.73959,0.74009,0.74059,0.74109,0.74159,0.74209,0.74259,0.74309,0.74359,0.74408,0.74458,0.74508,0.74558,0.74608,0.74658,0.74708,0.74758,0.74808,0.74858,0.74908,0.74958,0.75008,0.75058,0.75108,0.75158,0.75208,0.75258,0.75308,0.75358,0.75408,0.75458,0.75508,0.75558,0.75608,0.75658,0.75708,0.75758,0.75808,0.75858,0.75908,0.75958,0.76008,0.76058,0.76108,0.76157,0.76207,0.76257,0.76307,0.76357,0.76407,0.76457,0.76507,0.76557,0.76607,0.76657,0.76707,0.76757,0.76807,0.76857,0.76907,0.76957,0.77007,0.77057,0.77107,0.77157,0.77207,0.77257,0.77307,0.77357,0.77407,0.77457,0.77507,0.77557,0.77607,0.77657,0.77707,0.77757,0.77807,0.77857,0.77907,0.77956,0.78006,0.78056,0.78106,0.78156,0.78206,0.78256,0.78306,0.78356,0.78406,0.78456,0.78506,0.78556,0.78606,0.78656,0.78706,0.78756,0.78806,0.78856,0.78906,0.78956,0.79006,0.79056,0.79106,0.79156,0.79206,0.79256,0.79306,0.79356,0.79406,0.79456,0.79506,0.79556,0.79606,0.79656,0.79706,0.79755,0.79805,0.79855,0.79905,0.79955,0.80005,0.80055,0.80105,0.80155,0.80205,0.80255,0.80305,0.80355,0.80405,0.80455,0.80505,0.80555,0.80605,0.80655,0.80705,0.80755,0.80805,0.80855,0.80905,0.80955,0.81005,0.81055,0.81105,0.81155,0.81205,0.81255,0.81305,0.81355,0.81405,0.81455,0.81505,0.81554,0.81604,0.81654,0.81704,0.81754,0.81804,0.81854,0.81904,0.81954,0.82004,0.82054,0.82104,0.82154,0.82204,0.82254,0.82304,0.82354,0.82404,0.82454,0.82504,0.82554,0.82604,0.82654,0.82704,0.82754,0.82804,0.82854,0.82904,0.82954,0.83004,0.83054,0.83104,0.83154,0.83204,0.83254,0.83304,0.83353,0.83403,0.83453,0.83503,0.83553,0.83603,0.83653,0.83703,0.83753,0.83803,0.83853,0.83903,0.83953,0.84003,0.84053,0.84103,0.84153,0.84203,0.84253,0.84303,0.84353,0.84403,0.84453,0.84503,0.84553,0.84603,0.84653,0.84703,0.84753,0.84803,0.84853,0.84903,0.84953,0.85003,0.85053,0.85103,0.85152,0.85202,0.85252,0.85302,0.85352,0.85402,0.85452,0.85502,0.85552,0.85602,0.85652,0.85702,0.85752,0.85802,0.85852,0.85902,0.85952,0.86002,0.86052,0.86102,0.86152,0.86202,0.86252,0.86302,0.86352,0.86402,0.86452,0.86502,0.86552,0.86602,0.86652,0.86702,0.86752,0.86802,0.86852,0.86902,0.86951,0.87001,0.87051,0.87101,0.87151,0.87201,0.87251,0.87301,0.87351,0.87401,0.87451,0.87501,0.87551,0.87601,0.87651,0.87701,0.87751,0.87801,0.87851,0.87901,0.87951,0.88001,0.88051,0.88101,0.88151,0.88201,0.88251,0.88301,0.88351,0.88401,0.88451,0.88501,0.88551,0.88601,0.88651,0.887,0.8875,0.888,0.8885,0.889,0.8895,0.89,0.8905,0.891,0.8915,0.892,0.8925,0.893,0.8935,0.894,0.8945,0.895,0.8955,0.896,0.8965,0.897,0.8975,0.898,0.8985,0.899,0.8995,0.9,0.9005,0.901,0.9015,0.902,0.9025,0.903,0.9035,0.904,0.9045,0.90499,0.90549,0.90599,0.90649,0.90699,0.90749,0.90799,0.90849,0.90899,0.90949,0.90999,0.91049,0.91099,0.91149,0.91199,0.91249,0.91299,0.91349,0.91399,0.91449,0.91499,0.91549,0.91599,0.91649,0.91699,0.91749,0.91799,0.91849,0.91899,0.91949,0.91999,0.92049,0.92099,0.92149,0.92199,0.92249,0.92298,0.92348,0.92398,0.92448,0.92498,0.92548,0.92598,0.92648,0.92698,0.92748,0.92798,0.92848,0.92898,0.92948,0.92998,0.93048,0.93098,0.93148,0.93198,0.93248,0.93298,0.93348
0.11157,0.11157,0.11157,0.11173,0.11189,0.11236,0.11283,0.11346,0.1144,0.11534,0.11644,0.11786,0.11943,0.12115,0.12304,0.12508,0.12744,0.12979,0.13231,0.13498,0.13781,0.14079,0.14393,0.14707,0.15037,0.15383,0.15728,0.1609,0.16467,0.16859,0.17268,0.17676,0.18116,0.18556,0.19027,0.19498,0.19985,0.20472,0.2099,0.21509,0.22043,0.22577,0.23127,0.23692,0.24258,0.24839,0.2542,0.26001,0.26583,0.27179,0.27792,0.28405,0.29033,0.29677,0.30321,0.30981,0.31656,0.32347,0.33023,0.3373,0.34421,0.35143,0.3585,0.36573,0.37311,0.38049,0.38788,0.39526,0.4028,0.41034,0.41788,0.42558,0.43327,0.44113,0.44898,0.45699,0.465,0.47301,0.48134,0.48966,0.49815,0.50647,0.51495,0.52344,0.53208,0.54071,0.54935,0.55799,0.56663,0.57543,0.58423,0.59287,0.60166,0.61062,0.61957,0.62852,0.63748,0.64659,0.65585,0.66512,0.67455,0.68397,0.69355,0.70298,0.71256,0.72198,0.73172,0.74131,0.75104,0.76078,0.77052,0.78026,0.79,0.7999,0.80979,0.81969,0.82958,0.83948,0.84953,0.85959,0.86995,0.88016,0.89053,0.9009,0.91127,0.92163,0.932,0.94252,0.95289,0.96342,0.9741,0.98462,0.99515,1.0058,1.0165,1.027,1.0377,1.0484,1.0592,1.0699,1.0808,1.0916,1.1024,1.1133,1.1241,1.1351,1.1461,1.1571,1.1682,1.1792,1.1901,1.2012,1.2122,1.2232,1.2344,1.2455,1.2568,1.268,1.2791,1.2903,1.3015,1.3128,1.3241,1.3354,1.3467,1.3578,1.3693,1.3806,1.3919,1.4032,1.4145,1.4262,1.4376,1.4491,1.4606,1.472,1.4835,1.4951,1.5068,1.5184,1.53,1.5416,1.5534,1.565,1.5768,1.5884,1.6002,1.612,1.6238,1.6357,1.6475,1.6594,1.6714,1.6832,1.6952,1.7072,1.7193,1.7314,1.7433,1.7554,1.7675,1.7796,1.7917,1.8038,1.8159,1.828,1.8401,1.8522,1.8643,1.8764,1.8886,1.9007,1.913,1.9251,1.9372,1.9494,1.9615,1.9738,1.986,1.9984,2.0107,2.0231,2.0353,2.0476,2.06,2.0722,2.0845,2.0969,2.1092,2.1214,2.1337,2.1461,2.1583,2.1706,2.183,2.1955,2.208,2.2204,2.2328,2.2453,2.2579,2.2706,2.2832,2.2958,2.3085,2.3211,2.3336,2.3462,2.3588,2.3715,2.3842,2.3968,2.4095,2.4221,2.4348,2.4477,2.4604,2.4731,2.4858,2.4987,2.5116,2.5245,2.5374,2.5502,2.5631,2.576,2.5889,2.6018,2.6146,2.6275,2.6406,2.6534,2.6663,2.6792,2.6921,2.7048,2.7178,2.7307,2.7438,2.7566,2.7697,2.7827,2.7957,2.8086,2.8215,2.8345,2.8476,2.8605,2.8735,2.8864,2.8993,2.9121,2.9252,2.9381,2.9511,2.9641,2.9772,2.9902,3.0033,3.0164,3.0296,3.0428,3.056,3.0691,3.0823,3.0955,3.1087,3.1218,3.135,3.1484,3.1616,3.1748,3.188,3.2012,3.2145,3.2277,3.2409,3.2543,3.2676,3.281,3.2943,3.3077,3.321,3.3344,3.3477,3.3611,3.3746,3.3879,3.4014,3.415,3.4282,3.4415,3.4549,3.4681,3.4814,3.4948,3.5081,3.5215,3.5348,3.5482,3.5615,3.5749,3.5882,3.6016,3.6151,3.6284,3.6416,3.655,3.6683,3.6818,3.6952,3.7085,3.7219,3.7354,3.7488,3.7623,3.7758,3.7893,3.8026,3.8161,3.8298,3.8433,3.8568,3.8705,3.884,3.8977,3.9113,3.9248,3.9385,3.9522,3.9658,3.9795,3.9932,4.0067,4.0203,4.034,4.0477,4.0613,4.0752,4.0888,4.1025,4.1162,4.1298,4.1437,4.1576,4.1715,4.1851,4.1988,4.2125,4.2263,4.2399,4.2538,4.2674,4.2811,4.2948,4.3084,4.3221,4.3358,4.3494,4.3629,4.3766,4.3901,4.4038,4.4174,4.4311,4.4448,4.4584,4.4721,4.4856,4.4994,4.5131,4.5269,4.5407,4.5544,4.5682,4.5819,4.5957,4.6097,4.6235,4.6374,4.6512,4.6648,4.6787,4.6925,4.7065,4.7203,4.7341,4.7479,4.7618,4.7757,4.7896,4.8035,4.8175,4.8313,4.8453,4.8593,4.8731,4.8871,4.9011,4.9152,4.9292,4.943,4.957,4.971,4.985,4.9989,5.0129,5.0268,5.0407,5.0546,5.0685,5.0824,5.0963,5.1102,5.124,5.1378,5.1516,5.1656,5.1794,5.1933,5.2071,5.2209,5.2347,5.2485,5.2625,5.2765,5.2905,5.3045,5.3183,5.3323,5.3463,5.3602,5.3742,5.3882,5.4022,5.4163,5.4303,5.4443,5.4584,5.4725,5.4865,5.5005,5.5145,5.5285,5.5426,5.5567,5.5707,5.5849,5.5988,5.613,5.6271,5.6412,5.6554,5.6697,5.6838,5.6978,5.7118,5.7259,5.7401,5.7542,5.7682,5.7823,5.7963,5.8103,5.8242,5.8382,5.8522,5.8662,5.88,5.894,5.908,5.9218,5.9358,5.9498,5.9637,5.9777,5.9915,6.0055,6.0195,6.0336,6.0478,6.0617,6.0757,6.0897,6.1037,6.1178,6.1301,6.1441,6.1582,6.1722,6.1862,6.2001,6.2143,6.2284,6.2425,6.2565,6.2705,0.0013031,0.01544,0.029577,0.043715,0.057695,0.071675,0.085812,0.099949,0.11409,0.12822,0.14236,0.1565,0.17048,0.18446,0.19844,0.21258,0.22671,0.24069,0.25467,0.26865,0.28263,0.29661,0.31059,0.32457,0.3384,0.35238,0.3662,0.38002,0.394,0.40798,0.42196,0.43579,0.44961,0.46359,0.47741,0.49155,0.50553,0.51951,0.53333,0.54715,0.56098,0.57496,0.58894,0.60292,0.6169,0.63088,0.64486,0.65884,0.67282,0.6868,0.70094,0.71492,0.7289,0.74272,0.75686,0.77084,0.78497,0.7988,0.81278,0.82676,0.84058,0.85456,0.86854,0.88268,0.89666,0.91064,0.92462,0.93844,0.95226,0.96624,0.98022,0.99405,1.008,1.0218,1.0358,1.0497,1.0633,1.0771,1.091,1.1046,1.1183,1.132,1.1456,1.1595,1.1733,1.1869,1.2006,1.2143,1.2281,1.2419,1.2557,1.2696,1.2832,1.2971,1.3107,1.3245,1.3384,1.3522,1.366,1.3797,1.3935,1.4072,1.421,1.4348,1.4488,1.4625,1.4763,1.4899,1.5038,1.5176,1.5314,1.5452,1.5589,1.5727,1.5866,1.6004,1.614,1.6279,1.6418,1.6557,1.6695,1.6832,1.6968,1.7106,1.7243,1.7381,1.7518,1.7655,1.7791,1.793,1.8066,1.8203,1.834,1.8476,1.8611,1.8748,1.8885,1.902,1.9156,1.9293,1.9428,1.9565,1.97,1.9836,1.9973,2.0111,2.0248,2.0385,2.0521,2.0658,2.0796,2.0933,2.1071,2.1208,2.1346,2.1483,2.1619,2.1758,2.1896,2.2034,2.2171,2.2307,2.2444,2.2582,2.272,2.2859,2.2997,2.3134,2.3272,2.341,2.3548,2.3687,2.3825,2.3963,2.4103,2.4239,2.4378,2.4514,2.4651,2.4789,2.4926,2.5063,2.5201,2.5339,2.5476,2.5614,2.5751,2.5887,2.6024,2.6162,2.6299,2.6435,2.6574,2.671,2.6849,2.6985,2.7123,2.726,2.7398,2.7537,2.7673,2.7811,2.7948,2.8085,2.8223,2.836,2.8498,2.8636,2.8774,2.8913,2.9051,2.9187,2.9327,2.9465,2.9605,2.9743,2.988,3.002,3.0158,3.0296,3.0436,3.0574,3.0713,3.0851,3.0989,3.1127,3.1266,3.1404,3.1544,3.1682,3.182,3.1958,3.2097,3.2235,3.2375,3.2513,3.2651,3.2791,3.2929,3.3067,3.3206,3.3344,3.3482,3.362,3.3758,3.3897,3.4036,3.4175,3.4313,3.445,3.4588,3.4728,3.4866,3.5006,3.5144,3.5284,3.5422,3.5562,3.57,3.5838,3.5978,3.6118,3.6258,3.6397,3.6536,3.6675,3.6814,3.6955,3.7095,3.7235,3.7373,3.7513,3.7652,3.7794,3.7934,3.8073,3.8213,3.8353,3.8493,3.8634,3.8774,3.8914,3.9054,3.9193,3.9335,3.9473,3.9613,3.9753,3.9892,4.0032,4.0172,4.0312,4.0452,4.0591,4.0731,4.0871,4.1009,4.1149,4.1289,4.143,4.157,4.171,4.185,4.1989,4.2129,4.2269,4.241,4.255,4.269,4.283,4.2971,4.3111,4.3251,4.3391,4.3532,4.3672,4.3813,4.3953,4.4094,4.4234,4.4375,4.4517,4.4658,4.4798,4.4939,4.5081,4.5222,4.5363,4.5505,4.5645,4.5786,4.5927,4.607,4.6212,4.6353,4.6494,4.6636,4.6776,4.6917,4.7058,4.72,4.7341,4.7482,4.7622,4.7764,4.7907,4.8048,4.8188,4.8329,4.8469,4.861,4.8752,4.8893,4.9034,4.9176,4.9316,4.9457,4.96,4.9741,4.9884,5.0026,5.0167,5.0308,5.045,5.0593,5.0734,5.0875,5.1018,5.116,5.1301,5.1444,5.1585,5.1728,5.187,5.2013,5.2154,5.2295,5.2438,5.2581,5.2724,5.2866,5.3009,5.3152,5.3294,5.3436,5.3579,5.3722,5.3865,5.4008,5.4151,5.4293,5.4436,5.4579,5.4722,5.4864,5.5005,5.5148,5.5291,5.5434,5.5575,5.5718,5.586,5.6001,5.6144,5.6285,5.6428,5.6571,5.6714,5.6855,5.6997,5.714,5.7283,5.7426,5.7567,5.771,5.7853,5.7994,5.8137,5.8279,5.8422,5.8563,5.8704,5.8847,5.899,5.9132,5.9274,5.9417,5.9562,5.9703,5.9846,5.9989,6.0132,6.0275,6.0418,6.0561,6.0702,6.0845,6.0988,6.1131,6.1302,6.1445,6.1588,6.173,6.1873,6.2016,6.2157,6.23,6.2443,6.2584,6.2727,0.0036593,0.017954,0.032248,0.046385,0.060522,0.074502,0.088796,0.10278,0.11707,0.13121,0.14535,0.15964,0.17362,0.18791,0.20205,0.21619,0.23048,0.24462,0.25876,0.27305,0.28719,0.30148,0.31562,0.32976,0.34389,0.35803,0.37233,0.38646,0.4006,0.41474,0.42903,0.44317,0.45731,0.47144,0.48574,0.50003,0.51401,0.52815,0.54244,0.55658,0.57072,0.58501,0.59915,0.61329,0.62742,0.64156,0.6557,0.66983,0.68397,0.69811,0.71225,0.72623,0.74036,0.7545,0.76864,0.78277,0.79675,0.81089,0.82487,0.83885,0.85283,0.86681,0.88079,0.89493,0.90891,0.92289,0.93687,0.95085,0.96499,0.97897,0.99295,1.0071,1.0211,1.035,1.049,1.063,1.0771,1.091,1.1049,1.1189,1.1329,1.1469,1.1609,1.1748,1.1888,1.2028,1.2166,1.2306,1.2446,1.2587,1.2727,1.2865,1.3005,1.3145,1.3285,1.3424,1.3564,1.3703,1.3842,1.3982,1.412,1.426,1.44,1.4538,1.4676,1.4815,1.4953,1.5093,1.5231,1.5369,1.5507,1.5646,1.5784,1.592,1.6059,1.6195,1.6334,1.6472,1.6612,1.675,1.6887,1.7025,1.7165,1.7303,1.7441,1.7579,1.7717,1.7856,1.7994,1.8132,1.827,1.8409,1.8545,1.8684,1.8822,1.896,1.9098,1.9238,1.9376,1.9514,1.9653,1.9791,1.9929,2.0067,2.0207,2.0345,2.0484,2.0622,2.0762,2.09,2.1038,2.1176,2.1315,2.1453,2.1591,2.1729,2.1868,2.2006,2.2144,2.2282,2.242,2.2559,2.2697,2.2837,2.2975,2.3112,2.325,2.3388,2.3526,2.3663,2.3801,2.3939,2.4078,2.4214,2.4353,2.4489,2.4627,2.4764,2.4902,2.5041,2.5179,2.5317,2.5455,2.5595,2.5733,2.5871,2.6011,2.615,2.6289,2.6429,2.6569,2.6707,2.6847,2.6985,2.7125,2.7263,2.7401,2.7541,2.7679,2.7819,2.7957,2.8096,2.8234,2.8374,2.8514,2.8653,2.8792,2.8931,2.907,2.9209,2.9348,2.9487,2.9626,2.9764,2.9902,3.004,3.018,3.0318,3.0457,3.0595,3.0733,3.0871,3.101,3.1148,3.1286,3.1424,3.1562,3.1701,3.1839,3.1979,3.2117,3.2255,3.2393,3.2533,3.2673,3.2813,3.2953,3.3091,3.3231,3.337,3.3509,3.3648,3.3788,3.393,3.4069,3.4211,3.4351,3.449,3.463,3.4772,3.4911,3.5053,3.5193,3.5332,3.5474,3.5614,3.5753,3.5893,3.6033,3.6174,3.6314,3.6454,3.6594,3.6734,3.6873,3.7013,3.7155,3.7294,3.7434,3.7574,3.7715,3.7855,3.7995,3.8135,3.8274,3.8413,3.8553,3.8692,3.8832,3.897,3.911,3.9248,3.9388,3.9528,3.9669,3.9808,3.9947,4.0089,4.0229,4.037,4.0511,4.0651,4.0792,4.0932,4.1072,4.1213,4.1355,4.1496,4.1639,4.1779,4.192,4.2062,4.2205,4.2346,4.2487,4.2629,4.277,4.2911,4.3054,4.3194,4.3336,4.3477,4.362,4.3761,4.3903,4.4044,4.4185,4.4327,4.4468,4.4608,4.4749,4.4889,4.503,4.5172,4.5313,4.5455,4.5596,4.5736,4.5877,4.6019,4.616,4.6301,4.6441,4.6581,4.6721,4.6862,4.7003,4.7145,4.7286,4.7426,4.7567,4.7709,4.785,4.7991,4.8134,4.8276,4.8417,4.8558,4.87,4.8843,4.8986,4.913,4.9273,4.9415,4.9558,4.9702,4.9845,4.9988,5.0131,5.0274,5.0415,5.0558,5.0701,5.0844,5.0985,5.1128,5.1271,5.1414,5.1557,5.17,5.1843,5.1986,5.2127,5.2269,5.2412,5.2555,5.2698,5.2839,5.2982,5.3123,5.3265,5.3408,5.3549,5.3692,5.3833,5.3975,5.4116,5.4257,5.44,5.4542,5.4685,5.4828,5.4969,5.5112,5.5255,5.5398,5.5541,5.5684,5.5827,5.5968,5.6111,5.6254,5.6398,5.6541,5.6686,5.6829,5.6973,5.7116,5.7261,5.7405,5.755,5.7693,5.7836,5.798,5.8123,5.8266,5.8409,5.8553,5.8696,5.8839,5.8982,5.9125,5.9268,5.9413,5.9554,5.9697,5.9838,5.9981,6.0124,6.0269,6.0412,6.0555,6.0696,6.0839,6.0982,6.1123,6.1266,6.1409,6.1551,6.1692,6.1833,6.1975,6.2118,6.2259,6.2402,6.2543,6.2686,6.2828,0.014027,0.028321,0.042458,0.056752,0.070889,0.085184,0.099478,0.11377,0.12807,0.14252,0.15681,0.17111,0.1854,0.19969,0.21415,0.22844,0.24273,0.25703,0.27132,0.28562,0.29991,0.31421,0.3285,0.34279,0.35709,0.37123,0.38552,0.39981,0.41411,0.42825,0.44238,0.45652,0.47081,0.48495,0.49925,0.51338,0.52736,0.5415,0.55564,0.56977,0.58391,0.59805,0.61219,0.62617,0.6403,0.65428,0.66842,0.68256,0.69669,0.71083,0.72497,0.73895,0.75309,0.76738,0.78152,0.79565,0.80979,0.82393,0.83807,0.85205,0.86618,0.88048,0.89462,0.90891,0.92305,0.93718,0.95148,0.96562,0.97991,0.99405,1.0082,1.0223,1.0365,1.0504,1.0646,1.0787,1.0928,1.1068,1.121,1.1349,1.1489,1.1631,1.177,1.191,1.2048,1.2188,1.2328,1.2469,1.2609,1.2749,1.2889,1.3027,1.3165,1.3305,1.3445,1.3583,1.3723,1.3861,1.3999,1.4138,1.4276,1.4416,1.4555,1.4694,1.4832,1.497,1.5108,1.5248,1.5388,1.5528,1.5666,1.5804,1.5944,1.6082,1.6222,1.6362,1.6502,1.6641,1.6781,1.6921,1.7061,1.7201,1.734,1.748,1.7619,1.7758,1.7898,1.8038,1.8176,1.8316,1.8456,1.8594,1.8732,1.8872,1.9012,1.9152,1.929,1.9428,1.9565,1.9703,1.9841,1.9979,2.0119,2.0257,2.0396,2.0534,2.0672,2.081,2.0949,2.1087,2.1225,2.1362,2.15,2.1637,2.1775,2.1913,2.2051,2.219,2.2328,2.2466,2.2606,2.2744,2.2884,2.3022,2.316,2.3299,2.3438,2.3577,2.3716,2.3856,2.3996,2.4136,2.4276,2.4414,2.4554,2.4693,2.4832,2.497,2.511,2.5248,2.5388,2.5527,2.5667,2.5807,2.5947,2.6087,2.6226,2.6366,2.6506,2.6647,2.6787,2.6925,2.7064,2.7204,2.7343,2.7483,2.7621,2.7761,2.7899,2.8038,2.8176,2.8314,2.8452,2.8591,2.8729,2.8867,2.9005,2.9143,2.9282,2.9421,2.9561,2.97,2.9839,2.9978,3.0117,3.0257,3.0395,3.0535,3.0673,3.0813,3.0951,3.1091,3.1231,3.1371,3.1511,3.165,3.179,3.193,3.2071,3.2211,3.2351,3.2491,3.2632,3.2774,3.2913,3.3055,3.3195,3.3336,3.3476,3.3617,3.3757,3.3898,3.404,3.4181,3.4321,3.4461,3.46,3.474,3.4882,3.5021,3.5163,3.5303,3.5442,3.5584,3.5722,3.5862,3.6002,3.6143,3.6281,3.6421,3.6561,3.6699,3.6839,3.6979,3.712,3.726,3.74,3.7539,3.7681,3.7822,3.7962,3.8103,3.8243,3.8384,3.8526,3.8667,3.8809,3.8948,3.909,3.9231,3.9372,3.9514,3.9655,3.9797,3.9938,4.0079,4.0221,4.0362,4.0503,4.0645,4.0788,4.0929,4.1071,4.1213,4.1355,4.1498,4.1641,4.1784,4.1925,4.2066,4.2208,4.2351,4.2492,4.2633,4.2775,4.2916,4.3058,4.3199,4.3339,4.348,4.362,4.376,4.3901,4.4041,4.4182,4.4324,4.4465,4.4605,4.4746,4.4888,4.5029,4.517,4.5313,4.5455,4.5596,4.5737,4.5879,4.602,4.6163,4.6306,4.6447,4.6589,4.673,4.6873,4.7016,4.7159,4.7302,4.7443,4.7586,4.7728,4.7872,4.8015,4.8158,4.8301,4.8442,4.8585,4.8728,4.8871,4.9016,4.9159,4.9301,4.9444,4.9587,4.973,4.9875,5.0018,5.0161,5.0304,5.0445,5.0588,5.0731,5.0872,5.1015,5.1157,5.13,5.1441,5.1582,5.1724,5.1867,5.2008,5.2149,5.2291,5.2434,5.2575,5.2718,5.2862,5.3005,5.3147,5.329,5.3433,5.3576,5.3719,5.3862,5.4006,5.4149,5.4292,5.4435,5.4579,5.4724,5.4867,5.5011,5.5154,5.5297,5.5442,5.5585,5.5729,5.5872,5.6017,5.616,5.6304,5.6449,5.6595,5.6739,5.6884,5.7027,5.717,5.7314,5.7459,5.7603,5.7746,5.7889,5.8032,5.8176,5.8318,5.8461,5.8604,5.8745,5.8888,5.9029,5.9172,5.9314,5.9457,5.96,5.9743,5.9884,6.0027,6.017,6.0314,6.0457,6.06,6.0743,6.0886,6.1029,6.1174
0.94628,1.1668,1.3873,1.6077,1.8282,2.0487,2.2692,2.4897,2.7102,2.9307,3.1512,3.3716,3.5921,3.8126,4.0331,4.2536,4.4741,4.6946,4.9151,5.1356,5.356,5.5765,5.797,6.0175,6.238,6.4585,6.679,6.8995,7.1199,7.3404,7.5609,7.7814,8.0019,8.2224,8.4429,8.6634,8.8838,9.1043,9.318,9.5316,9.7473,9.9651,10.181,10.392,10.602,10.807,11.01,11.213,11.41,11.601,11.787,11.972,12.154,12.328,12.497,12.669,12.839,13.004,13.165,13.325,13.486,13.647,13.806,13.965,14.125,14.28,14.43,14.577,14.724,14.868,15.008,15.147,15.281,15.413,15.543,15.67,15.796,15.919,16.041,16.16,16.278,16.395,16.514,16.634,16.753,16.875,16.994,17.109,17.222,17.335,17.444,17.551,17.66,17.765,17.863,17.964,18.064,18.16,18.255,18.349,18.445,18.537,18.628,18.72,18.812,18.902,18.99,19.08,19.17,19.258,19.346,19.432,19.511,19.591,19.673,19.748,19.821,19.895,19.97,20.045,20.117,20.186,20.253,20.322,20.393,20.464,20.533,20.598,20.667,20.739,20.804,20.866,20.929,20.996,21.063,21.124,21.183,21.239,21.294,21.348,21.405,21.461,21.518,21.572,21.627,21.681,21.734,21.786,21.838,21.893,21.945,21.997,22.05,22.102,22.157,22.207,22.257,22.305,22.351,22.4,22.444,22.488,22.534,22.58,22.624,22.668,22.712,22.751,22.791,22.833,22.873,22.911,22.952,22.994,23.034,23.072,23.107,23.145,23.181,23.216,23.254,23.294,23.332,23.367,23.403,23.434,23.468,23.505,23.539,23.572,23.608,23.639,23.669,23.698,23.727,23.757,23.788,23.824,23.857,23.887,23.916,23.947,23.983,24.019,24.052,24.086,24.121,24.157,24.186,24.213,24.243,24.274,24.308,24.339,24.368,24.396,24.423,24.454,24.486,24.513,24.54,24.569,24.601,24.632,24.662,24.691,24.718,24.745,24.773,24.798,24.825,24.85,24.875,24.9,24.921,24.944,24.967,24.986,25.007,25.03,25.053,25.076,25.099,25.124,25.149,25.173,25.193,25.214,25.237,25.258,25.279,25.302,25.321,25.34,25.361,25.38,25.397,25.415,25.434,25.453,25.474,25.495,25.518,25.543,25.566,25.587,25.61,25.635,25.658,25.681,25.707,25.732,25.753,25.772,25.792,25.813,25.834,25.853,25.868,25.885,25.906,25.924,25.943,25.964,25.985,26.006,26.025,26.042,26.063,26.084,26.105,26.128,26.142,26.155,26.172,26.186,26.199,26.211,26.224,26.236,26.249,26.262,26.274,26.287,26.299,26.312,26.327,26.339,26.347,26.358,26.371,26.385,26.402,26.415,26.425,26.438,26.45,26.463,26.475,26.488,26.5,26.515,26.532,26.546,26.561,26.578,26.595,26.613,26.634,26.651,26.668,26.687,26.704,26.72,26.737,26.752,26.764,26.777,26.789,26.802,26.819,26.835,26.848,26.861,26.873,26.888,26.905,26.921,26.936,26.949,26.961,26.974,26.986,27.001,27.014,27.022,27.03,27.039,27.047,27.055,27.064,27.07,27.076,27.081,27.085,27.091,27.095,27.104,27.114,27.122,27.131,27.141,27.152,27.162,27.175,27.185,27.196,27.206,27.217,27.231,27.246,27.256,27.267,27.279,27.292,27.305,27.317,27.33,27.342,27.355,27.365,27.378,27.39,27.401,27.414,27.426,27.439,27.449,27.458,27.468,27.478,27.491,27.504,27.51,27.518,27.529,27.537,27.545,27.554,27.56,27.569,27.577,27.583,27.589,27.596,27.6,27.602,27.606,27.61,27.617,27.621,27.619,27.617,27.619,27.623,27.627,27.631,27.638,27.644,27.65,27.656,27.663,27.671,27.68,27.688,27.696,27.707,27.719,27.732,27.742,27.753,27.765,27.776,27.784,27.793,27.803,27.814,27.824,27.832,27.839,27.847,27.855,27.866,27.876,27.883,27.891,27.902,27.908,27.914,27.922,27.931,27.937,27.941,27.948,27.954,27.958,27.96,27.962,27.964,27.964,27.964,27.964,27.964,27.964,27.964,27.964,27.962,27.96,27.96,27.96,27.96,27.962,27.966,27.969,27.971,27.973,27.975,27.979,27.96,27.939,27.943,27.95,27.954,27.958,27.962,27.969,27.977,27.983,27.987,27.992,27.998,28.004,28.008,28.01,28.01,28.015,28.021,28.025,28.029,28.033,28.038,28.04,28.038,28.036,28.038,28.04,28.038,28.036,28.036,28.036,28.036,28.033,28.029,28.025,28.021,28.017,28.01,28.004,28,27.996,27.987,27.977,27.973,27.971,27.969,27.966,27.962,27.958,27.952,27.946,27.943,27.943,27.943,27.943,27.943,27.946,27.948,27.948,27.95,27.954,27.956,27.956,27.954,27.956,27.96,27.962,27.96,27.954,27.952,27.95,27.948,27.948,27.948,27.971,27.994,27.992,27.987,27.983,27.981,27.979,27.973,27.966,27.962,27.96,27.958,27.95,27.939,27.931,27.922,27.914,27.904,27.891,27.881,27.872,27.862,27.849,27.839,27.832,27.828,27.822,27.814,27.805,27.799,27.793,27.786,27.782,27.778,27.774,27.77,27.765,27.761,27.759,27.757,27.755,27.751,27.747,27.744,27.74,27.738,27.734,27.728,27.721,27.717,27.717,27.717,27.713,27.707,27.705,27.703,27.698,27.692,27.684,27.677,27.671,27.663,27.654,27.646,27.64,27.633,27.625,27.615,27.606,27.6,27.589,27.581,27.575,27.564,27.552,27.541,27.531,27.52,27.512,27.506,27.499,27.493,27.489,27.483,27.476,27.47,27.466,27.466,27.466,27.464,27.464,27.466,27.466,27.468,27.47,27.47,27.47,27.47,27.47,27.47,27.47,27.47,27.47,27.47,27.47,27.472,27.474,27.474,27.474,27.474,27.478,27.481,27.481,27.481,27.476,27.472,27.47,27.468,27.468,27.47,27.468,27.466,27.464,27.462,27.46,27.458,27.455,27.453,27.453,27.449,27.445,27.443,27.443,27.445,27.445,27.447,27.447,27.447,27.449,27.449,27.449,27.449,27.451,27.455,27.46,27.466,27.472,27.474,27.481,27.489,27.495,27.504,27.508,27.514,27.522,27.527,27.531,27.535,27.539,27.543,27.548,27.55,27.552,27.554,27.558,27.562,27.564,27.569,27.571,27.571,27.573,27.577,27.581,27.587,27.592,27.592,27.592,27.592,27.594,27.596,27.596,27.596,27.598,27.6,27.6,27.596,27.594,27.598,27.602,27.608,27.613,27.617,27.623,27.627,27.629,27.631,27.636,27.642,27.65,27.659,27.663,27.667,27.673,27.68,27.688,27.694,27.698,27.703,27.709,27.717,27.724,27.73,27.736,27.742,27.751,27.759,27.767,27.774,27.778,27.782,27.788,27.793,27.797,27.801,27.803,27.805,27.807,27.814,27.818,27.82,27.824,27.826,27.826,27.828,27.832,27.839,27.845,27.849,27.853,27.855,27.858,27.862,27.868,27.874,27.878,27.881,27.885,27.891,27.893,27.895,27.902,27.908,27.914,27.92,27.927,27.933,27.939,27.946,27.952,27.958,27.966,27.977,27.983,27.989,27.996,28,28.004,28.01,28.019,28.027,28.036,28.042,28.046,28.048,28.05,28.057,28.063,28.069,28.073,28.073,28.075,28.084,28.092,28.094,28.094,28.094,28.096,28.1,28.105,28.109,28.111,28.111,28.113,28.119,28.126,28.13,28.136,28.142,28.147,28.151,28.157,28.163,28.168,28.174,28.18,28.184,28.191,28.199,28.207,28.214,28.218,28.222,28.226,28.232,28.241,28.249,28.255,28.26,28.266,28.274,28.281,28.285,28.291,28.299,28.308,28.314,28.32,28.327,28.333,28.339,28.343,28.346,28.348,28.352,28.358,28.362,28.364,28.366,28.366,28.369,28.373,28.377,28.381,28.383,28.383,28.383,28.385,28.39,28.396,28.4,28.402,28.406,28.408,28.41,28.415,28.419,28.419,28.417,28.421,28.427,28.431,28.436,28.44,28.446,28.45,28.452,28.459,28.465,28.467,28.469,28.471,28.471,28.473,28.477,28.482,28.521,28.561,28.565,28.565,28.565,28.57,28.57,28.57,28.572,28.572,28.572,28.572,28.574,28.576,28.574,28.57,28.565,28.563,28.559,28.555,28.555,28.553,28.551,28.547,28.542,28.54,28.536,28.534,28.532,28.528,28.528,28.53,28.53,28.528,28.524,28.521,28.519,28.519,28.521,28.519,28.517,28.517,28.515,28.511,28.509,28.511,28.513,28.509,28.503,28.503,28.503,28.498,28.498,28.498,28.496,28.494,28.492,28.492,28.49,28.486,28.484,28.482,28.475,28.467,28.463,28.461,28.457,28.45,28.444,28.438,28.429,28.423,28.417,28.408,28.402,28.358,28.312,28.304,28.297,28.293,28.287,28.281,28.276,28.27,28.264,28.258,28.251,28.247,28.239,28.23,28.226,28.224,28.22,28.216,28.212,28.205,28.201,28.193,28.186,28.182,28.178,28.176,28.168,28.159,28.155,28.149,28.142,28.136,28.128,28.121,28.117,28.111,28.103,28.096,28.09,28.082,28.071,28.061,28.054,28.048,28.038,28.025,28.017,28.01,27.998,27.985,27.975,27.962,27.952,27.946,27.939,27.929,27.918,27.912,27.906,27.897,27.889,27.883,27.876,27.868,27.86,27.851,27.845,27.837,27.828,27.824,27.82,27.816,27.814,27.809,27.803,27.799,27.795,27.791,27.784,27.78,27.778,27.772,27.765,27.763,27.761,27.757,27.751,27.747,27.744,27.74,27.736,27.732,27.728,27.724,27.719,27.715,27.713,27.711,27.709,27.705,27.696,27.692,27.69,27.686,27.68,27.673,27.669,27.667,27.663,27.656,27.652,27.648,27.642,27.638,27.638,27.638,27.638,27.636,27.636,27.638,27.638,27.64,27.642,27.646,27.652,27.659,27.663,27.665,27.665,27.665,27.669,27.671,27.671,27.671,27.673,27.675,27.675,27.675,27.677,27.682,27.686,27.688,27.692,27.696,27.698,27.7,27.703,27.703,27.7,27.7,27.7,27.703,27.705,27.705,27.703,27.7,27.7,27.7,27.698,27.696,27.696,27.696,27.696,27.696,27.698,27.7,27.7,27.7,27.703,27.707,27.711,27.715,27.717,27.717,27.719,27.724,27.728,27.732,27.738,27.747,27.755,27.761,27.765,27.772,27.78,27.788,27.797,27.805,27.811,27.818,27.824,27.828,27.832,27.835,27.839,27.845,27.847,27.849,27.851,27.851,27.851,27.855,27.86,27.862,27.864,27.868,27.874,27.876,27.878,27.881,27.881,27.883,27.887,27.889,27.887,27.885,27.885,27.885,27.887,27.891,27.893,27.893,27.897,27.904,27.91,27.918,27.922,27.927,27.933,27.937,27.943,27.952,27.96,27.971,27.979,27.985,27.994,28.004,28.015,28.021,28.027,28.036,28.044,28.052,28.057,28.059,28.063,28.071,28.08,28.084,28.09,28.096,28.1,28.103,28.103,28.103,28.103,28.105,28.109,28.111,28.113,28.115,28.115,28.117,28.119,28.121,28.126,28.128,28.128,28.126,28.126,28.13,28.134,28.138,28.14,28.142,28.144,28.147,28.151,28.157,28.161,28.163,28.168,28.172,28.178,28.188,28.201,28.212,28.218,28.226,28.239,28.251,28.262,28.27,28.276,28.283,28.291,28.297,28.304,28.308,28.31,28.316,28.323,28.329,28.337,28.343,28.348,28.35,28.348,28.35,28.356,28.36,28.36,28.36,28.362,28.362,28.364,28.366,28.366,28.369,28.371,28.371,28.369,28.369,28.371,28.373,28.377,28.379,28.381,28.387,28.394,28.4,28.406,28.41,28.413,28.415,28.419,28.427,28.436,28.442,28.448,28.454,28.463,28.473,28.486,28.496,28.503,28.507,28.513,28.521,28.528,28.532,28.538,28.545,28.547,28.549,28.553,28.557,28.563,28.565,28.563,28.559,28.555,28.557,28.561,28.561,28.559,28.557,28.555,28.555,28.555,28.555,28.555,28.553,28.551,28.549,28.545,28.542,28.54,28.538,28.536,28.534,28.534,28.538,28.542,28.54,28.538,28.538,28.538,28.54,28.545,28.547,28.551,28.555,28.557,28.561,28.565,28.572,28.576,28.578,28.58,28.58,28.582,28.584,28.584,28.584,28.584,28.584,28.582,28.582,28.584,28.584,28.58,28.574,28.568,28.563,28.559,28.555,28.551,28.54,28.53,28.524,28.519,28.513,28.507,28.503,28.496,28.488,28.48,28.473,28.469,28.465,28.461,28.454,28.448,28.444,28.444,28.444,28.44,28.434,28.427,28.423,28.419,28.415,28.413,28.413,28.413,28.41,28.408,28.41,28.413,28.415,28.415,28.413,28.41,28.408,28.404,28.4,28.396,28.39,28.385,28.381,28.377,28.371,28.364,28.358,28.35,28.337,28.325,28.316,28.31,28.304,28.293,28.283,28.272,28.26,28.249,28.241,28.23,28.22,28.209,28.197,28.184,28.174,28.165,28.157,28.147,28.136,28.128,28.119,28.111,28.105,28.098,28.09,28.084,28.08,28.073,28.067,28.063,28.059,28.054,28.052,28.05,28.048,28.046,28.042,28.038,28.031,28.025,28.023,28.021,28.013,28.004,28,27.994,27.985,27.979,27.977,27.975,27.966,27.956,27.943,27.931,27.922,27.912,27.904,27.895,27.885,27.876,27.868,27.86,27.853,27.847,27.839,27.828,27.82,27.811,27.803,27.799,27.793,27.786,27.782,27.78,27.78,27.778,27.774,27.77,27.765,27.761,27.761,27.763,27.763,27.763,27.765,27.767,27.77,27.772,27.774,27.778,27.778,27.774,27.774,27.776,27.778,27.782,27.784,27.784,27.784,27.786,27.791,27.793,27.795,27.799,27.801,27.799,27.795,27.793,27.793,27.793,27.791,27.788,27.786,27.784,27.782,27.778,27.774,27.772,27.77,27.765,27.763,27.763,27.761,27.759,27.759,27.759,27.761,27.765,27.77,27.774,27.776,27.776,27.776,27.778,27.78,27.782,27.786,27.791,27.795,27.799,27.805,27.811,27.82,27.828,27.832,27.837,27.843,27.851,27.858,27.862,27.866,27.87,27.874,27.881,27.887,27.891,27.897,27.904,27.906,27.906,27.906,27.906,27.91,27.914,27.916,27.92,27.925,27.929,27.931,27.931,27.931,27.933,27.933,27.931,27.931,27.929,27.927,27.927,27.927,27.927,27.929,27.933,27.937,27.941,27.943,27.948,27.952,27.956,27.964,27.973,27.981,27.987,27.994,28.002,28.01,28.019,28.027,28.036,28.042,28.046,28.052,28.059,28.065,28.071,28.077,28.086,28.092,28.1,28.109,28.117,28.128,28.136,28.142,28.147,28.151,28.157,28.163,28.165,28.168,28.172,28.176,28.178,28.176,28.176,28.176,28.174,28.174,28.174,28.174,28.176,28.178,28.176,28.174,28.176,28.18,28.184,28.191,28.195,28.197,28.199,28.201,28.205,28.209,28.218,28.226,28.23,28.232,28.239,28.249,28.258,28.268,28.276,28.283,28.287,28.293,28.304,28.312,28.318,28.32,28.325,28.331,28.337,28.346,28.352,28.356,28.36,28.366,28.373,28.379,28.385,28.39,28.394,28.396,28.398,28.402,28.404,28.406,28.408,28.41,28.41,28.408,28.408,28.408,28.408,28.406,28.402,28.4,28.4,28.402,28.408,28.413,28.413,28.415,28.419,28.423,28.427,28.431,28.44,28.448,28.454,28.463,28.471,28.482,28.49,28.496,28.503,28.509,28.517,28.524,28.53,28.536,28.54,28.545,28.551,28.559,28.57,28.58,28.586,28.588,28.591,28.597,28.605,28.612,28.614,28.614,28.614,28.618,28.62,28.62,28.62,28.616,28.614,28.612,28.612,28.612,28.609,28.609,28.607,28.603,28.601,28.601,28.603,28.605,28.603,28.601,28.601,28.601,28.605,28.612,28.614,28.616,28.619,28.621,28.624,28.626,28.628,28.631,28.633,28.636,28.638,28.64,28.643,28.645,28.648,28.65,28.653,28.655,28.657,28.66,28.662,28.665,28.667,28.669,28.672,28.674,28.677,28.679,28.682,28.684,28.686,28.689,28.691,28.694,28.696,28.698,28.701
486.85,484.34,481.83,479.32,476.8,474.29,471.78,469.26,466.75,464.24,461.72,459.21,456.7,454.19,451.67,449.16,446.65,444.13,441.62,439.11,436.6,434.08,431.57,429.06,426.54,424.03,421.52,419.01,416.49,413.98,411.47,408.95,406.44,403.93,401.41,398.9,396.39,393.88,391.38,388.82,386.21,383.54,380.81,378.06,375.34,372.64,369.95,367.28,364.61,361.86,359.02,356.16,353.24,350.23,347.23,344.2,341.03,337.8,334.6,331.35,328.01,324.64,321.3,317.94,314.49,311.04,307.62,304.17,300.66,297.15,293.68,290.17,286.64,283.07,279.4,275.73,272.19,268.56,264.76,260.93,257.22,253.62,250.04,246.47,242.87,239.35,236.05,232.92,229.85,226.75,223.79,221.08,218.35,215.5,212.71,210.08,207.6,205.03,202.32,199.58,196.82,194.02,191.32,188.75,186.29,183.86,181.43,179.08,176.79,174.56,172.41,170.34,168.33,166.35,164.42,162.55,160.77,159.01,157.22,155.38,153.45,151.52,149.54,147.5,145.57,143.76,141.94,140.16,138.45,136.69,134.91,133.29,131.72,130.08,128.51,127.09,125.66,124.16,122.62,121.17,119.72,118.21,116.76,115.42,114.07,112.65,111.23,109.77,108.32,107.07,105.89,104.64,103.46,102.37,101.23,100.03,98.8,97.627,96.566,95.644,94.75,93.717,92.6,91.539,90.645,89.808,88.858,87.937,87.155,86.429,85.563,84.53,83.58,82.798,82.128,81.514,80.872,80.146,79.364,78.638,77.995,77.325,76.599,75.929,75.342,74.784,74.17,73.527,72.885,72.215,71.545,70.818,70.12,69.478,68.836,68.249,67.607,66.965,66.406,65.764,65.066,64.452,63.893,63.335,62.832,62.413,61.994,61.547,61.1,60.598,60.067,59.565,59.09,58.699,58.28,57.805,57.386,56.94,56.381,55.823,55.348,54.901,54.538,54.231,53.868,53.561,53.309,52.974,52.667,52.5,52.36,52.192,52.053,51.913,51.634,51.243,50.936,50.712,50.461,50.098,49.595,49.093,48.702,48.311,47.864,47.529,47.333,47.138,46.859,46.468,46.105,45.853,45.658,45.518,45.239,44.764,44.373,44.066,43.675,43.2,42.698,42.223,41.776,41.357,40.966,40.575,40.212,39.849,39.514,39.207,38.816,38.453,38.174,37.923,37.783,37.643,37.364,37.057,36.778,36.498,36.191,35.856,35.549,35.325,35.186,35.018,34.823,34.683,34.544,34.46,34.488,34.46,34.376,34.376,34.376,34.32,34.264,34.153,33.957,33.706,33.399,33.091,32.896,32.756,32.505,32.198,31.919,31.639,31.388,31.22,31.109,30.941,30.718,30.494,30.299,30.215,30.159,29.936,29.629,29.349,29.042,28.707,28.372,28.037,27.73,27.367,26.92,26.501,26.054,25.719,25.607,25.468,25.272,25.161,25.105,25.049,25.021,24.993,24.937,24.881,24.826,24.826,24.881,24.853,24.77,24.798,24.881,24.909,24.881,24.798,24.742,24.77,24.77,24.742,24.742,24.714,24.686,24.686,24.658,24.546,24.379,24.239,24.1,23.96,23.82,23.541,23.234,23.038,22.815,22.564,22.34,22.089,21.865,21.726,21.586,21.419,21.251,21,20.637,20.33,20.106,19.911,19.687,19.296,18.794,18.375,18.096,17.872,17.649,17.453,17.258,17.062,16.951,16.895,16.867,16.867,16.867,16.867,16.923,17.062,17.258,17.453,17.593,17.76,17.9,17.9,17.872,17.9,17.928,17.928,17.9,17.788,17.677,17.621,17.593,17.593,17.481,17.286,17.202,17.146,17.006,16.867,16.755,16.616,16.42,16.225,16.057,15.889,15.666,15.387,15.135,14.856,14.521,14.186,13.879,13.628,13.376,13.097,12.762,12.371,12.092,11.896,11.645,11.421,11.282,11.142,11.003,10.863,10.695,10.584,10.221,9.5225,9.1595,9.2153,9.2712,9.2712,9.2433,9.2433,9.4108,9.6621,9.8018,9.8297,9.8576,9.9135,9.9135,9.8297,9.6901,9.5784,9.5504,9.4946,9.3829,9.2712,9.1595,8.9919,8.6848,8.2938,7.9866,7.7632,7.456,7.093,6.8138,6.5904,6.339,6.0319,5.6688,5.3058,4.9986,4.6914,4.3284,3.9095,3.4907,3.1556,2.7925,2.2899,1.871,1.6197,1.3683,1.0891,0.80983,0.55851,0.27925,-0.055851,-0.30718,-0.41888,-0.47473,-0.53058,-0.55851,-0.53058,-0.47473,-0.4468,-0.41888,-0.3351,-0.25133,-0.19548,-0.16755,-0.13963,-0.055851,0.027925,-6.049e-11,-0.19548,-0.39095,-0.50265,-0.61436,-0.69813,-0.78191,-0.27925,0.86568,1.3683,1.1449,0.89361,0.69813,0.53058,0.27925,-0.083776,-0.41888,-0.64228,-0.80983,-1.0891,-1.508,-1.8989,-2.2061,-2.4574,-2.7646,-3.2114,-3.6582,-4.0212,-4.3843,-4.8031,-5.1941,-5.4175,-5.5013,-5.6409,-5.8922,-6.1156,-6.2553,-6.3949,-6.5624,-6.7021,-6.7858,-6.8138,-6.8138,-6.8138,-6.8138,-6.7579,-6.6462,-6.5624,-6.5345,-6.4787,-6.3111,-6.1994,-6.1994,-6.2273,-6.3111,-6.3949,-6.4228,-6.339,-6.1715,-6.1156,-6.2273,-6.339,-6.3949,-6.4787,-6.6462,-6.8975,-7.1209,-7.3164,-7.5957,-7.9029,-8.1542,-8.3217,-8.4893,-8.7685,-9.1036,-9.355,-9.4387,-9.5504,-9.7459,-9.8855,-10.081,-10.388,-11.003,-11.896,-12.455,-12.622,-12.706,-12.79,-12.901,-12.929,-12.901,-12.929,-13.013,-13.097,-13.013,-12.762,-12.538,-12.343,-12.092,-11.812,-11.477,-11.114,-10.835,-10.584,-10.276,-9.9693,-9.7459,-9.6063,-9.4667,-9.2712,-9.0478,-8.8523,-8.6568,-8.4334,-8.2659,-8.1542,-8.0425,-7.8749,-7.6794,-7.5398,-7.456,-7.456,-7.5119,-7.5119,-7.456,-7.4002,-7.2885,-7.2047,-7.1768,-7.093,-6.9813,-6.8975,-6.8975,-6.9534,-6.9534,-6.8417,-6.7858,-6.8417,-6.8417,-6.73,-6.5066,-6.2832,-6.0877,-5.8643,-5.6409,-5.3896,-5.1662,-4.9986,-4.8031,-4.5239,-4.1888,-3.8816,-3.5186,-3.0997,-2.7925,-2.4574,-1.9548,-1.4521,-0.97738,-0.53058,-0.13963,0.25133,0.58643,0.86568,1.117,1.3683,1.6476,1.9268,2.1502,2.2619,2.3178,2.4295,2.5691,2.625,2.6808,2.7367,2.7088,2.7088,2.7925,2.9042,3.0439,3.1835,3.2393,3.2393,3.2393,3.2673,3.3231,3.3231,3.2673,3.2673,3.3231,3.351,3.2393,3.0718,3.0718,3.1835,3.379,3.6303,3.8258,4.0212,4.1888,4.2446,4.3005,4.4401,4.6356,4.8869,5.1662,5.3896,5.5571,5.7526,5.9481,6.1994,6.5066,6.73,6.8696,6.9813,7.1489,7.3164,7.456,7.6236,7.7632,7.9308,8.1542,8.3776,8.5451,8.601,8.601,8.601,8.5731,8.5731,8.5731,8.4614,8.3217,8.1821,8.1263,8.1263,8.0146,7.9308,7.9029,7.8191,7.7353,7.7074,7.7353,7.8191,7.9029,7.9587,7.9587,7.9029,7.9029,7.9587,8.0425,8.1542,8.21,8.21,8.238,8.21,8.1263,8.1821,8.3497,8.5172,8.6568,8.7685,8.9082,9.0757,9.2153,9.327,9.4667,9.718,10.053,10.249,10.304,10.332,10.332,10.332,10.332,10.388,10.528,10.695,10.807,10.807,10.695,10.528,10.472,10.528,10.556,10.528,10.388,10.221,10.221,10.332,10.332,10.165,9.9693,9.8297,9.7459,9.6901,9.6063,9.4667,9.2712,9.1036,9.0757,9.1316,9.1316,9.1316,9.1874,9.2153,9.2433,9.327,9.4387,9.4667,9.4667,9.5504,9.6063,9.6621,9.8297,10.025,10.137,10.137,10.081,10.053,10.081,10.193,10.36,10.472,10.472,10.444,10.5,10.612,10.667,10.667,10.751,10.919,11.003,11.003,11.003,11.003,11.003,10.975,10.891,10.779,10.695,10.667,10.612,10.444,10.276,10.137,9.9972,9.9414,9.9414,9.9135,9.8018,9.6063,9.3829,9.2153,9.1595,9.2153,9.2991,9.2712,9.1874,9.1036,9.0199,9.0478,9.1316,9.0478,8.7965,8.6848,8.7965,8.9361,9.0199,9.0478,9.0757,9.1036,9.1036,9.1874,9.327,9.327,9.2153,9.1316,9.0199,8.8802,8.8244,8.8244,9.2712,10.165,10.612,10.528,10.36,10.276,10.193,9.9972,9.8018,9.6342,9.4946,9.3829,9.2991,9.2153,9.0199,8.7127,8.4055,8.1821,7.9587,7.6515,7.4002,7.2326,7.0372,6.7579,6.4228,6.1436,5.8922,5.6409,5.4175,5.1662,4.9707,4.9148,4.8869,4.7752,4.5518,4.3284,4.1888,4.105,4.105,4.0771,3.9375,3.7978,3.6582,3.4907,3.379,3.379,3.4069,3.2952,3.0159,2.7925,2.7088,2.5691,2.4295,2.3736,2.2619,2.0944,1.9827,1.9827,1.9268,1.7034,1.48,1.3125,1.0891,0.75398,0.4468,0.27925,0.083776,-0.2234,-0.50265,-0.72606,-0.97738,-1.2008,-1.3963,-1.6755,-1.9827,-3.2393,-5.5013,-6.8138,-7.0651,-7.2047,-7.4002,-7.6236,-7.7632,-7.9308,-8.1263,-8.2938,-8.4614,-8.6289,-8.8523,-9.0757,-9.1595,-9.1316,-9.1316,-9.1595,-9.1595,-9.2433,-9.355,-9.4667,-9.5784,-9.6063,-9.6342,-9.6342,-9.6901,-9.8576,-9.9414,-10.025,-10.221,-10.416,-10.584,-10.695,-10.751,-10.835,-11.003,-11.226,-11.394,-11.533,-11.757,-12.008,-12.147,-12.231,-12.455,-12.818,-13.069,-13.125,-13.292,-13.628,-13.879,-14.13,-14.437,-14.633,-14.745,-14.912,-15.163,-15.359,-15.443,-15.554,-15.722,-15.806,-15.778,-15.806,-15.945,-16.085,-16.141,-16.169,-16.225,-16.197,-16.113,-16.057,-15.945,-15.834,-15.303,-14.242,-13.628,-13.544,-13.544,-13.544,-13.46,-13.432,-13.46,-13.404,-13.292,-13.209,-13.209,-13.181,-13.041,-12.957,-12.985,-13.013,-13.013,-13.013,-12.985,-12.957,-12.874,-12.734,-12.65,-12.622,-12.706,-12.734,-12.594,-12.511,-12.511,-12.511,-12.483,-12.371,-12.259,-12.259,-12.259,-12.175,-12.12,-12.092,-11.952,-11.701,-11.421,-11.226,-11.086,-10.835,-10.5,-10.193,-9.9414,-9.6063,-9.1316,-8.6568,-8.21,-7.8191,-7.5677,-7.4002,-7.1209,-6.7579,-6.5066,-6.339,-6.1156,-5.8364,-5.613,-5.4454,-5.222,-4.9148,-4.5797,-4.3005,-4.0212,-3.6861,-3.4348,-3.2673,-3.0997,-2.988,-2.9322,-2.8205,-2.6808,-2.5412,-2.3736,-2.2061,-2.0944,-2.0665,-1.9827,-1.8151,-1.7314,-1.7314,-1.6755,-1.5359,-1.3963,-1.3125,-1.2008,-1.0332,-0.89361,-0.78191,-0.64228,-0.4468,-0.2234,-0.027925,0.1117,0.19548,0.30718,0.55851,0.83776,1.0332,1.2566,1.5917,1.9827,2.3178,2.5412,2.7646,3.0997,3.4627,3.7978,4.1609,4.496,4.7194,4.8869,5.0265,5.1662,5.2779,5.3337,5.4454,5.5292,5.5292,5.5013,5.3896,5.222,5.1382,5.1662,5.222,5.2779,5.3058,5.3617,5.4454,5.5013,5.5292,5.5013,5.5013,5.5851,5.6409,5.5571,5.3896,5.2779,5.1941,5.1103,5.1103,5.1382,5.1103,5.1382,5.3058,5.5013,5.6968,5.8364,5.8922,6.0039,6.1715,6.367,6.5904,6.8138,7.093,7.4002,7.6236,7.8191,8.0704,8.3497,8.5451,8.6568,8.8244,9.0478,9.2433,9.327,9.2991,9.2712,9.355,9.5504,9.6901,9.7459,9.8018,9.8297,9.7738,9.6063,9.3829,9.1874,9.0757,9.0199,8.9082,8.7406,8.5731,8.3776,8.21,8.0983,7.9866,7.9308,7.9029,7.847,7.7353,7.5677,7.5119,7.5677,7.6236,7.6794,7.7353,7.7353,7.6794,7.6794,7.7632,7.8191,7.7632,7.7353,7.7911,7.8749,8.0704,8.3497,8.5731,8.7127,8.9082,9.2433,9.6063,9.9135,10.137,10.249,10.332,10.5,10.64,10.667,10.64,10.528,10.472,10.528,10.556,10.612,10.667,10.612,10.472,10.221,9.9693,9.8855,9.8297,9.6342,9.355,9.1595,9.0199,8.8523,8.6848,8.4893,8.3497,8.3217,8.2659,8.0704,7.8191,7.6794,7.5957,7.5119,7.456,7.4281,7.5119,7.6794,7.847,7.9866,8.0425,8.0425,8.0425,8.0704,8.21,8.4055,8.5451,8.6568,8.7406,8.8523,9.0757,9.4108,9.7459,9.9135,9.9414,9.9693,10.081,10.221,10.304,10.388,10.472,10.444,10.36,10.36,10.388,10.416,10.388,10.165,9.7738,9.355,9.1036,8.9919,8.7685,8.4055,8.0425,7.7353,7.5119,7.3443,7.1489,6.9534,6.7579,6.5624,6.4228,6.2273,5.976,5.7526,5.5013,5.25,5.0545,4.9428,4.9986,5.1103,5.0265,4.8311,4.7473,4.7473,4.7473,4.8031,4.859,4.8869,4.9707,5.0265,5.0545,5.1382,5.3058,5.4734,5.5292,5.5292,5.4734,5.4175,5.4175,5.3337,5.1662,4.9986,4.8311,4.6635,4.5518,4.5239,4.468,4.2446,3.8816,3.5186,3.2114,2.9322,2.625,2.2619,1.7593,1.1729,0.72606,0.4468,0.16755,-0.19548,-0.53058,-0.80983,-1.1449,-1.5359,-1.8431,-2.0385,-2.234,-2.4574,-2.7367,-3.0159,-3.1556,-3.1276,-3.0159,-3.0439,-3.2673,-3.4907,-3.6024,-3.6582,-3.7141,-3.7699,-3.7978,-3.7978,-3.8258,-3.8537,-3.7978,-3.6861,-3.5465,-3.4348,-3.4069,-3.4069,-3.4069,-3.4348,-3.5186,-3.6861,-3.9375,-4.105,-4.1609,-4.2446,-4.3843,-4.5797,-4.8311,-5.1103,-5.4734,-5.9202,-6.2832,-6.5624,-6.8417,-7.2047,-7.6236,-7.9866,-8.3497,-8.6848,-8.964,-9.2712,-9.5784,-9.8576,-10.165,-10.5,-10.779,-11.003,-11.254,-11.533,-11.757,-11.868,-11.924,-12.008,-12.092,-12.147,-12.231,-12.231,-12.092,-12.008,-12.036,-12.036,-11.98,-11.952,-11.896,-11.757,-11.589,-11.449,-11.394,-11.394,-11.421,-11.449,-11.394,-11.31,-11.394,-11.617,-11.729,-11.729,-11.757,-11.812,-11.812,-11.757,-11.812,-12.036,-12.343,-12.65,-12.874,-13.125,-13.432,-13.711,-13.991,-14.214,-14.382,-14.549,-14.661,-14.717,-14.8,-14.912,-15.024,-15.135,-15.247,-15.275,-15.247,-15.247,-15.191,-14.996,-14.689,-14.437,-14.326,-14.27,-14.158,-13.991,-13.767,-13.432,-13.097,-12.846,-12.566,-12.231,-11.896,-11.533,-11.142,-10.751,-10.444,-10.276,-10.081,-9.7738,-9.4667,-9.1595,-8.8523,-8.6289,-8.4614,-8.238,-7.9587,-7.7353,-7.5398,-7.2885,-7.0651,-6.9534,-6.9255,-6.9255,-6.8975,-6.8417,-6.8138,-6.7858,-6.73,-6.6462,-6.5345,-6.5066,-6.5624,-6.5066,-6.339,-6.2553,-6.1994,-6.0319,-5.8643,-5.8085,-5.7805,-5.6409,-5.3617,-4.9707,-4.5239,-4.1329,-3.7978,-3.5186,-3.2952,-3.0159,-2.7088,-2.4295,-2.1223,-1.8151,-1.5359,-1.2287,-0.83776,-0.41888,-2.0085e-11,0.4468,0.78191,1.0332,1.3404,1.6755,1.9548,2.1223,2.2619,2.4574,2.6808,2.9322,3.2114,3.4069,3.5186,3.6582,3.7699,3.7699,3.7141,3.6582,3.6582,3.7141,3.7141,3.742,3.9095,4.0771,4.1329,4.105,4.0212,3.9654,3.9654,3.9375,3.8816,3.7699,3.6303,3.5465,3.4627,3.379,3.4069,3.5744,3.7699,3.9095,3.9933,4.105,4.2726,4.4401,4.6635,4.9428,5.25,5.5571,5.8085,6.0598,6.367,6.6741,6.9255,7.1768,7.4281,7.5957,7.7353,7.8749,7.9587,8.0146,8.0704,8.1821,8.3497,8.5451,8.7406,8.9082,9.1036,9.2712,9.355,9.3829,9.3829,9.3829,9.3829,9.2991,9.1316,9.0478,9.0478,8.9919,8.7965,8.5731,8.4334,8.2938,8.1542,8.0425,7.9029,7.7632,7.6794,7.5398,7.3164,7.2047,7.2606,7.3723,7.5119,7.5957,7.5677,7.5398,7.5119,7.484,7.484,7.5677,7.7632,7.9308,7.9866,8.0704,8.3217,8.601,8.8802,9.1874,9.4108,9.5504,9.6901,9.8855,10.053,10.137,10.137,10.137,10.193,10.249,10.332,10.36,10.276,10.165,10.109,10.109,10.081,10.025,9.9414,9.8297,9.6901,9.5504,9.4946,9.4387,9.327,9.2153,9.1036,8.964,8.7406,8.5172,8.3217,8.0983,7.847,7.5119,7.1768,6.9534,6.8417,6.8417,6.8417,6.73,6.6462,6.6741,6.7021,6.7021,6.73,6.8975,7.1489,7.3443,7.5677,7.8191,8.0704,8.3217,8.4893,8.601,8.7685,9.0199,9.2153,9.2991,9.355,9.355,9.327,9.3829,9.5225,9.718,9.9135,10.025,9.9693,9.8018,9.7459,9.8576,9.9414,9.8297,9.6063,9.355,9.1595,9.0478,8.9361,8.7965,8.5172,8.1821,7.9308,7.7911,7.7074,7.5398,7.3443,7.1209,6.8417,6.6183,6.4787,6.367,6.2553,6.0877,5.8643,5.6968,5.5851,5.5571,5.6409,5.6731,5.6537,5.6622,5.6707,5.6792,5.7156,5.8079,5.9001,5.9645,6.0288,6.1211,6.2692,6.4174,6.5096,6.5461,6.4987,6.4234,6.4319,6.4684,6.4489,6.4016,6.3542,6.3069,6.2037,6.0446,5.9135,5.7824,5.6233,5.4364,5.2494,5.1183,5.0151,4.9119,4.7807,4.6496,4.5464,4.4432,4.3679,4.3348,4.3017,4.2686,4.2354,4.2023,4.1692,4.136,4.1029,4.0698,4.0367,4.0035,3.9704,3.9373,3.9041,3.871,3.8379,3.8047,3.7716,3.7385,3.7054,3.6722,3.6391,3.606,3.5728,3.5397,3.5066,3.4735,3.4403,3.4072,3.3741,3.3409,3.3078,3.2747,3.2416,3.2084,3.1753,3.1422
3.0159e-05,3.0159e-05,3.0159e-05,3.0159e-05,3.0159e-05,3.0159e-05,3.0159e-05,2.9659e-05,3.0159e-05,3.0159e-05,3.0159e-05,3.0159e-05,3.0159e-05,3.0159e-05,3.0159e-05,2.9659e-05,2.9659e-05,2.9659e-05,2.9659e-05,2.9659e-05,2.9659e-05,2.9659e-05,2.9159e-05,2.9159e-05,2.8659e-05,2.8659e-05,2.9159e-05,2.9659e-05,2.9659e-05,3.0659e-05,3.1659e-05,3.2659e-05,3.3659e-05,3.4659e-05,3.6159e-05,3.8159e-05,4.0159e-05,4.2159e-05,4.4159e-05,4.6659e-05,4.8659e-05,5.0159e-05,5.1659e-05,5.2159e-05,5.3159e-05,5.3659e-05,5.4659e-05,5.5159e-05,5.6159e-05,5.7159e-05,5.8659e-05,6.0159e-05,6.2159e-05,6.5159e-05,6.9159e-05,7.2659e-05,7.7159e-05,8.2159e-05,8.8159e-05,9.4159e-05,0.00010066,0.00010816,0.00011366,0.00012166,0.00013016,0.00013916,0.00014916,0.00015966,0.00017116,0.00018216,0.00019316,0.00020516,0.00021566,0.00022616,0.00023566,0.00024566,0.00025416,0.00026366,0.00027266,0.00028216,0.00029216,0.00030266,0.00031266,0.00032416,0.00033666,0.00035066,0.00036416,0.00037916,0.00039466,0.00041216,0.00042966,0.00044866,0.00046966,0.00049116,0.00051416,0.00053766,0.00056016,0.00058516,0.00061016,0.00063516,0.00066016,0.00068616,0.00071166,0.00073616,0.00076366,0.00079066,0.00081866,0.00084666,0.00087466,0.00090316,0.00093166,0.00096216,0.00099266,0.0010252,0.0010597,0.0010937,0.0011317,0.0011707,0.0012102,0.0012502,0.0012912,0.0013332,0.0013767,0.0014212,0.0014672,0.0015152,0.0015642,0.0016142,0.0016642,0.0017147,0.0017652,0.0018177,0.0018692,0.0019222,0.0019757,0.0020297,0.0020837,0.0021367,0.0021892,0.0022422,0.0022947,0.0023477,0.0024017,0.0024557,0.0025092,0.0025632,0.0026182,0.0026737,0.0027302,0.0027892,0.0028512,0.0029142,0.0029787,0.0030442,0.0031107,0.0031792,0.0032472,0.0033172,0.0033882,0.0034607,0.0035327,0.0036052,0.0036787,0.0037517,0.0038247,0.0038962,0.0039677,0.0040392,0.0041092,0.0041782,0.0042452,0.0043132,0.0043807,0.0044477,0.0045147,0.0045817,0.0046482,0.0047142,0.0047802,0.0048472,0.0049162,0.0049857,0.0050577,0.0051312,0.0052052,0.0052807,0.0053557,0.0054317,0.0055097,0.0055877,0.0056662,0.0057447,0.0058222,0.0058992,0.0059747,0.0060497,0.0061252,0.0061997,0.0062732,0.0063442,0.0064142,0.0064822,0.0065487,0.0066162,0.0066842,0.0067517,0.0068202,0.0068867,0.0069532,0.0070197,0.0070847,0.0071492,0.0072157,0.0072822,0.0073482,0.0074147,0.0074802,0.0075447,0.0076107,0.0076767,0.0077412,0.0078062,0.0078702,0.0079337,0.0079952,0.0080537,0.0081112,0.0081682,0.0082242,0.0082792,0.0083332,0.0083872,0.0084397,0.0084892,0.0085377,0.0085837,0.0086302,0.0086767,0.0087222,0.0087667,0.0088107,0.0088537,0.0088967,0.0089387,0.0089802,0.0090222,0.0090632,0.0091032,0.0091427,0.0091822,0.0092202,0.0092582,0.0092957,0.0093317,0.0093657,0.0093987,0.0094292,0.0094582,0.0094857,0.0095122,0.0095392,0.0095647,0.0095892,0.0096127,0.0096357,0.0096577,0.0096792,0.0097007,0.0097212,0.0097412,0.0097602,0.0097792,0.0097972,0.0098147,0.0098322,0.0098487,0.0098647,0.0098797,0.0098947,0.0099082,0.0099222,0.0099347,0.0099447,0.0099532,0.0099627,0.0099707,0.0099787,0.0099857,0.0099912,0.0099952,0.0099977,0.0099982,0.0099987,0.0099997,0.010001,0.010002,0.010003,0.010004,0.010006,0.010007,0.010008,0.010008,0.010009,0.010011,0.010013,0.010015,0.010015,0.010015,0.010015,0.010016,0.010014,0.010013,0.010011,0.010009,0.010007,0.010005,0.010003,0.010002,0.010001,0.01,0.0099987,0.0099977,0.0099967,0.0099952,0.0099937,0.0099927,0.0099922,0.0099897,0.0099862,0.0099822,0.0099767,0.0099707,0.0099647,0.0099572,0.0099477,0.0099372,0.0099252,0.0099132,0.0099002,0.0098857,0.0098722,0.0098577,0.0098422,0.0098252,0.0098077,0.0097907,0.0097732,0.0097552,0.0097372,0.0097202,0.0097007,0.0096802,0.0096582,0.0096337,0.0096087,0.0095822,0.0095527,0.0095227,0.0094902,0.0094567,0.0094217,0.0093847,0.0093457,0.0093062,0.0092657,0.0092247,0.0091842,0.0091417,0.0090987,0.0090562,0.0090132,0.0089702,0.0089252,0.0088802,0.0088352,0.0087892,0.0087427,0.0086952,0.0086462,0.0085942,0.0085417,0.0084867,0.0084297,0.0083712,0.0083107,0.0082487,0.0081842,0.0081187,0.0080502,0.0079812,0.0079092,0.0078372,0.0077647,0.0076932,0.0076222,0.0075512,0.0074792,0.0074047,0.0073302,0.0072572,0.0071832,0.0071092,0.0070337,0.0069592,0.0068842,0.0068082,0.0067302,0.0066517,0.0065727,0.0064917,0.0064087,0.0063247,0.0062427,0.0061617,0.0060782,0.0059927,0.0059062,0.0058182,0.0057297,0.0056402,0.0055487,0.0054582,0.0053717,0.0052872,0.0052012,0.0051157,0.0050297,0.0049432,0.0048542,0.0047662,0.0046812,0.0045992,0.0045167,0.0044347,0.0043532,0.0042727,0.0041912,0.0041082,0.0040232,0.0039392,0.0038557,0.0037722,0.0036877,0.0036042,0.0035222,0.0034367,0.0033507,0.0032637,0.0031787,0.0030972,0.0030167,0.0029367,0.0028587,0.0027832,0.0027067,0.0026307,0.0025572,0.0024857,0.0024157,0.0023462,0.0022767,0.0022092,0.0021427,0.0020782,0.0020117,0.0019462,0.0018812,0.0018152,0.0017502,0.0016862,0.0016242,0.0015637,0.0015037,0.0014447,0.0013877,0.0013282,0.0012687,0.0012097,0.0011522,0.0010972,0.0010462,0.00099666,0.00095016,0.00090566,0.00086016,0.00081316,0.00076766,0.00072466,0.00068566,0.00065016,0.00061766,0.00058716,0.00055716,0.00052666,0.00049616,0.00046716,0.00043866,0.00041316,0.00038916,0.00036616,0.00034266,0.00032016,0.00029766,0.00027716,0.00025666,0.00023716,0.00021716,0.00019816,0.00017916,0.00016166,0.00014566,0.00013316,0.00012116,0.00011066,0.00010116,9.2659e-05,8.5159e-05,7.8659e-05,7.5159e-05,7.1659e-05,7.0159e-05,6.9659e-05,6.9659e-05,6.8659e-05,6.8159e-05,6.7659e-05,6.5159e-05,6.1659e-05,5.7159e-05,5.3159e-05,4.9159e-05,4.4659e-05,4.0159e-05,3.5659e-05,3.0659e-05,2.7159e-05,2.4659e-05,2.4159e-05,2.5659e-05,2.9659e-05,3.5659e-05,4.1659e-05,4.6159e-05,4.7659e-05,5.0659e-05,5.2659e-05,5.2659e-05,5.1659e-05,5.1659e-05,5.1659e-05,5.1659e-05,5.1159e-05,5.1159e-05,5.0659e-05,5.0159e-05,5.0159e-05,5.0159e-05,5.3159e-05,5.9659e-05,6.8159e-05,7.8159e-05,9.0159e-05,0.00010266,0.00011516,0.00013016,0.00014666,0.00016566,0.00018566,0.00020766,0.00023066,0.00025366,0.00027716,0.00030066,0.00032466,0.00034866,0.00037316,0.00039666,0.00042066,0.00044366,0.00046766,0.00049216,0.00051816,0.00054616,0.00057566,0.00060716,0.00063916,0.00067466,0.00071166,0.00075116,0.00079316,0.00083716,0.00088266,0.00092866,0.00097666,0.0010272,0.0010802,0.0011367,0.0011947,0.0012537,0.0013132,0.0013732,0.0014337,0.0014947,0.0015572,0.0016222,0.0016872,0.0017527,0.0018182,0.0018847,0.0019517,0.0020187,0.0020862,0.0021537,0.0022227,0.0022902,0.0023582,0.0024282,0.0024982,0.0025692,0.0026412,0.0027142,0.0027877,0.0028622,0.0029382,0.0030147,0.0030927,0.0031722,0.0032527,0.0033352,0.0034192,0.0035047,0.0035907,0.0036782,0.0037672,0.0038562,0.0039462,0.0040367,0.0041262,0.0042152,0.0043032,0.0043902,0.0044777,0.0045647,0.0046507,0.0047372,0.0048217,0.0049047,0.0049872,0.0050687,0.0051512,0.0052337,0.0053157,0.0053977,0.0054802,0.0055632,0.0056462,0.0057292,0.0058132,0.0058987,0.0059842,0.0060692,0.0061542,0.0062387,0.0063232,0.0064077,0.0064897,0.0065717,0.0066542,0.0067372,0.0068192,0.0068982,0.0069762,0.0070527,0.0071292,0.0072047,0.0072772,0.0073507,0.0074247,0.0074967,0.0075667,0.0076352,0.0077042,0.0077712,0.0078372,0.0079022,0.0079657,0.0080282,0.0080897,0.0081502,0.0082102,0.0082712,0.0083322,0.0083927,0.0084527,0.0085117,0.0085687,0.0086257,0.0086807,0.0087347,0.0087877,0.0088387,0.0088887,0.0089367,0.0089837,0.0090282,0.0090722,0.0091142,0.0091542,0.0091927,0.0092297,0.0092652,0.0093002,0.0093337,0.0093672,0.0094007,0.0094327,0.0094642,0.0094947,0.0095252,0.0095532,0.0095817,0.0096077,0.0096332,0.0096587,0.0096852,0.0097102,0.0097347,0.0097577,0.0097787,0.0097987,0.0098167,0.0098332,0.0098487,0.0098622,0.0098752,0.0098887,0.0099022,0.0099152,0.0099277,0.0099382,0.0099477,0.0099567,0.0099652,0.0099722,0.0099792,0.0099857,0.0099907,0.0099952,0.0099982,0.010001,0.010005,0.010007,0.010008,0.010009,0.010009,0.010009,0.010009,0.010009,0.010009,0.010011,0.010012,0.010013,0.010012,0.010012,0.010012,0.010011,0.010009,0.010007,0.010006,0.010005,0.010004,0.010002,0.010001,0.010001,0.01,0.0099982,0.0099962,0.0099937,0.0099927,0.0099912,0.0099897,0.0099877,0.0099852,0.0099817,0.0099767,0.0099702,0.0099632,0.0099552,0.0099472,0.0099357,0.0099242,0.0099127,0.0099002,0.0098867,0.0098717,0.0098572,0.0098412,0.0098232,0.0098047,0.0097872,0.0097692,0.0097497,0.0097312,0.0097117,0.0096917,0.0096697,0.0096457,0.0096197,0.0095927,0.0095642,0.0095332,0.0095012,0.0094677,0.0094317,0.0093952,0.0093567,0.0093167,0.0092757,0.0092337,0.0091917,0.0091482,0.0091042,0.0090602,0.0090167,0.0089727,0.0089272,0.0088797,0.0088337,0.0087872,0.0087387,0.0086897,0.0086392,0.0085867,0.0085322,0.0084767,0.0084187,0.0083592,0.0082977,0.0082342,0.0081692,0.0081017,0.0080322,0.0079617,0.0078897,0.0078167,0.0077452,0.0076732,0.0076017,0.0075302,0.0074562,0.0073817,0.0073067,0.0072312,0.0071547,0.0070772,0.0069992,0.0069212,0.0068432,0.0067627,0.0066807,0.0065977,0.0065132,0.0064262,0.0063377,0.0062512,0.0061657,0.0060797,0.0059927,0.0059047,0.0058147,0.0057262,0.0056347,0.0055422,0.0054517,0.0053657,0.0052797,0.0051932,0.0051077,0.0050217,0.0049342,0.0048457,0.0047562,0.0046707,0.0045872,0.0045017,0.0044167,0.0043317,0.0042482,0.0041647,0.0040782,0.0039902,0.0039047,0.0038192,0.0037337,0.0036487,0.0035652,0.0034817,0.0033977,0.0033117,0.0032262,0.0031427,0.0030622,0.0029822,0.0029012,0.0028242,0.0027472,0.0026697,0.0025922,0.0025172,0.0024422,0.0023702,0.0022962,0.0022227,0.0021527,0.0020837,0.0020142,0.0019457,0.0018762,0.0018087,0.0017417,0.0016762,0.0016132,0.0015527,0.0014947,0.0014372,0.0013797,0.0013217,0.0012647,0.0012077,0.0011507,0.0010952,0.0010442,0.00099516,0.00094816,0.00090066,0.00085466,0.00080666,0.00075866,0.00071366,0.00067266,0.00063566,0.00060166,0.00056966,0.00053866,0.00050866,0.00047866,0.00045066,0.00042366,0.00039966,0.00037716,0.00035516,0.00033366,0.00031266,0.00029266,0.00027316,0.00025316,0.00023416,0.00021466,0.00019516,0.00017566,0.00015766,0.00014116,0.00012716,0.00011366,0.00010166,9.0159e-05,8.0159e-05,7.2159e-05,6.5659e-05,6.0659e-05,5.7659e-05,5.6659e-05,5.6659e-05,5.6659e-05,5.6659e-05,5.6659e-05,5.6159e-05,5.4659e-05,5.1659e-05,4.9159e-05,4.6159e-05,4.2659e-05,3.9159e-05,3.5159e-05,3.0659e-05,2.6659e-05,2.2659e-05,2.0659e-05,2.1159e-05,2.4159e-05,2.9659e-05,3.5159e-05,3.8159e-05,3.9659e-05,4.2159e-05,4.3659e-05,4.2659e-05,4.1659e-05,4.1659e-05,4.2159e-05,4.2659e-05,4.2659e-05,4.2659e-05,4.2659e-05,4.2659e-05,4.2659e-05,4.3159e-05,4.7159e-05,5.3659e-05,6.2159e-05,7.3659e-05,8.6159e-05,9.8659e-05,0.00011266,0.00012816,0.00014466,0.00016416,0.00018516,0.00020816,0.00023166,0.00025466,0.00027816,0.00030216,0.00032666,0.00035066,0.00037466,0.00039866,0.00042216,0.00044616,0.00047116,0.00049716,0.00052566,0.00055466,0.00058616,0.00061866,0.00065366,0.00069066,0.00073016,0.00077266,0.00081666,0.00086316,0.00091066,0.00095816,0.0010087,0.0010607,0.0011157,0.0011732,0.0012322,0.0012917,0.0013517,0.0014122,0.0014722,0.0015342,0.0015977,0.0016617,0.0017272,0.0017927,0.0018582,0.0019247,0.0019917,0.0020587,0.0021272,0.0021957,0.0022642,0.0023337,0.0024042,0.0024757,0.0025492,0.0026232,0.0026987,0.0027752,0.0028527,0.0029317,0.0030117,0.0030927,0.0031752,0.0032582,0.0033432,0.0034297,0.0035162,0.0036037,0.0036917,0.0037807,0.0038707,0.0039607,0.0040507,0.0041397,0.0042282,0.0043152,0.0044017,0.0044887,0.0045742,0.0046602,0.0047462,0.0048302,0.0049137,0.0049962,0.0050792,0.0051622,0.0052457,0.0053287,0.0054112,0.0054937,0.0055772,0.0056612,0.0057452,0.0058297,0.0059152,0.0060007,0.0060862,0.0061712,0.0062562,0.0063407,0.0064247,0.0065072,0.0065897,0.0066727,0.0067562,0.0068387,0.0069192,0.0069977,0.0070757,0.0071532,0.0072287,0.0073022,0.0073777,0.0074522,0.0075252,0.0075957,0.0076657,0.0077357,0.0078042,0.0078712,0.0079367,0.0080017,0.0080652,0.0081277,0.0081887,0.0082497,0.0083117,0.0083732,0.0084327,0.0084922,0.0085507,0.0086077,0.0086632,0.0087172,0.0087707,0.0088222,0.0088727,0.0089217,0.0089687,0.0090137,0.0090587,0.0091012,0.0091422,0.0091817,0.0092192,0.0092557,0.0092912,0.0093252,0.0093582,0.0093917,0.0094242,0.0094557,0.0094867,0.0095167,0.0095462,0.0095742,0.0096012,0.0096272,0.0096522,0.0096782,0.0097032,0.0097277,0.0097517,0.0097737,0.0097942,0.0098137,0.0098317,0.0098477,0.0098622,0.0098767,0.0098907,0.0099047,0.0099187,0.0099317,0.0099427,0.0099522,0.0099607,0.0099692,0.0099757,0.0099822,0.0099877,0.0099927,0.0099967,0.0099992,0.010002,0.010005,0.010007,0.010009,0.010009,0.01001,0.01001,0.01001,0.01001,0.010011,0.010013,0.010015,0.010016,0.010016,0.010015,0.010015,0.010014,0.010012,0.01001,0.010009,0.010008,0.010006,0.010005,0.010003,0.010002,0.010002,0.010001,0.0099982,0.0099962,0.0099947,0.0099932,0.0099917,0.0099902,0.0099877,0.0099847,0.0099807,0.0099752,0.0099687,0.0099612,0.0099527,0.0099422,0.0099307,0.0099187,0.0099062,0.0098927,0.0098777,0.0098622,0.0098462,0.0098272,0.0098087,0.0097892,0.0097702,0.0097507,0.0097317,0.0097117,0.0096907,0.0096682,0.0096442,0.0096187,0.0095907,0.0095617,0.0095317,0.0094987,0.0094652,0.0094292,0.0093922,0.0093537,0.0093132,0.0092717,0.0092297,0.0091872,0.0091432,0.0090992,0.0090557,0.0090122,0.0089682,0.0089222,0.0088757,0.0088302,0.0087832,0.0087352,0.0086862,0.0086352,0.0085817,0.0085272,0.0084707,0.0084122,0.0083522,0.0082907,0.0082267,0.0081607,0.0080932,0.0080232,0.0079522,0.0078787,0.0078052,0.0077307,0.0076567,0.0075827,0.0075072,0.0074297,0.0073507,0.0072722,0.0071932,0.0071132,0.0070327,0.0069527,0.0068737,0.0067947,0.0067142,0.0066332,0.0065522,0.0064682,0.0063822,0.0062977,0.0062142,0.0061317,0.0060482,0.0059622,0.0058757,0.0057887,0.0057007,0.0056102,0.0055182,0.0054292,0.0053422,0.0052547,0.0051667,0.0050782,0.0049907,0.0049012,0.0048107,0.0047202,0.0046342,0.0045497,0.0044652,0.0043792,0.0042967,0.0042142,0.0041307,0.0040457,0.0039592,0.0038752,0.0037912,0.0037052,0.0036202,0.0035362,0.0034512,0.0033642,0.0032762,0.0031887,0.0031037,0.0030207,0.0029382,0.0028562,0.0027767,0.0026977,0.0026212,0.0025447,0.0024702,0.0023972,0.0023262,0.0022537,0.0021832,0.0021157,0.0020492,0.0019822,0.0019152,0.0018487,0.0017822,0.0017167,0.0016532,0.0015912,0.0015307,0.0014722,0.0014132,0.0013552,0.0012962,0.0012367,0.0011787,0.0011222,0.0010687,0.0010182,0.00097066,0.00092416,0.00087816,0.00083166,0.00078366,0.00073866,0.00069616,0.00065816,0.00062366,0.00059116,0.00055916,0.00052916,0.00049866,0.00046916,0.00044066,0.00041466,0.00039016,0.00036666,0.00034166,0.00031816,0.00029716,0.00027666,0.00025666,0.00023666,0.00021766,0.00019866,0.00017966,0.00016116,0.00014566,0.00013216,0.00012066,0.00011016,9.9159e-05,9.0159e-05,8.1659e-05,7.5659e-05,7.0659e-05,6.6659e-05,6.5159e-05,6.5159e-05,6.5159e-05,6.4659e-05,6.4659e-05,6.3659e-05,6.1659e-05,5.8659e-05,5.5659e-05,5.2159e-05,4.9659e-05,4.7159e-05,4.2659e-05,3.9159e-05,3.5659e-05,3.3159e-05,3.1159e-05,3.1159e-05,3.3659e-05,3.8659e-05,4.4659e-05,4.8659e-05,5.0159e-05,5.2159e-05,5.3159e-05,5.3159e-05,5.1159e-05,5.0659e-05,5.1159e-05,5.2159e-05,5.2659e-05,5.3159e-05,5.3159e-05,5.3159e-05,5.3159e-05,5.3159e-05,5.5159e-05,6.0159e-05,6.8659e-05,7.8659e-05,9.0159e-05,0.00010266,0.00011566,0.00013066,0.00014666,0.00016466,0.00018466,0.00020716,0.00023016,0.00025366,0.00027816,0.00030266,0.00032866,0.00035366,0.00037966,0.00040466,0.00042966,0.00045366,0.00047966,0.00050716,0.00053516,0.00056416,0.00059466,0.00062616,0.00065916,0.00069416,0.00073216,0.00077216,0.00081416,0.00085816,0.00090366,0.00095016,0.00099816,0.0010492,0.0011027,0.0011597,0.0012177,0.0012777,0.0013392,0.0014007,0.0014627,0.0015272,0.0015927,0.0016597,0.0017272,0.0017952,0.0018642,0.0019332,0.0020032,0.0020732,0.0021432,0.0022137,0.0022842,0.0023542,0.0024257,0.0024972,0.0025702,0.0026437,0.0027177,0.0027927,0.0028697,0.0029467,0.0030247,0.0031042,0.0031857,0.0032682,0.0033522,0.0034377,0.0035247,0.0036127,0.0037017,0.0037922,0.0038827,0.0039742,0.0040662,0.0041567,0.0042472,0.0043357,0.0044242,0.0045117,0.0045982,0.0046852,0.0047717,0.0048557,0.0049397,0.0050227,0.0051057,0.0051882,0.0052707,0.0053527,0.0054337,0.0055157,0.0055982,0.0056817,0.0057652,0.0058507,0.0059362,0.0060222,0.0061087,0.0061942,0.0062807,0.0063667,0.0064522,0.0065362,0.0066207,0.0067067,0.0067922,0.0068757,0.0069577,0.0070377,0.0071172,0.0071947,0.0072707,0.0073447,0.0074197,0.0074937,0.0075647,0.0076342,0.0077027,0.0077712,0.0078377,0.0079027,0.0079667,0.0080292,0.0080902,0.0081507,0.0082107,0.0082702,0.0083307,0.0083917,0.0084512,0.0085102,0.0085682,0.0086252,0.0086807,0.0087362,0.0087897,0.0088412,0.0088922,0.0089417,0.0089897,0.0090352,0.0090802,0.0091237,0.0091642,0.0092037,0.0092407,0.0092762,0.0093117,0.0093452,0.0093782,0.0094112,0.0094427,0.0094747,0.0095057,0.0095357,0.0095647,0.0095932,0.0096192,0.0096452,0.0096712,0.0096972,0.0097227,0.0097482,0.0097717,0.0097942,0.0098152,0.0098337,0.0098502,0.0098657,0.0098797,0.0098932,0.0099067,0.0099192,0.0099322,0.0099447,0.0099547,0.0099637,0.0099722,0.0099787,0.0099852,0.0099907,0.0099952,0.0099992,0.010002,0.010006,0.010009,0.010013,0.010015,0.010017,0.010018,0.010018,0.010019,0.010019,0.010019,0.01002,0.010021,0.010022,0.010022,0.010021,0.010021,0.01002,0.010019,0.010016,0.010013,0.010013,0.010011,0.010009,0.010008,0.010007,0.010006,0.010006,0.010003,0.010001,0.0099987,0.0099967,0.0099952,0.0099927,0.0099902,0.0099872,0.0099837,0.0099782,0.0099722,0.0099647,0.0099562,0.0099457,0.0099342,0.0099212,0.0099082,0.0098942,0.0098792,0.0098642,0.0098487,0.0098307,0.0098122,0.0097922,0.0097732,0.0097532,0.0097337,0.0097137,0.0096927,0.0096707,0.0096472,0.0096222,0.0095957,0.0095677,0.0095377,0.0095062,0.0094732,0.0094377,0.0094012,0.0093632,0.0093237,0.0092827,0.0092402,0.0091977,0.0091532,0.0091077,0.0090617,0.0090167,0.0089707,0.0089227,0.0088752,0.0088282,0.0087802,0.0087317,0.0086817,0.0086307,0.0085767,0.0085217,0.0084657,0.0084077,0.0083477,0.0082857,0.0082217,0.0081562,0.0080892,0.0080197,0.0079487,0.0078757,0.0078027,0.0077287,0.0076542,0.0075792,0.0075037,0.0074267,0.0073492,0.0072717,0.0071942,0.0071162,0.0070362,0.0069577,0.0068792,0.0067997,0.0067197,0.0066397,0.0065597,0.0064772,0.0063932,0.0063077,0.0062237,0.0061402,0.0060542,0.0059667,0.0058777,0.0057887,0.0056987,0.0056077,0.0055147,0.0054222,0.0053337,0.0052447,0.0051542,0.0050642,0.0049747,0.0048832,0.0047932,0.0047032,0.0046152,0.0045292,0.0044442,0.0043587,0.0042752,0.0041927,0.0041082,0.0040237,0.0039387,0.0038542,0.0037697,0.0036842,0.0035997,0.0035167,0.0034317,0.0033452,0.0032577,0.0031722,0.0030882,0.0030057,0.0029222,0.0028407,0.0027607,0.0026817,0.0026042,0.0025272,0.0024522,0.0023797,0.0023082,0.0022362,0.0021667,0.0021002,0.0020347,0.0019697,0.0019032,0.0018382,0.0017737,0.0017097,0.0016472,0.0015862,0.0015272,0.0014692,0.0014112,0.0013522,0.0012922,0.0012322,0.0011727,0.0011137,0.0010597,0.0010067,0.00095666,0.00090816,0.00086016,0.00081066,0.00076166,0.00071716,0.00067466,0.00063666,0.00060266,0.00057216,0.00054216,0.00051316,0.00048566,0.00045916,0.00043466,0.00041116,0.00038866,0.00036566,0.00034366,0.00032166,0.00030166,0.00028166,0.00026166,0.00024066,0.00022016,0.00019866,0.00017766,0.00015816,0.00014116,0.00012666,0.00011366,0.00010216,9.2159e-05,8.2159e-05,7.5659e-05,7.0159e-05,6.6159e-05,6.4159e-05,6.4159e-05,6.5659e-05,6.6659e-05,6.7659e-05,6.8659e-05
3.2743e-05,3.2743e-05,3.2743e-05,3.2735e-05,3.2726e-05,3.2701e-05,3.2675e-05,3.2619e-05,3.2482e-05,3.2346e-05,3.2186e-05,3.1981e-05,3.1754e-05,3.1478e-05,3.1177e-05,3.085e-05,3.0527e-05,3.0227e-05,2.9918e-05,2.9703e-05,2.9475e-05,2.9312e-05,2.9159e-05,2.908e-05,2.9019e-05,2.9121e-05,2.9259e-05,2.9729e-05,3.0359e-05,3.135e-05,3.2823e-05,3.4594e-05,3.7103e-05,4.0033e-05,4.3423e-05,4.6956e-05,5.0152e-05,5.2575e-05,5.4197e-05,5.4822e-05,5.4638e-05,5.4033e-05,5.3495e-05,5.3215e-05,5.3231e-05,5.3454e-05,5.3795e-05,5.4354e-05,5.5485e-05,5.7748e-05,6.154e-05,6.6615e-05,7.2431e-05,7.8013e-05,8.2607e-05,8.6358e-05,8.9725e-05,9.333e-05,9.7304e-05,0.0001017,0.00010589,0.00011038,0.00011576,0.00012358,0.00013428,0.0001472,0.00016123,0.00017475,0.00018608,0.00019347,0.00019794,0.00020132,0.00020547,0.00021216,0.00022159,0.00023318,0.00024588,0.00025922,0.000274,0.00028988,0.00030629,0.00032048,0.00033181,0.00034058,0.00034989,0.00036155,0.00037589,0.00039139,0.00040748,0.00042508,0.00044464,0.00046677,0.00049121,0.00051566,0.0005371,0.00055584,0.00057338,0.0005918,0.00061154,0.00063215,0.00065492,0.00068093,0.00071103,0.00074242,0.00077283,0.00079966,0.00082545,0.00085143,0.00087961,0.00090909,0.0009404,0.00097399,0.0010104,0.0010497,0.0010914,0.0011334,0.0011723,0.0012042,0.001232,0.0012622,0.0013026,0.0013508,0.0014009,0.0014472,0.0014917,0.0015402,0.0015912,0.0016393,0.0016801,0.0017207,0.0017678,0.0018206,0.0018755,0.0019308,0.0019842,0.0020326,0.0020762,0.002119,0.0021697,0.0022277,0.0022889,0.002348,0.0024063,0.0024642,0.0025194,0.0025737,0.002632,0.0026965,0.0027609,0.0028203,0.0028806,0.0029478,0.0030132,0.0030738,0.0031354,0.0032034,0.0032779,0.0033501,0.0034163,0.0034752,0.0035321,0.0035962,0.0036661,0.0037396,0.0038151,0.0038873,0.0039573,0.0040241,0.0040882,0.0041476,0.004206,0.0042769,0.0043604,0.0044455,0.0045202,0.0045858,0.0046512,0.0047212,0.0047942,0.0048694,0.0049464,0.0050224,0.0050959,0.0051662,0.0052374,0.0053051,0.0053682,0.0054343,0.005516,0.005606,0.0056772,0.0057319,0.0057967,0.0058824,0.0059727,0.0060451,0.0061068,0.0061701,0.0062376,0.0063084,0.0063773,0.0064442,0.0065126,0.0065908,0.0066819,0.0067693,0.006831,0.0068728,0.0069256,0.007002,0.007086,0.0071563,0.0072154,0.0072757,0.0073456,0.0074182,0.0074825,0.0075468,0.0076124,0.007672,0.0077236,0.0077802,0.0078454,0.0079096,0.0079637,0.0080126,0.0080684,0.0081326,0.0081942,0.0082539,0.0083173,0.008375,0.008414,0.0084492,0.0085006,0.008562,0.0086163,0.0086625,0.0087049,0.0087447,0.0087866,0.0088379,0.0088935,0.0089403,0.008976,0.0090122,0.009051,0.0090846,0.009122,0.009168,0.0092047,0.0092326,0.0092689,0.0093068,0.0093361,0.0093667,0.0094,0.0094278,0.0094577,0.0094956,0.0095281,0.0095495,0.0095664,0.0095858,0.009613,0.0096473,0.0096784,0.0096953,0.0097027,0.009716,0.0097409,0.0097706,0.0097957,0.0098078,0.0098109,0.0098171,0.0098376,0.0098686,0.0098932,0.0099015,0.0099024,0.0099041,0.0099101,0.0099282,0.0099537,0.009965,0.0099625,0.0099607,0.009961,0.0099651,0.0099739,0.0099814,0.0099854,0.0099895,0.0099934,0.0099959,0.010001,0.010005,0.010005,0.010004,0.010004,0.010005,0.010008,0.010011,0.01001,0.010006,0.010002,0.010003,0.010005,0.010007,0.010004,0.0099979,0.0099945,0.0099969,0.0099991,0.0099985,0.0099961,0.0099933,0.0099931,0.0099947,0.009995,0.0099918,0.009986,0.0099818,0.0099828,0.0099843,0.0099819,0.009973,0.0099578,0.0099489,0.0099506,0.0099523,0.0099483,0.0099339,0.0099084,0.0098935,0.0098987,0.0099008,0.0098865,0.0098654,0.0098501,0.0098416,0.0098318,0.0098144,0.0097927,0.0097774,0.0097672,0.0097537,0.0097351,0.0097102,0.0096797,0.0096495,0.0096268,0.0096103,0.0095869,0.0095486,0.0095103,0.0094829,0.0094582,0.0094275,0.0093925,0.0093567,0.0093226,0.0092907,0.0092576,0.0092212,0.0091794,0.0091303,0.0090849,0.0090545,0.0090214,0.0089654,0.0089015,0.0088604,0.0088345,0.0087909,0.0087303,0.0086709,0.0086091,0.0085474,0.0085044,0.0084696,0.0084111,0.0083289,0.0082556,0.0082075,0.0081639,0.0081024,0.0080222,0.0079442,0.0078879,0.0078405,0.0077827,0.0077078,0.007625,0.0075455,0.007468,0.0073938,0.0073335,0.0072797,0.0072031,0.0071009,0.0070059,0.006947,0.0069035,0.0068313,0.0067223,0.0066158,0.0065415,0.0064794,0.0064075,0.0063235,0.0062382,0.0061548,0.0060685,0.0059781,0.0058868,0.0058072,0.0057343,0.005642,0.005537,0.0054563,0.0054044,0.0053395,0.0052336,0.005115,0.0050165,0.0049459,0.0048839,0.0048034,0.0047038,0.0046028,0.0045168,0.0044421,0.0043664,0.0042897,0.0042098,0.004116,0.0040136,0.0039236,0.0038546,0.0037866,0.0037002,0.0036005,0.0035062,0.0034281,0.0033578,0.0032834,0.0032069,0.0031353,0.0030568,0.002964,0.0028705,0.0027988,0.0027418,0.0026779,0.0025963,0.0025053,0.0024249,0.0023595,0.0022958,0.0022263,0.0021593,0.0020946,0.0020227,0.001946,0.0018753,0.0018162,0.0017651,0.0017105,0.0016455,0.0015747,0.0015144,0.0014671,0.0014134,0.0013393,0.0012667,0.0012157,0.0011775,0.0011344,0.001085,0.0010326,0.00097922,0.00092611,0.0008714,0.0008235,0.00079331,0.00076866,0.00072957,0.00068278,0.00064207,0.00060262,0.00056317,0.0005349,0.00051887,0.00049849,0.00046272,0.00042451,0.00039577,0.00036741,0.00033835,0.00032345,0.0003194,0.00030549,0.00027482,0.00024169,0.00021879,0.0002015,0.00018529,0.0001776,0.00017489,0.00016228,0.00014218,0.00012713,0.00011834,0.00011196,0.00010925,0.00010804,0.00010065,8.4463e-05,7.3841e-05,7.3459e-05,7.1045e-05,6.5554e-05,6.1344e-05,5.4422e-05,4.3935e-05,3.3708e-05,3.1536e-05,3.3005e-05,3.3644e-05,3.3632e-05,3.366e-05,3.0132e-05,2.6633e-05,3.0519e-05,3.3407e-05,3.6966e-05,4.3772e-05,4.9443e-05,5.2522e-05,4.9253e-05,3.9007e-05,3.1457e-05,3.2376e-05,3.2528e-05,3.0427e-05,2.9235e-05,2.9224e-05,3.1928e-05,3.926e-05,4.9224e-05,5.4646e-05,5.3931e-05,5.3186e-05,5.3827e-05,5.6396e-05,6.5346e-05,7.7896e-05,8.675e-05,9.3946e-05,0.00010239,0.000111,0.00012423,0.00014632,0.0001725,0.00019156,0.00019977,0.00020741,0.00022244,0.00024361,0.00026684,0.00029355,0.00031903,0.00033661,0.00035137,0.00037202,0.00039688,0.00042409,0.00045645,0.00049475,0.00053116,0.00056047,0.00058825,0.00061807,0.00065041,0.00068943,0.0007356,0.00077981,0.00081797,0.0008554,0.00089708,0.00094145,0.0009913,0.0010451,0.0011042,0.0011616,0.0012074,0.0012462,0.0012962,0.0013631,0.0014287,0.001489,0.0015547,0.0016214,0.0016777,0.0017325,0.0017981,0.0018697,0.0019419,0.0020095,0.0020687,0.0021242,0.002191,0.0022686,0.0023446,0.0024181,0.0024902,0.002558,0.0026293,0.0027104,0.0027883,0.0028626,0.002944,0.0030249,0.0031002,0.0031807,0.0032706,0.00336,0.0034389,0.0035093,0.0035841,0.0036691,0.0037595,0.0038513,0.0039375,0.0040186,0.0040967,0.0041675,0.0042432,0.0043389,0.0044432,0.0045312,0.0046097,0.0046895,0.0047752,0.0048642,0.0049558,0.0050452,0.0051292,0.0052128,0.0052945,0.005369,0.0054473,0.0055475,0.0056462,0.0057151,0.0057851,0.0058824,0.0059836,0.0060634,0.0061324,0.0062078,0.0062873,0.0063658,0.0064416,0.0065201,0.0066112,0.0067154,0.0068035,0.0068574,0.0069089,0.0069909,0.007085,0.0071626,0.0072281,0.0072994,0.0073798,0.0074565,0.0075267,0.0076,0.007667,0.0077256,0.0077887,0.0078627,0.0079309,0.0079867,0.008045,0.0081137,0.0081844,0.0082507,0.0083221,0.008383,0.0084236,0.0084685,0.0085329,0.0085973,0.0086506,0.0086981,0.0087418,0.0087878,0.0088442,0.0089042,0.0089518,0.0089894,0.0090314,0.0090712,0.0091094,0.0091578,0.0092004,0.0092313,0.0092714,0.0093114,0.0093427,0.0093768,0.009411,0.0094403,0.0094772,0.009516,0.0095431,0.0095619,0.0095811,0.0096087,0.0096447,0.0096781,0.0096959,0.0097036,0.0097197,0.0097477,0.0097791,0.0098015,0.0098095,0.0098129,0.0098272,0.009857,0.0098873,0.0099008,0.0099022,0.0099038,0.0099093,0.0099279,0.0099551,0.0099653,0.0099619,0.0099606,0.0099618,0.0099682,0.0099778,0.0099836,0.0099877,0.0099922,0.0099951,0.0099993,0.010005,0.010005,0.010004,0.010004,0.010005,0.010009,0.010011,0.01001,0.010005,0.010002,0.010003,0.010006,0.010006,0.010001,0.0099952,0.0099955,0.0099986,0.0099989,0.0099968,0.0099937,0.0099928,0.0099945,0.0099951,0.0099921,0.0099862,0.0099818,0.0099829,0.0099843,0.0099815,0.0099713,0.0099556,0.0099489,0.0099513,0.0099518,0.0099457,0.0099256,0.0098999,0.0098943,0.0099015,0.0098953,0.0098746,0.0098552,0.0098444,0.0098357,0.0098203,0.0097978,0.0097799,0.0097686,0.0097554,0.0097364,0.0097112,0.0096789,0.0096475,0.0096246,0.0096077,0.0095803,0.0095395,0.0095018,0.0094757,0.0094482,0.0094145,0.009378,0.0093412,0.0093071,0.0092741,0.0092383,0.0091987,0.0091509,0.0091001,0.0090642,0.0090348,0.0089855,0.0089188,0.0088688,0.0088412,0.0088024,0.0087416,0.0086803,0.0086185,0.0085545,0.0085081,0.0084735,0.0084162,0.0083327,0.0082584,0.0082089,0.0081645,0.0081016,0.0080193,0.0079412,0.0078842,0.0078359,0.007775,0.0076967,0.007611,0.0075303,0.0074512,0.0073774,0.0073189,0.0072592,0.0071689,0.0070617,0.0069767,0.0069288,0.006875,0.006779,0.0066615,0.0065704,0.0065044,0.0064358,0.0063528,0.0062652,0.0061788,0.0060924,0.0060004,0.0059058,0.0058215,0.0057474,0.0056576,0.0055495,0.0054623,0.0054082,0.0053445,0.005239,0.0051176,0.0050165,0.0049445,0.0048815,0.0047991,0.0046955,0.0045941,0.0045098,0.0044337,0.0043579,0.0042802,0.0041971,0.0040998,0.0039971,0.0039106,0.0038436,0.0037713,0.0036793,0.003578,0.0034852,0.0034098,0.0033379,0.0032607,0.0031846,0.0031103,0.0030254,0.0029277,0.0028389,0.0027742,0.0027153,0.0026411,0.0025511,0.0024612,0.002388,0.0023234,0.0022543,0.0021838,0.002117,0.0020464,0.0019684,0.0018942,0.0018304,0.0017765,0.0017222,0.0016585,0.0015862,0.001522,0.0014728,0.0014195,0.0013463,0.0012708,0.0012176,0.0011788,0.0011355,0.0010856,0.0010326,0.00097803,0.00092368,0.00086844,0.00082129,0.00079144,0.00076606,0.00072534,0.00067839,0.00063821,0.00059809,0.00055905,0.00053246,0.00051713,0.00049432,0.00045635,0.00041905,0.0003911,0.0003619,0.00033408,0.0003223,0.00031799,0.00029904,0.00026572,0.000234,0.00021358,0.00019624,0.00018156,0.00017704,0.00017184,0.00015426,0.00013482,0.00012268,0.00011496,0.00011014,0.00010884,0.00010525,9.1806e-05,7.6715e-05,7.3112e-05,7.2685e-05,6.7498e-05,6.2789e-05,5.7559e-05,4.3789e-05,3.3443e-05,3.1596e-05,3.3076e-05,3.3653e-05,3.3627e-05,3.3569e-05,2.9253e-05,2.6888e-05,3.0854e-05,3.3895e-05,3.8168e-05,4.4877e-05,5.0354e-05,5.234e-05,4.7547e-05,3.6723e-05,3.1037e-05,3.266e-05,3.2095e-05,3.0047e-05,2.9111e-05,2.9566e-05,3.3207e-05,4.1691e-05,5.1419e-05,5.4789e-05,5.357e-05,5.3281e-05,5.4174e-05,5.8469e-05,6.9542e-05,8.1523e-05,8.9257e-05,9.7012e-05,0.0001057,0.00011539,0.00013297,0.0001585,0.00018295,0.00019644,0.00020301,0.00021446,0.00023366,0.00025652,0.00028225,0.00030971,0.00033065,0.0003453,0.00036433,0.00038881,0.00041545,0.00044647,0.00048413,0.00052231,0.00055362,0.00058147,0.0006112,0.00064325,0.00068093,0.00072616,0.00077189,0.00081095,0.00084883,0.00088989,0.00093414,0.00098323,0.001037,0.0010961,0.0011545,0.0012024,0.0012413,0.0012891,0.0013538,0.001421,0.0014815,0.0015463,0.0016144,0.0016724,0.0017273,0.0017918,0.001864,0.0019372,0.0020059,0.0020656,0.0021216,0.0021892,0.0022686,0.0023446,0.0024198,0.0024934,0.0025627,0.0026365,0.0027188,0.0027967,0.0028732,0.0029573,0.0030379,0.0031141,0.0031974,0.0032903,0.003379,0.0034559,0.0035272,0.0036064,0.0036943,0.0037868,0.0038783,0.0039629,0.0040451,0.0041217,0.0041928,0.0042759,0.0043783,0.0044779,0.0045611,0.0046394,0.0047221,0.0048102,0.0049004,0.0049919,0.0050794,0.0051634,0.0052469,0.0053251,0.0053986,0.0054849,0.0055888,0.0056755,0.00574,0.0058211,0.0059248,0.0060187,0.0060926,0.006164,0.0062422,0.0063229,0.0064009,0.0064773,0.0065606,0.0066612,0.0067631,0.0068341,0.006881,0.0069486,0.0070425,0.0071307,0.0072006,0.007269,0.0073485,0.0074294,0.007502,0.0075757,0.0076469,0.0077073,0.0077686,0.0078411,0.0079135,0.0079724,0.0080292,0.0080964,0.008168,0.0082352,0.008306,0.0083721,0.0084161,0.008458,0.008519,0.0085852,0.0086409,0.0086897,0.0087344,0.0087796,0.0088339,0.0088954,0.0089454,0.0089834,0.0090245,0.0090654,0.0091024,0.0091492,0.0091942,0.0092261,0.0092636,0.0093052,0.0093371,0.0093701,0.0094055,0.0094348,0.0094702,0.0095106,0.0095397,0.0095591,0.009578,0.0096042,0.0096399,0.0096749,0.0096948,0.0097029,0.009718,0.0097462,0.0097781,0.0098011,0.0098095,0.0098129,0.0098275,0.0098578,0.0098879,0.009901,0.0099023,0.009904,0.0099101,0.0099301,0.009957,0.0099652,0.0099616,0.0099606,0.0099622,0.0099695,0.0099788,0.0099842,0.0099884,0.0099928,0.0099954,0.01,0.010005,0.010005,0.010004,0.010004,0.010006,0.010009,0.010011,0.010009,0.010004,0.010002,0.010004,0.010007,0.010006,0.01,0.0099949,0.0099961,0.0099988,0.0099988,0.0099964,0.0099934,0.009993,0.0099948,0.0099949,0.0099913,0.0099851,0.0099817,0.0099834,0.0099842,0.00998,0.0099676,0.0099529,0.009949,0.009952,0.0099508,0.009941,0.0099166,0.0098947,0.0098968,0.0099013,0.0098887,0.0098664,0.0098503,0.0098413,0.0098307,0.0098117,0.0097893,0.009775,0.0097638,0.0097481,0.0097267,0.0096981,0.0096653,0.0096365,0.0096175,0.0095979,0.0095633,0.0095213,0.0094896,0.0094646,0.009434,0.0093987,0.0093621,0.0093263,0.0092936,0.0092596,0.0092229,0.0091805,0.0091303,0.0090841,0.0090533,0.0090179,0.0089594,0.0088954,0.0088564,0.0088283,0.0087785,0.0087148,0.0086546,0.0085899,0.0085312,0.0084932,0.0084515,0.0083787,0.0082948,0.0082314,0.0081881,0.0081358,0.0080603,0.0079749,0.0079079,0.0078581,0.0078042,0.0077319,0.007647,0.0075625,0.0074831,0.0074047,0.0073401,0.0072838,0.0072061,0.0070997,0.0070026,0.0069436,0.0068977,0.0068175,0.0067027,0.0065985,0.0065267,0.0064623,0.0063834,0.0062962,0.0062094,0.0061229,0.0060338,0.005939,0.0058501,0.005775,0.0056935,0.0055902,0.0054915,0.0054275,0.0053736,0.0052839,0.0051639,0.0050518,0.0049704,0.0049072,0.0048341,0.0047378,0.004633,0.0045405,0.0044622,0.0043861,0.0043089,0.0042287,0.004136,0.0040316,0.0039356,0.0038633,0.0037948,0.0037087,0.0036062,0.0035091,0.0034289,0.003357,0.0032799,0.0032028,0.0031288,0.0030469,0.0029497,0.0028575,0.0027871,0.0027285,0.0026579,0.0025696,0.0024776,0.0024005,0.0023354,0.0022678,0.0021966,0.0021294,0.0020601,0.001983,0.0019073,0.0018415,0.0017868,0.0017343,0.0016724,0.0016014,0.0015342,0.001483,0.0014336,0.0013653,0.0012884,0.0012285,0.0011888,0.0011477,0.0010987,0.0010463,0.0009918,0.00093747,0.00088222,0.00083099,0.00079731,0.00077285,0.00073618,0.00068864,0.00064679,0.00060666,0.00056621,0.00053645,0.00051981,0.00049933,0.00046318,0.00042415,0.0003949,0.00036572,0.00033669,0.00032297,0.00031877,0.00030196,0.00026889,0.00023646,0.00021473,0.00019722,0.00018215,0.00017713,0.00017244,0.0001552,0.00013537,0.00012321,0.00011524,0.00011029,0.00010887,0.0001057,9.2582e-05,7.7191e-05,7.3103e-05,7.2871e-05,6.7747e-05,6.2965e-05,5.7916e-05,4.7142e-05,3.5475e-05,3.1533e-05,3.2715e-05,3.3622e-05,3.3642e-05,3.3652e-05,3.1387e-05,2.6286e-05,3.0145e-05,3.2999e-05,3.6107e-05,4.315e-05,4.8979e-05,5.2384e-05,4.9822e-05,3.9641e-05,3.1591e-05,3.2299e-05,3.2573e-05,3.0447e-05,2.9228e-05,2.9236e-05,3.2184e-05,3.9923e-05,5.0049e-05,5.485e-05,5.3766e-05,5.3235e-05,5.3989e-05,5.7477e-05,6.8078e-05,8.0353e-05,8.8554e-05,9.6232e-05,0.00010505,0.00011466,0.00013114,0.00015669,0.00018179,0.00019601,0.00020255,0.00021358,0.00023246,0.00025548,0.00028072,0.00030829,0.00032988,0.00034451,0.0003628,0.00038709,0.00041361,0.00044392,0.00048103,0.00051957,0.00055107,0.00057898,0.00060811,0.00063985,0.00067683,0.00072146,0.0007677,0.00080765,0.00084493,0.00088569,0.00092997,0.00097861,0.0010326,0.0010914,0.0011509,0.0012001,0.0012391,0.0012867,0.0013523,0.0014196,0.0014815,0.0015471,0.0016159,0.0016747,0.0017299,0.0017965,0.0018697,0.0019427,0.0020116,0.0020712,0.0021275,0.0021979,0.0022774,0.0023548,0.00243,0.0025037,0.002573,0.0026483,0.0027317,0.0028085,0.0028862,0.0029697,0.00305,0.0031263,0.0032126,0.0033047,0.0033921,0.003468,0.0035389,0.003619,0.0037076,0.0038004,0.0038903,0.0039751,0.0040557,0.0041307,0.0042019,0.0042862,0.0043902,0.0044889,0.0045708,0.0046494,0.0047328,0.0048203,0.0049119,0.0050042,0.005092,0.0051757,0.0052589,0.0053376,0.0054118,0.0055042,0.0056092,0.0056899,0.0057551,0.0058438,0.0059511,0.0060392,0.0061108,0.0061848,0.0062652,0.0063454,0.0064234,0.0065017,0.0065908,0.0066954,0.0067912,0.0068508,0.0069014,0.0069804,0.007077,0.0071587,0.0072259,0.0072976,0.0073798,0.0074565,0.0075284,0.0076025,0.0076699,0.0077289,0.0077935,0.0078685,0.0079363,0.0079922,0.0080514,0.0081219,0.008192,0.0082595,0.0083301,0.0083894,0.0084282,0.0084759,0.0085414,0.0086046,0.0086574,0.0087049,0.0087488,0.0087969,0.0088547,0.0089144,0.0089592,0.0089971,0.0090396,0.0090785,0.0091184,0.0091685,0.0092077,0.00924,0.0092819,0.0093203,0.009351,0.0093872,0.00942,0.0094506,0.0094906,0.0095269,0.00955,0.0095683,0.0095902,0.009622,0.0096598,0.0096879,0.0096995,0.0097093,0.0097325,0.0097641,0.009793,0.0098075,0.009811,0.009819,0.0098434,0.0098769,0.0098981,0.0099021,0.009903,0.0099064,0.0099194,0.0099468,0.0099644,0.0099632,0.0099607,0.009961,0.0099653,0.0099748,0.0099821,0.0099862,0.009991,0.0099943,0.0099976,0.010003,0.010006,0.010004,0.010004,0.010005,0.010008,0.010011,0.010011,0.010006,0.010002,0.010003,0.010006,0.010007,0.010003,0.0099962,0.009995,0.0099982,0.0099991,0.0099973,0.0099942,0.0099928,0.0099943,0.0099952,0.0099925,0.0099867,0.0099818,0.0099828,0.0099843,0.0099815,0.0099712,0.0099554,0.0099489,0.0099515,0.0099517,0.0099445,0.009923,0.009898,0.009895,0.0099019,0.0098927,0.0098714,0.0098529,0.0098431,0.0098338,0.0098166,0.0097939,0.0097777,0.0097668,0.0097523,0.0097325,0.0097058,0.0096733,0.0096426,0.0096216,0.0096037,0.0095733,0.009531,0.009496,0.0094706,0.0094415,0.0094068,0.0093696,0.009333,0.0092995,0.0092656,0.009229,0.0091871,0.0091368,0.0090881,0.009056,0.0090224,0.0089647,0.0088987,0.0088581,0.0088303,0.0087818,0.0087182,0.0086574,0.0085921,0.0085323,0.0084936,0.0084515,0.0083787,0.0082939,0.0082309,0.0081866,0.0081336,0.0080575,0.0079732,0.0079061,0.0078565,0.0078022,0.0077291,0.0076441,0.0075607,0.0074805,0.0074031,0.0073389,0.0072838,0.0072071,0.0071009,0.0070043,0.0069446,0.0068989,0.0068198,0.0067053,0.0066004,0.0065274,0.006463,0.0063844,0.0062962,0.0062094,0.0061229,0.0060328,0.0059379,0.0058492,0.0057734,0.0056902,0.0055853,0.0054868,0.005424,0.0053678,0.0052739,0.0051516,0.0050409,0.0049625,0.0048986,0.0048228,0.0047215,0.0046168,0.0045268,0.0044488,0.0043724,0.0042941,0.0042117,0.004116,0.0040103,0.0039201,0.0038502,0.0037787,0.0036881,0.0035859,0.0034906,0.0034138,0.0033412,0.0032633,0.003187,0.0031128,0.0030274,0.0029299,0.0028405,0.0027755,0.002716,0.0026428,0.0025532,0.002464,0.0023895,0.0023255,0.0022567,0.0021861,0.0021192,0.0020497,0.0019718,0.0018957,0.0018317,0.0017782,0.0017242,0.0016601,0.0015878,0.0015231,0.0014738,0.0014202,0.0013472,0.0012715,0.001218,0.0011788,0.001135,0.0010844,0.0010302,0.00097563,0.00092125,0.00086548,0.00081865,0.00078961,0.00076296,0.00072005,0.00067351,0.00063304,0.00059217,0.00055342,0.00052919,0.00051353,0.00048729,0.0004477,0.00041234,0.00038467,0.0003539,0.00032916,0.00032143,0.00031477,0.00029091,0.0002561,0.00022756,0.00020867,0.0001912,0.00017925,0.00017643,0.00016794,0.0001484,0.0001308,0.00012047,0.00011319,0.0001095,0.00010843,0.00010259,8.6953e-05,7.4449e-05,7.3342e-05,7.1474e-05,6.5911e-05,6.1586e-05,5.4742e-05
-2.5842e-06,-2.5842e-06,-2.5842e-06,-2.5757e-06,-2.5672e-06,-2.5418e-06,-2.5164e-06,-2.96e-06,-2.3234e-06,-2.1868e-06,-2.0274e-06,-1.8224e-06,-1.5947e-06,-1.3194e-06,-1.0179e-06,-1.1912e-06,-8.6811e-07,-5.6807e-07,-2.5874e-07,-4.3778e-08,1.8383e-07,3.4705e-07,0,7.935e-08,-3.6058e-07,-4.6162e-07,-9.9672e-08,-7.042e-08,-7.0054e-07,-6.9086e-07,-1.1645e-06,-1.9348e-06,-3.4441e-06,-5.3746e-06,-7.264e-06,-8.7973e-06,-9.9932e-06,-1.0417e-05,-1.0038e-05,-8.1631e-06,-5.9793e-06,-3.8741e-06,-1.8362e-06,-1.056e-06,-7.2587e-08,2.0477e-07,8.6368e-07,8.0526e-07,6.7401e-07,-5.8897e-07,-2.881e-06,-6.4558e-06,-1.0272e-05,-1.2854e-05,-1.3448e-05,-1.3699e-05,-1.2566e-05,-1.1171e-05,-9.1448e-06,-7.5442e-06,-5.2297e-06,-2.2223e-06,-2.0973e-06,-1.9254e-06,-4.1164e-06,-8.0362e-06,-1.2066e-05,-1.5096e-05,-1.4918e-05,-1.1313e-05,-4.7774e-06,3.8394e-06,1.0184e-05,1.3998e-05,1.4074e-05,1.2476e-05,8.2754e-06,4.4408e-06,-1.3442e-06,-7.7191e-06,-1.4129e-05,-1.7817e-05,-1.9155e-05,-1.6425e-05,-1.3229e-05,-1.0896e-05,-1.173e-05,-1.2227e-05,-1.2823e-05,-1.2922e-05,-1.4984e-05,-1.8108e-05,-2.1553e-05,-2.4503e-05,-2.2939e-05,-1.8185e-05,-1.3226e-05,-6.6398e-06,-1.3846e-06,3.0065e-06,5.2424e-06,5.2333e-06,6.3386e-07,-6.2604e-06,-9.1666e-06,-8.9964e-06,-6.791e-06,-4.7711e-06,-4.954e-06,-5.9269e-06,-8.7426e-06,-1.1835e-05,-1.7726e-05,-2.4562e-05,-3.1755e-05,-3.9769e-05,-4.0647e-05,-3.3565e-05,-2.1863e-05,-1.205e-05,-1.1433e-05,-1.76e-05,-2.4223e-05,-2.5993e-05,-2.4546e-05,-2.5022e-05,-2.7034e-05,-2.5101e-05,-1.5895e-05,-6.022e-06,-2.6822e-06,-2.9524e-06,-6.311e-06,-8.6129e-06,-8.5525e-06,-2.9909e-06,7.4591e-06,1.7707e-05,1.9465e-05,1.4474e-05,5.8039e-06,-3.6069e-07,-4.6608e-06,-8.5363e-06,-1.022e-05,-1.0581e-05,-1.3863e-05,-2.2889e-05,-3.0778e-05,-3.1096e-05,-2.9444e-05,-3.3644e-05,-3.4499e-05,-2.9664e-05,-2.4789e-05,-2.4199e-05,-3.0695e-05,-3.296e-05,-2.8179e-05,-1.4548e-05,5.3913e-07,8.9717e-06,1.2584e-05,1.206e-05,9.5689e-06,8.8203e-06,1.0364e-05,1.5085e-05,2.0949e-05,3.0538e-05,3.911e-05,3.6248e-05,2.0252e-05,2.2087e-06,-5.4992e-06,-4.18e-06,-3.0493e-06,-7.0242e-06,-1.4004e-05,-2.2195e-05,-3.0229e-05,-3.6741e-05,-3.8212e-05,-3.509e-05,-3.2232e-05,-2.4416e-05,-1.256e-05,-2.6472e-06,-6.3839e-06,-1.8385e-05,-1.1061e-05,1.2807e-05,2.5457e-05,1.6773e-05,1.9094e-06,4.5974e-06,1.8319e-05,2.9607e-05,3.554e-05,3.5776e-05,3.6828e-05,3.7982e-05,3.6072e-05,2.5365e-05,2.2101e-06,-1.7675e-05,-1.0793e-05,1.3813e-05,2.7512e-05,1.7703e-05,-1.3081e-06,-7.1896e-06,2.6958e-07,6.5008e-06,2.5142e-06,-3.5068e-06,-2.349e-06,-2.1693e-06,-1.7759e-06,4.6955e-06,1.7509e-05,2.5994e-05,2.4712e-05,2.4015e-05,3.147e-05,4.1042e-05,4.2784e-05,3.5548e-05,2.9926e-05,2.5276e-05,1.5836e-05,1.22e-05,2.5612e-05,3.9911e-05,3.7065e-05,2.1627e-05,1.3853e-05,1.4112e-05,1.7253e-05,2.1938e-05,2.4011e-05,1.5786e-05,3.1631e-06,-1.6544e-06,4.1142e-06,9.9643e-06,1.2153e-05,1.8528e-05,2.0701e-05,1.4144e-05,1.5496e-05,2.56e-05,2.6741e-05,2.4876e-05,2.9572e-05,3.1954e-05,2.9113e-05,3.0336e-05,2.7947e-05,1.6578e-05,1.1023e-05,1.5124e-05,2.2729e-05,2.6881e-05,2.2665e-05,1.038e-05,7.7743e-07,5.3126e-06,1.8412e-05,2.5124e-05,1.9256e-05,8.5447e-06,1.4325e-06,6.8674e-06,2.1304e-05,3.1515e-05,2.7043e-05,1.1072e-05,1.4922e-06,6.6173e-06,1.9775e-05,3.0532e-05,3.4606e-05,2.494e-05,8.93e-06,5.6301e-06,1.6168e-05,2.4996e-05,3.0147e-05,3.001e-05,2.3715e-05,1.6801e-05,1.3293e-05,1.012e-05,7.296e-06,5.8035e-06,2.1082e-06,-8.9303e-07,5.232e-07,2.3294e-06,3.3058e-06,2.9266e-06,7.6436e-07,-3.7718e-08,2.7565e-06,8.7199e-06,1.2468e-05,1.2579e-05,9.804e-06,8.9702e-06,1.0199e-05,1.4773e-05,1.6157e-05,1.2239e-05,8.0757e-06,6.1092e-06,7.1036e-06,8.8403e-06,8.0968e-06,5.4466e-06,3.6938e-06,5.8229e-06,1.0677e-05,1.3341e-05,1.0814e-05,8.3409e-06,1.0258e-05,1.6694e-05,2.833e-05,3.3223e-05,2.6081e-05,1.8408e-05,1.6395e-05,2.3251e-05,3.9285e-05,4.3678e-05,2.6444e-05,1.2362e-05,1.367e-05,2.0303e-05,2.2024e-05,1.6059e-05,1.0399e-05,1.0769e-05,1.4964e-05,1.3292e-05,5.9512e-06,1.4748e-06,2.0681e-06,9.9976e-06,2.1003e-05,3.0652e-05,3.1321e-05,2.332e-05,2.1774e-05,3.3543e-05,4.233e-05,3.9791e-05,3.1918e-05,2.9157e-05,2.9135e-05,2.7934e-05,2.3064e-05,1.5493e-05,8.0798e-06,3.5024e-06,4.7176e-06,1.1359e-05,1.3762e-05,1.6721e-06,-8.23e-06,4.7585e-06,2.3675e-05,1.9732e-05,6.3272e-07,-1.7889e-06,1.2402e-05,2.4249e-05,3.706e-05,4.6789e-05,3.7305e-05,1.7048e-05,1.8526e-05,4.2278e-05,5.5046e-05,4.1145e-05,2.0248e-05,1.6255e-05,2.8004e-05,3.6943e-05,2.124e-05,-3.3674e-06,-1.8085e-05,-1.4667e-05,-2.8909e-06,5.6908e-06,1.1141e-05,1.09e-05,-3.297e-06,-2.2527e-05,-1.9929e-05,8.2588e-06,2.7721e-05,1.2137e-05,-1.938e-05,-2.3156e-05,7.8305e-06,3.5854e-05,3.1177e-05,1.2276e-05,1.1997e-06,1.1922e-06,4.4609e-06,6.8877e-06,9.7009e-06,1.4532e-05,1.9367e-05,1.0943e-05,-4.6253e-06,-1.8738e-06,1.1702e-05,1.8116e-06,-3.2741e-05,-5.2386e-05,-3.2425e-05,6.5025e-07,1.3153e-05,-2.7496e-06,-2.9726e-05,-3.7198e-05,-2.2601e-05,-3.6105e-06,-9.9894e-08,-7.4294e-06,-1.3286e-05,-1.7085e-05,-1.8615e-05,-7.8761e-06,9.5565e-06,1.5606e-05,1.1016e-06,-1.4475e-05,-1.2492e-05,3.6153e-06,1.598e-05,8.5805e-06,-7.1333e-06,-1.9702e-05,-2.8287e-05,-3.8168e-05,-4.0127e-05,-2.7343e-05,-1.1817e-05,-1.5634e-05,-3.5101e-05,-4.7203e-05,-3.914e-05,-1.9631e-05,-9.2622e-06,-1.3336e-05,-1.9179e-05,-1.716e-05,-1.6657e-05,-1.641e-05,-1.1066e-05,1.1599e-07,5.883e-06,-1.0634e-06,-1.4899e-05,-2.4383e-05,-2.1306e-05,-1.1066e-05,-1.0759e-05,-2.2488e-05,-2.5788e-05,-1.1154e-05,1.9999e-06,-6.0643e-06,-2.5358e-05,-3.7289e-05,-3.8834e-05,-3.5913e-05,-2.9064e-05,-2.0456e-05,-1.1244e-05,-1.0337e-05,-2.5647e-05,-4.4001e-05,-4.3914e-05,-3.2621e-05,-2.4414e-05,-1.5465e-05,-6.0115e-06,-8.2413e-06,-2.2707e-05,-3.133e-05,-2.4064e-05,-1.1353e-05,-6.6091e-06,-1.2506e-06,4.3073e-06,-3.2921e-06,-2.1745e-05,-2.8328e-05,-1.8164e-05,-4.5357e-06,-1.6313e-06,-3.3453e-06,-6.1291e-06,-1.5942e-05,-2.9232e-05,-2.9123e-05,-2.1016e-05,-1.6476e-05,-1.7178e-05,-1.93e-05,-2.409e-05,-2.9377e-05,-2.5493e-05,-1.2804e-05,-3.6822e-06,-3.8006e-06,-1.3858e-06,3.1049e-06,6.8147e-06,1.3237e-05,2.1224e-05,2.7951e-05,2.5623e-05,2.0153e-05,1.5514e-05,1.1027e-05,6.4991e-06,5.5268e-06,4.0255e-06,-3.3605e-06,-8.7481e-06,-1.2807e-05,-1.8113e-05,-1.9784e-05,-1.6863e-05,-7.5942e-06,7.152e-06,1.6201e-05,1.8283e-05,2.0131e-05,2.2232e-05,2.2424e-05,2.2435e-05,1.9731e-05,1.2399e-05,1.9346e-06,-3.4871e-06,-3.2724e-06,-3.0269e-06,-3.6686e-06,-6.2375e-06,-1.2187e-05,-1.8237e-05,-1.8591e-05,-1.5787e-05,-1.2231e-05,-8.3402e-06,-9.0691e-06,-1.6157e-05,-2.5838e-05,-2.5905e-05,-1.4107e-05,2.4827e-07,8.217e-06,1.0047e-05,1.0322e-05,7.1047e-06,5.6291e-06,1.2045e-05,2.1794e-05,2.4642e-05,2.3781e-05,1.9564e-05,1.1208e-05,-2.5937e-06,-1.3e-05,-1.4308e-05,-1.2588e-05,-1.0908e-05,-1.1256e-05,-1.4774e-05,-2.3942e-05,-2.8652e-05,-2.4813e-05,-1.8238e-05,-1.4417e-05,-1.2786e-05,-1.4645e-05,-1.799e-05,-2.4017e-05,-2.4948e-05,-1.2756e-05,7.5018e-06,1.6943e-05,1.0073e-05,4.9945e-06,5.6759e-06,2.4225e-06,7.6269e-07,9.4636e-06,2.0126e-05,2.0103e-05,1.4916e-05,9.7096e-06,9.1964e-06,1.7418e-05,2.9492e-05,3.1693e-05,2.1563e-05,1.3525e-05,1.0018e-05,7.9969e-06,1.1149e-05,1.1846e-05,3.7175e-06,-6.1582e-07,-4.1355e-07,-5.8069e-06,-1.0221e-05,-7.5905e-06,-8.5598e-06,-1.7896e-05,-2.4872e-05,-1.9694e-05,-4.6801e-06,6.5151e-06,9.0902e-06,7.6901e-06,4.8611e-06,8.6314e-06,1.8083e-05,2.944e-05,4.7655e-05,5.998e-05,5.128e-05,3.4411e-05,3.3446e-05,4.0951e-05,4.767e-05,4.6497e-05,4.0472e-05,3.14e-05,2.3426e-05,2.193e-05,2.088e-05,2.1151e-05,2.8618e-05,3.2857e-05,1.5685e-05,-1.378e-08,1.4092e-05,2.8053e-05,1.6273e-05,5.6106e-07,5.7404e-06,2.1739e-05,3.0884e-05,3.5874e-05,4.1841e-05,4.8076e-05,5.1607e-05,4.2979e-05,2.174e-05,1.5658e-05,4.0724e-05,6.7255e-05,6.1713e-05,4.4189e-05,4.204e-05,4.9053e-05,5.1271e-05,4.4883e-05,4.0164e-05,3.9969e-05,3.5157e-05,3.7125e-05,4.5546e-05,4.8507e-05,3.9481e-05,3.4796e-05,4.1504e-05,4.4694e-05,3.6451e-05,2.573e-05,2.0473e-05,1.003e-05,9.6404e-06,2.9057e-05,4.3172e-05,3.5781e-05,2.8325e-05,3.0045e-05,3.6576e-05,4.5895e-05,5.0812e-05,4.4485e-05,3.2414e-05,3.1815e-05,3.8733e-05,4.0725e-05,4.2932e-05,4.4762e-05,3.4821e-05,2.9291e-05,3.3833e-05,2.8741e-05,2.224e-05,2.4468e-05,2.3842e-05,2.162e-05,2.3842e-05,1.7421e-05,9.12e-06,1.0026e-05,1.9767e-05,2.6574e-05,2.4421e-05,1.3972e-05,7.0945e-06,1.4299e-05,3.1048e-05,3.7973e-05,3.1004e-05,1.9564e-05,1.5203e-05,2.3646e-05,3.5805e-05,3.4938e-05,1.8129e-05,1.3235e-06,1.3971e-06,1.2932e-05,2.3873e-05,2.8867e-05,1.9748e-05,1.5566e-06,-1.6189e-07,1.0252e-05,1.8557e-05,2.3865e-05,2.2422e-05,1.7395e-05,1.4572e-05,1.3476e-05,1.2418e-05,1.1589e-05,8.3613e-06,3.9465e-06,3.8958e-06,4.8205e-06,4.8058e-06,3.8276e-06,3.8588e-07,-6.2182e-07,2.5765e-06,7.9921e-06,1.036e-05,8.2022e-06,5.3554e-06,4.6622e-06,7.5915e-06,1.1455e-05,1.0111e-05,6.0816e-06,4.7241e-06,5.3174e-06,7.4311e-06,7.8196e-06,5.6848e-06,3.0954e-06,4.0252e-06,7.4655e-06,1.0841e-05,8.2266e-06,5.3648e-06,6.2059e-06,1.3823e-05,2.6026e-05,2.7753e-05,1.8863e-05,1.1326e-05,9.4784e-06,2.1562e-05,3.5731e-05,2.9861e-05,1.1166e-05,4.8756e-06,1.2031e-05,1.6426e-05,1.2738e-05,5.417e-06,2.8839e-06,6.8661e-06,7.2683e-06,5.28e-07,-5.7151e-06,-5.2241e-06,4.9473e-07,1.2753e-05,2.213e-05,2.102e-05,1.1979e-05,1.2357e-05,2.4668e-05,3.1377e-05,2.5446e-05,1.9441e-05,1.7194e-05,1.7174e-05,1.5453e-05,9.5979e-06,1.5353e-06,-4.6432e-06,-7.0706e-06,-2.7248e-06,4.0502e-06,-4.0805e-06,-1.8114e-05,-1.289e-05,8.3667e-06,1.082e-05,-7.492e-06,-1.5286e-05,-2.9662e-06,9.3943e-06,2.0612e-05,3.2164e-05,2.4106e-05,3.1353e-06,2.492e-06,2.6425e-05,3.9307e-05,2.5247e-05,4.6656e-06,8.8102e-08,1.289e-05,2.0464e-05,5.4715e-06,-1.9229e-05,-2.9881e-05,-2.3548e-05,-9.3303e-06,-1.8258e-07,4.9785e-06,4.2984e-06,-1.2289e-05,-2.7997e-05,-1.4287e-05,1.5476e-05,2.2462e-05,-7.6845e-06,-3.1816e-05,-1.6307e-05,1.9118e-05,2.7291e-05,8.7477e-06,-9.6449e-06,-1.5095e-05,-1.4003e-05,-1.3107e-05,-1.2787e-05,-7.7863e-06,-1.0976e-06,-6.8159e-06,-2.125e-05,-2.2906e-05,-7.3153e-06,-1.0641e-05,-4.2551e-05,-6.4828e-05,-4.5887e-05,-9.9132e-06,5.1532e-06,-1.0309e-05,-3.5797e-05,-4.2938e-05,-2.4826e-05,-6.9782e-06,-8.1514e-06,-1.7008e-05,-2.6215e-05,-3.2013e-05,-3.2438e-05,-2.1685e-05,-6.9204e-06,-5.9356e-06,-2.4443e-05,-3.7687e-05,-3.0679e-05,-1.2826e-05,-3.5321e-06,-1.2182e-05,-2.6275e-05,-3.4566e-05,-4.193e-05,-4.811e-05,-4.3226e-05,-2.6517e-05,-1.4763e-05,-2.7057e-05,-4.5624e-05,-4.8909e-05,-3.3981e-05,-1.9062e-05,-1.7863e-05,-2.7192e-05,-3.163e-05,-3.1179e-05,-3.3344e-05,-3.229e-05,-2.2734e-05,-1.8011e-05,-2.1782e-05,-3.4839e-05,-4.606e-05,-4.5391e-05,-3.3545e-05,-2.7325e-05,-3.5607e-05,-3.9843e-05,-2.4653e-05,-6.1778e-06,-9.9162e-06,-2.8111e-05,-4.0369e-05,-4.1412e-05,-3.7413e-05,-2.9866e-05,-2.3025e-05,-1.3783e-05,-1.4633e-05,-3.2779e-05,-5.2401e-05,-5.2682e-05,-4.2728e-05,-3.6555e-05,-2.8432e-05,-2.0386e-05,-2.3801e-05,-3.8467e-05,-4.3658e-05,-3.2693e-05,-1.9387e-05,-1.3937e-05,-6.7404e-06,-4.2286e-07,-9.6432e-06,-2.5331e-05,-2.5876e-05,-1.256e-05,1.555e-07,1.074e-06,-1.0829e-06,-5.9018e-06,-1.9378e-05,-3.0679e-05,-2.71e-05,-2.1158e-05,-2.102e-05,-2.48e-05,-2.9979e-05,-3.6679e-05,-3.9594e-05,-3.1147e-05,-1.9056e-05,-1.6453e-05,-1.6026e-05,-1.0839e-05,-6.1301e-06,-9.0056e-07,1.237e-05,2.1216e-05,2.0063e-05,1.6083e-05,1.2506e-05,9.0319e-06,5.5899e-06,5.9061e-06,3.7707e-06,-4.1948e-06,-1.1236e-05,-1.7509e-05,-2.3718e-05,-2.6195e-05,-2.2681e-05,-1.2388e-05,1.4359e-06,8.622e-06,9.4991e-06,1.1564e-05,1.2612e-05,1.2548e-05,1.2093e-05,8.9517e-06,9.6741e-07,-8.7605e-06,-1.213e-05,-1.0911e-05,-1.0622e-05,-1.1515e-05,-1.531e-05,-2.2383e-05,-2.7864e-05,-2.7098e-05,-2.3353e-05,-1.9542e-05,-1.6731e-05,-2.0309e-05,-3.0344e-05,-3.8288e-05,-3.2279e-05,-1.785e-05,-6.3029e-06,-2.0036e-06,-1.8592e-06,-4.0897e-06,-7.5532e-06,-3.9961e-06,5.359e-06,1.0324e-05,9.8493e-06,6.7088e-06,-3.1207e-07,-1.2972e-05,-2.5149e-05,-2.7959e-05,-2.6808e-05,-2.5041e-05,-2.4589e-05,-2.7267e-05,-3.55e-05,-4.1735e-05,-3.8293e-05,-3.2172e-05,-2.6732e-05,-2.3481e-05,-2.5067e-05,-2.8323e-05,-3.5453e-05,-3.8814e-05,-2.9242e-05,-9.1392e-06,2.5505e-06,-2.1696e-06,-8.8779e-06,-9.3403e-06,-1.2148e-05,-1.6763e-05,-1.0729e-05,-1.0672e-07,8.5671e-07,-5.8375e-06,-1.2518e-05,-1.4191e-05,-6.9739e-06,5.5992e-06,6.437e-06,-4.4365e-06,-1.0975e-05,-1.5671e-05,-1.7749e-05,-1.3559e-05,-1.3378e-05,-2.0111e-05,-2.1535e-05,-2.0503e-05,-2.5651e-05,-2.6204e-05,-2.1448e-05,-2.2247e-05,-3.214e-05,-3.5882e-05,-2.6223e-05,-1.1079e-05,-2.719e-06,-2.5943e-06,-6.1103e-06,-7.6721e-06,-2.2843e-06,5.6e-06,1.7912e-05,3.5348e-05,3.928e-05,2.3312e-05,1.0792e-05,1.3068e-05,2.0754e-05,2.4012e-05,1.9994e-05,1.3225e-05,4.2554e-06,-2.5959e-07,-1.2446e-06,-1.1987e-06,3.5757e-06,1.2595e-05,8.7179e-06,-1.1664e-05,-1.4336e-05,5.1685e-06,8.5846e-06,-9.655e-06,-1.8034e-05,-6.431e-06,7.1684e-06,1.3942e-05,1.7785e-05,2.3805e-05,2.9817e-05,2.9084e-05,1.1499e-05,-6.9902e-06,4.6055e-06,3.8205e-05,4.9015e-05,3.3144e-05,2.2445e-05,2.8075e-05,3.3165e-05,2.917e-05,2.28e-05,2.3115e-05,1.9986e-05,1.8711e-05,2.837e-05,3.5566e-05,3.0052e-05,2.3193e-05,2.9228e-05,3.5975e-05,3.1292e-05,2.0675e-05,1.4497e-05,5.6588e-06,1.0785e-06,1.6535e-05,3.4166e-05,3.1626e-05,2.2483e-05,2.2226e-05,2.7476e-05,3.6287e-05,4.2572e-05,3.8788e-05,2.6266e-05,2.3272e-05,3.0276e-05,3.4127e-05,3.5775e-05,3.9747e-05,3.2424e-05,2.493e-05,2.9579e-05,2.759e-05,1.9929e-05,2.1029e-05,2.1583e-05,1.8616e-05,2.0907e-05,1.6498e-05,6.0279e-06,6.4928e-06,1.5083e-05,2.3192e-05,2.2955e-05,1.2224e-05,3.2658e-06,8.3265e-06,2.4739e-05,3.3665e-05,2.7462e-05,1.6065e-05,1.257e-05,2.2193e-05,3.4805e-05,3.4652e-05,1.8843e-05,2.7732e-06,3.6685e-06,1.6392e-05,2.7703e-05,3.2606e-05,2.2095e-05,3.6338e-06,3.9135e-06,1.4026e-05,2.1554e-05,2.5465e-05,2.3189e-05,1.7855e-05,1.4968e-05,1.3265e-05,1.1823e-05,1.1714e-05,8.4656e-06,4.107e-06,4.6028e-06,5.3515e-06,5.7869e-06,4.4143e-06,1.8614e-06,1.3252e-06,5.6686e-06,1.1718e-05,1.3812e-05,1.0735e-05,8.1226e-06,8.508e-06,1.1993e-05,1.5255e-05,1.2586e-05,8.8435e-06,7.3664e-06,8.2225e-06,9.7211e-06,9.1247e-06,7.4069e-06,5.7594e-06,6.8556e-06,1.1028e-05,1.2927e-05,9.7291e-06,7.4366e-06,1.0146e-05,2.0075e-05,3.1793e-05,3.1665e-05,2.3158e-05,1.7831e-05,2.0112e-05,3.605e-05,4.7478e-05,3.3846e-05,1.7382e-05,1.7499e-05,2.6229e-05,2.7406e-05,2.083e-05,1.5472e-05,1.5467e-05,1.9309e-05,1.4193e-05,6.3197e-06,2.5647e-06,4.9097e-06,1.3536e-05,2.5349e-05,3.1635e-05,2.6637e-05,2.0773e-05,2.7378e-05,4.0345e-05,4.207e-05,3.4095e-05,3.114e-05,3.0498e-05,3.003e-05,2.7316e-05,1.9547e-05,1.2071e-05,6.7667e-06,6.6962e-06,1.2859e-05,1.5068e-05,2.3906e-06,-5.7904e-06,8.7285e-06,2.6766e-05,1.9258e-05,1.8321e-06,4.6619e-06,2.0395e-05,3.1561e-05,4.5276e-05,5.0494e-05,3.3911e-05,1.9171e-05,3.3499e-05,5.7377e-05,5.921e-05,3.8546e-05,2.4905e-05,3.2842e-05,4.8285e-05,4.4299e-05,2.052e-05,9.8726e-07,-1.2593e-06,9.662e-06,2.0135e-05,2.4027e-05,2.4968e-05,1.0529e-05,-1.1597e-05,-1.2963e-05,1.3447e-05,3.0046e-05,9.0192e-06,-2.408e-05,-2.2853e-05,1.1452e-05,3.4688e-05,2.5476e-05,5.9018e-06,-1.2521e-06,1.4662e-06,4.7245e-06,8.7435e-06,1.4338e-05,2.3204e-05,2.5524e-05,1.3668e-05,7.1917e-06,1.9969e-05,2.6644e-05,1.6459e-06,-3.1471e-05,-2.9263e-05,2.7783e-06,2.6354e-05,2.026e-05,-6.0032e-06,-2.343e-05,-1.7628e-05,1.1762e-06,9.1862e-06,2.9598e-06,-6.9745e-06,-1.2228e-05,-1.4503e-05,-5.3107e-06,1.4099e-05,2.3511e-05,1.1893e-05,-3.642e-06,-3.5844e-06,1.3976e-05,2.7051e-05,2.2265e-05,7.1942e-06,-3.7192e-06,-1.412e-05,-2.5186e-05,-2.6288e-05,-1.1533e-05,-1.342e-06,-1.0412e-05,-3.0877e-05,-3.6749e-05,-2.4975e-05,-7.4519e-06,-3.3844e-06,-9.2671e-06,-1.4113e-05,-1.3449e-05,-1.3756e-05,-1.099e-05,-8.8886e-07,7.8504e-06,7.1759e-06,-4.6583e-06,-1.7662e-05,-1.9198e-05,-1.0208e-05,-3.51e-06,-1.0848e-05,-2.0471e-05,-1.0182e-05,7.7529e-06,8.1984e-06,-1.0138e-05,-2.5527e-05,-3.0039e-05,-2.817e-05,-2.1138e-05,-1.3314e-05,-4.0628e-06,6.7051e-07,-1.3649e-05,-3.4191e-05,-4.0022e-05,-3.0477e-05,-2.3131e-05,-1.5497e-05,-7.0517e-06,-7.2942e-06,-2.1156e-05,-3.0173e-05,-2.2519e-05,-9.4889e-06,-4.7382e-06,9.3417e-07,4.9678e-06,-4.8084e-06,-2.161e-05,-2.5301e-05,-1.2227e-05,1.943e-07,2.9264e-06,1.4439e-06,-2.4871e-06,-1.5966e-05,-2.6779e-05,-2.3044e-05,-1.4711e-05,-1.3055e-05,-1.6084e-05,-2.0131e-05,-2.7214e-05,-3.0043e-05,-2.1923e-05,-1.0532e-05,-7.9442e-06,-7.7124e-06,-2.5878e-06,1.6939e-06,6.7427e-06,1.6517e-05,2.6184e-05,2.7126e-05,2.2944e-05,1.8537e-05,1.6017e-05,1.3507e-05,1.1272e-05,1.2873e-05,5.5136e-06,1.595e-07,-4.9477e-06,-1.1991e-05,-1.532e-05,-1.3725e-05,-5.163e-06,9.0175e-06,1.8568e-05,1.986e-05,2.0586e-05,2.2712e-05,2.1931e-05,2.1423e-05,1.8975e-05,1.2236e-05,2.6099e-06,-1.6911e-06,-6.0694e-07,-7.6393e-08,-8.2998e-07,-4.3186e-06,-1.2919e-05,-2.0194e-05,-1.9895e-05,-1.7574e-05,-1.4887e-05,-1.1999e-05,-1.5479e-05,-2.6028e-05,-3.5129e-05,-3.1355e-05,-1.7894e-05,-6.4179e-06,-2.3049e-06,-1.8198e-06,-2.5638e-06,-5.6265e-06,-1.2233e-06,9.145e-06,1.6861e-05,1.7567e-05,1.6048e-05,9.7379e-06,-1.3743e-06,-1.2412e-05,-1.5914e-05,-1.4819e-05,-1.3451e-05,-1.3694e-05,-1.7675e-05,-2.7304e-05,-3.5544e-05,-3.549e-05,-3.0772e-05,-2.7527e-05,-2.6307e-05,-2.8451e-05,-3.4428e-05,-4.2255e-05,-4.8248e-05,-4.0463e-05,-2.1431e-05,-8.9952e-06,-1.3129e-05,-1.8991e-05,-1.884e-05,-1.9914e-05,-2.3241e-05,-1.5088e-05,-2.7406e-06,-1.3335e-06,-5.5839e-06,-9.5857e-06,-8.4709e-06,1.9318e-06,1.5685e-05,1.5716e-05,6.7549e-06,-6.3308e-07,-4.3033e-06,-6.5443e-06,-2.7938e-06,-4.6166e-06,-1.4067e-05,-1.5818e-05,-1.6525e-05,-2.3006e-05,-2.5321e-05,-2.2097e-05,-2.6948e-05,-3.6556e-05,-3.9957e-05,-3.0386e-05,-1.4247e-05,-6.3074e-06,-5.9107e-06,-8.286e-06,-7.6822e-06,-9.3031e-07,1.0411e-05,2.5994e-05,4.5247e-05,4.9459e-05,3.4001e-05,2.2792e-05,2.7346e-05,3.5767e-05,3.8894e-05,3.5356e-05,2.7725e-05,1.8506e-05,1.3659e-05,1.2419e-05,1.1748e-05,1.5078e-05,2.1906e-05,1.1472e-05,-1.0997e-05,-8.2229e-06,1.0089e-05,6.8608e-06,-1.4894e-05,-1.7062e-05,-2.1449e-06,9.3853e-06,1.5449e-05,2.1238e-05,2.8741e-05,3.4459e-05,2.9865e-05,1.1258e-05,9.4525e-07,2.4888e-05,5.6283e-05,5.7223e-05,4.0166e-05,3.5959e-05,4.4797e-05,4.7029e-05,3.9883e-05,3.7164e-05,3.6291e-05,3.167e-05,3.2808e-05,4.2274e-05,4.4144e-05,3.4114e-05,3.0355e-05,3.6953e-05,3.8739e-05,2.8709e-05,1.8689e-05,1.0682e-05,5.1926e-07,2.3078e-06,2.2961e-05,3.4277e-05,2.6795e-05,2.0582e-05,2.3212e-05,3.1253e-05,4.0897e-05,4.4282e-05,3.7483e-05,2.7298e-05,3.05e-05,3.8031e-05,4.0584e-05,4.5139e-05,4.5781e-05,3.5137e-05,3.2913e-05,3.6199e-05,2.9744e-05,2.4857e-05,2.72e-05,2.3953e-05,2.2704e-05,2.4033e-05,1.5063e-05,8.7569e-06,1.4698e-05,2.4859e-05,2.8965e-05,2.3115e-05,1.1393e-05,9.2171e-06,2.3138e-05,3.8842e-05,3.92e-05,3.0103e-05,2.2131e-05,2.6173e-05,3.9167e-05,4.6617e-05,3.6221e-05,1.6306e-05,8.599e-06,1.7046e-05,2.9164e-05,3.8263e-05,3.5218e-05,1.6836e-05,7.7791e-06,1.5451e-05,2.4423e-05,2.9693e-05,2.9867e-05,2.4378e-05,2.0048e-05,1.9414e-05,1.8208e-05,1.8353e-05,1.7606e-05,1.3801e-05,1.2647e-05,1.3712e-05,1.432e-05,1.3842e-05,1.0969e-05,8.7467e-06,1.0563e-05,1.5604e-05,1.9513e-05,1.8354e-05,1.4868e-05,1.3557e-05,1.6092e-05,1.9428e-05,1.8112e-05,1.4425e-05,1.156e-05,1.1822e-05,1.3467e-05,1.3882e-05,1.1903e-05,1.0486e-05,1.0628e-05,1.395e-05,1.6815e-05,1.3844e-05,1.0857e-05,1.115e-05,1.8971e-05,3.179e-05,3.4738e-05,2.6684e-05,2.0458e-05,2.0206e-05,3.313e-05,4.7693e-05,3.9189e-05,1.923e-05,1.5431e-05,2.277e-05,2.6231e-05,2.1021e-05,1.4906e-05,1.4062e-05,1.825e-05,1.4495e-05,6.3723e-06,8.7226e-07,1.1525e-06,7.8434e-06,1.9373e-05,2.8011e-05,2.5517e-05,1.8472e-05,2.2352e-05,3.6644e-05,4.1637e-05,3.5527e-05,3.1675e-05,3.0815e-05,3.1513e-05,3.0167e-05,2.4205e-05,1.7043e-05,1.1192e-05,1.0558e-05,1.6407e-05,1.9538e-05,5.649e-06,-5.7127e-06,6.0047e-06,2.3945e-05,1.7032e-05,-2.1052e-06,-1.6146e-06,1.348e-05,2.4306e-05,3.8554e-05,4.4336e-05,2.8031e-05,1.4171e-05,2.8999e-05,5.3759e-05,5.4717e-05,3.5029e-05,2.2521e-05,3.1629e-05,4.6442e-05,4.2588e-05,1.9109e-05,4.8905e-07,-4.7944e-07,1.0025e-05,1.8431e-05,2.3202e-05,2.3529e-05,1.0242e-05,-1.2097e-05,-1.2974e-05,1.5259e-05,3.1884e-05,1.3053e-05,-1.974e-05,-2.014e-05,1.4363e-05,3.9262e-05,3.2272e-05,1.4157e-05,8.7901e-06,1.1466e-05,1.4224e-05,1.7243e-05,2.1381e-05,2.8757e-05,2.8438e-05,1.5274e-05,8.4555e-06,2.2355e-05,2.7896e-05,-1.8532e-06,-3.4143e-05,-2.9214e-05,2.5926e-06,2.3231e-05,1.2184e-05,-1.5415e-05,-2.9664e-05,-1.8335e-05,-1.6381e-06,2.3673e-06,-4.658e-06,-1.3786e-05,-1.8935e-05,-1.9004e-05,-7.8761e-06,1.3361e-05,1.8561e-05,3.9562e-06,-9.0334e-06,-3.9422e-06,1.3779e-05,2.6102e-05,1.7908e-05,3.9153e-06,-5.678e-06,-1.4846e-05,-2.468e-05,-2.1779e-05,-7.7188e-06,1.4253e-07,-1.4824e-05,-3.4322e-05,-3.8681e-05,-2.6041e-05,-1.1793e-05,-9.8363e-06,-1.7323e-05,-2.0534e-05,-1.9433e-05,-1.9034e-05,-1.5041e-05,-2.1725e-06,7.4431e-06,6.4188e-06,-4.5549e-06,-1.4506e-05,-1.2925e-05,-1.6415e-06,4.0115e-06,-4.6292e-06,-9.016e-06,4.9818e-06,2.0626e-05,1.4121e-05,-6.1111e-06,-2.1329e-05,-2.4756e-05,-2.352e-05,-1.8971e-05,-1.3095e-05,-5.3218e-06,-7.9885e-06,-2.7955e-05,-4.5804e-05,-4.5391e-05,-3.6847e-05,-3.038e-05,-2.0014e-05,-1.1261e-05,-1.6028e-05,-2.7875e-05,-2.8136e-05,-1.3045e-05,-1.1782e-06,3.9865e-06,1.1758e-05,1.4495e-05,2.2506e-07,-1.3108e-05,-9.2531e-06,5.5583e-06,1.3102e-05,1.1488e-05,7.4548e-06,-1.5878e-06,-1.8267e-05,-2.6779e-05,-2.1738e-05,-1.7138e-05,-1.8313e-05,-2.1027e-05,-2.734e-05,-3.2771e-05,-3.2431e-05,-2.0794e-05,-1.029e-05,-9.1831e-06,-5.8155e-06,7.4807e-07,6.0728e-06,1.3917e-05
