0,0.0004997,0.00099943,0.0014992,0.0019989,0.0024986,0.0029983,0.003498,0.0039977,0.0044975,0.0049972,0.0054969,0.0059966,0.0064963,0.0069961,0.0074958,0.0079955,0.0084953,0.008995,0.0094947,0.0099944,0.010494,0.010994,0.011494,0.011993,0.012493,0.012993,0.013492,0.013992,0.014492,0.014992,0.015491,0.015991,0.016491,0.016991,0.01749,0.01799,0.01849,0.018989,0.019489,0.019989,0.020489,0.020988,0.021488,0.021988,0.022487,0.022987,0.023487,0.023987,0.024486,0.024986,0.025486,0.025985,0.026485,0.026985,0.027485,0.027984,0.028484,0.028984,0.029484,0.029983,0.030483,0.030983,0.031482,0.031982,0.032482,0.032982,0.033481,0.033981,0.034481,0.03498,0.03548,0.03598,0.03648,0.036979,0.037479,0.037979,0.038479,0.038978,0.039478,0.039978,0.040477,0.040977,0.041477,0.041977,0.042476,0.042976,0.043476,0.043975,0.044475,0.044975,0.045475,0.045974,0.046474,0.046974,0.047474,0.047973,0.048473,0.048973,0.049472,0.049972,0.050472,0.050972,0.051471,0.051971,0.052471,0.05297,0.05347,0.05397,0.05447,0.054969,0.055469,0.055969,0.056468,0.056968,0.057468,0.057968,0.058467,0.058967,0.059467,0.059967,0.060466,0.060966,0.061466,0.061965,0.062465,0.062965,0.063465,0.063964,0.064464,0.064964,0.065463,0.065963,0.066463,0.066963,0.067462,0.067962,0.068462,0.068961,0.069461,0.069961,0.070461,0.07096,0.07146,0.07196,0.07246,0.072959,0.073459,0.073959,0.074458,0.074958,0.075458,0.075958,0.076457,0.076957,0.077457,0.077956,0.078456,0.078956,0.079456,0.079955,0.080455,0.080955,0.081455,0.081954,0.082454,0.082954,0.083453,0.083953,0.084453,0.084953,0.085452,0.085952,0.086452,0.086951,0.087451,0.087951,0.088451,0.08895,0.08945,0.08995,0.09045,0.090949,0.091449,0.091949,0.092448,0.092948,0.093448,0.093948,0.094447,0.094947,0.095447,0.095946,0.096446,0.096946,0.097446,0.097945,0.098445,0.098945,0.099444,0.099944,0.10044,0.10094,0.10144,0.10194,0.10244,0.10294,0.10344,0.10394,0.10444,0.10494,0.10544,0.10594,0.10644,0.10694,0.10744,0.10794,0.10844,0.10894,0.10944,0.10994,0.11044,0.11094,0.11144,0.11194,0.11244,0.11294,0.11344,0.11394,0.11444,0.11494,0.11544,0.11594,0.11644,0.11693,0.11743,0.11793,0.11843,0.11893,0.11943,0.11993,0.12043,0.12093,0.12143,0.12193,0.12243,0.12293,0.12343,0.12393,0.12443,0.12493,0.12543,0.12593,0.12643,0.12693,0.12743,0.12793,0.12843,0.12893,0.12943,0.12993,0.13043,0.13093,0.13143,0.13193,0.13243,0.13293,0.13343,0.13393,0.13442,0.13492,0.13542,0.13592,0.13642,0.13692,0.13742,0.13792,0.13842,0.13892,0.13942,0.13992,0.14042,0.14092,0.14142,0.14192,0.14242,0.14292,0.14342,0.14392,0.14442,0.14492,0.14542,0.14592,0.14642,0.14692,0.14742,0.14792,0.14842,0.14892,0.14942,0.14992,0.15042,0.15092,0.15142,0.15192,0.15241,0.15291,0.15341,0.15391,0.15441,0.15491,0.15541,0.15591,0.15641,0.15691,0.15741,0.15791,0.15841,0.15891,0.15941,0.15991,0.16041,0.16091,0.16141,0.16191,0.16241,0.16291,0.16341,0.16391,0.16441,0.16491,0.16541,0.16591,0.16641,0.16691,0.16741,0.16791,0.16841,0.16891,0.16941,0.16991,0.1704,0.1709,0.1714,0.1719,0.1724,0.1729,0.1734,0.1739,0.1744,0.1749,0.1754,0.1759,0.1764,0.1769,0.1774,0.1779,0.1784,0.1789,0.1794,0.1799,0.1804,0.1809,0.1814,0.1819,0.1824,0.1829,0.1834,0.1839,0.1844,0.1849,0.1854,0.1859,0.1864,0.1869,0.1874,0.1879,0.18839,0.18889,0.18939,0.18989,0.19039,0.19089,0.19139,0.19189,0.19239,0.19289,0.19339,0.19389,0.19439,0.19489,0.19539,0.19589,0.19639,0.19689,0.19739,0.19789,0.19839,0.19889,0.19939,0.19989,0.20039,0.20089,0.20139,0.20189,0.20239,0.20289,0.20339,0.20389,0.20439,0.20489,0.20539,0.20589,0.20638,0.20688,0.20738,0.20788,0.20838,0.20888,0.20938,0.20988,0.21038,0.21088,0.21138,0.21188,0.21238,0.21288,0.21338,0.21388,0.21438,0.21488,0.21538,0.21588,0.21638,0.21688,0.21738,0.21788,0.21838,0.21888,0.21938,0.21988,0.22038,0.22088,0.22138,0.22188,0.22238,0.22288,0.22338,0.22388,0.22437,0.22487,0.22537,0.22587,0.22637,0.22687,0.22737,0.22787,0.22837,0.22887,0.22937,0.22987,0.23037,0.23087,0.23137,0.23187,0.23237,0.23287,0.23337,0.23387,0.23437,0.23487,0.23537,0.23587,0.23637,0.23687,0.23737,0.23787,0.23837,0.23887,0.23937,0.23987,0.24037,0.24087,0.24137,0.24187,0.24236,0.24286,0.24336,0.24386,0.24436,0.24486,0.24536,0.24586,0.24636,0.24686,0.24736,0.24786,0.24836,0.24886,0.24936,0.24986,0.25036,0.25086,0.25136,0.25186,0.25236,0.25286,0.25336,0.25386,0.25436,0.25486,0.25536,0.25586,0.25636,0.25686,0.25736,0.25786,0.25836,0.25886,0.25936,0.25985,0.26035,0.26085,0.26135,0.26185,0.26235,0.26285,0.26335,0.26385,0.26435,0.26485,0.26535,0.26585,0.26635,0.26685,0.26735,0.26785,0.26835,0.26885,0.26935,0.26985,0.27035,0.27085,0.27135,0.27185,0.27235,0.27285,0.27335,0.27385,0.27435,0.27485,0.27535,0.27585,0.27635,0.27685,0.27735,0.27784,0.27834,0.27884,0.27934,0.27984,0.28034,0.28084,0.28134,0.28184,0.28234,0.28284,0.28334,0.28384,0.28434,0.28484,0.28534,0.28584,0.28634,0.28684,0.28734,0.28784,0.28834,0.28884,0.28934,0.28984,0.29034,0.29084,0.29134,0.29184,0.29234,0.29284,0.29334,0.29384,0.29434,0.29484,0.29534,0.29583,0.29633,0.29683,0.29733,0.29783,0.29833,0.29883,0.29933,0.29983,0.30033,0.30083,0.30133,0.30183,0.30233,0.30283,0.30333,0.30383,0.30433,0.30483,0.30533,0.30583,0.30633,0.30683,0.30733,0.30783,0.30833,0.30883,0.30933,0.30983,0.31033,0.31083,0.31133,0.31183,0.31233,0.31283,0.31333,0.31382,0.31432,0.31482,0.31532,0.31582,0.31632,0.31682,0.31732,0.31782,0.31832,0.31882,0.31932,0.31982,0.32032,0.32082,0.32132,0.32182,0.32232,0.32282,0.32332,0.32382,0.32432,0.32482,0.32532,0.32582,0.32632,0.32682,0.32732,0.32782,0.32832,0.32882,0.32932,0.32982,0.33032,0.33082,0.33132,0.33181,0.33231,0.33281,0.33331,0.33381,0.33431,0.33481,0.33531,0.33581,0.33631,0.33681,0.33731,0.33781,0.33831,0.33881,0.33931,0.33981,0.34031,0.34081,0.34131,0.34181,0.34231,0.34281,0.34331,0.34381,0.34431,0.34481,0.34531,0.34581,0.34631,0.34681,0.34731,0.34781,0.34831,0.34881,0.34931,0.3498,0.3503,0.3508,0.3513,0.3518,0.3523,0.3528,0.3533,0.3538,0.3543,0.3548,0.3553,0.3558,0.3563,0.3568,0.3573,0.3578,0.3583,0.3588,0.3593,0.3598,0.3603,0.3608,0.3613,0.3618,0.3623,0.3628,0.3633,0.3638,0.3643,0.3648,0.3653,0.3658,0.3663,0.3668,0.3673,0.36779,0.36829,0.36879,0.36929,0.36979,0.37029,0.37079,0.37129,0.37179,0.37229,0.37279,0.37329,0.37379,0.37429,0.37479,0.37529,0.37579,0.37629,0.37679,0.37729,0.37779,0.37829,0.37879,0.37929,0.37979,0.38029,0.38079,0.38129,0.38179,0.38229,0.38279,0.38329,0.38379,0.38429,0.38479,0.38528,0.38578,0.38628,0.38678,0.38728,0.38778,0.38828,0.38878,0.38928,0.38978,0.39028,0.39078,0.39128,0.39178,0.39228,0.39278,0.39328,0.39378,0.39428,0.39478,0.39528,0.39578,0.39628,0.39678,0.39728,0.39778,0.39828,0.39878,0.39928,0.39978,0.40028,0.40078,0.40128,0.40178,0.40228,0.40278,0.40327,0.40377,0.40427,0.40477,0.40527,0.40577,0.40627,0.40677,0.40727,0.40777,0.40827,0.40877,0.40927,0.40977,0.41027,0.41077,0.41127,0.41177,0.41227,0.41277,0.41327,0.41377,0.41427,0.41477,0.41527,0.41577,0.41627,0.41677,0.41727,0.41777,0.41827,0.41877,0.41927,0.41977,0.42027,0.42077,0.42126,0.42176,0.42226,0.42276,0.42326,0.42376,0.42426,0.42476,0.42526,0.42576,0.42626,0.42676,0.42726,0.42776,0.42826,0.42876,0.42926,0.42976,0.43026,0.43076,0.43126,0.43176,0.43226,0.43276,0.43326,0.43376,0.43426,0.43476,0.43526,0.43576,0.43626,0.43676,0.43726,0.43776,0.43826,0.43876,0.43925,0.43975,0.44025,0.44075,0.44125,0.44175,0.44225,0.44275,0.44325,0.44375,0.44425,0.44475,0.44525,0.44575,0.44625,0.44675,0.44725,0.44775,0.44825,0.44875,0.44925,0.44975,0.45025,0.45075,0.45125,0.45175,0.45225,0.45275,0.45325,0.45375,0.45425,0.45475,0.45525,0.45575,0.45625,0.45675,0.45724,0.45774,0.45824,0.45874,0.45924,0.45974,0.46024,0.46074,0.46124,0.46174,0.46224,0.46274,0.46324,0.46374,0.46424,0.46474,0.46524,0.46574,0.46624,0.46674,0.46724,0.46774,0.46824,0.46874,0.46924,0.46974,0.47024,0.47074,0.47124,0.47174,0.47224,0.47274,0.47324,0.47374,0.47424,0.47474,0.47523,0.47573,0.47623,0.47673,0.47723,0.47773,0.47823,0.47873,0.47923,0.47973,0.48023,0.48073,0.48123,0.48173,0.48223,0.48273,0.48323,0.48373,0.48423,0.48473,0.48523,0.48573,0.48623,0.48673,0.48723,0.48773,0.48823,0.48873,0.48923,0.48973,0.49023,0.49073,0.49123,0.49173,0.49223,0.49273,0.49322,0.49372,0.49422,0.49472,0.49522,0.49572,0.49622,0.49672,0.49722,0.49772,0.49822,0.49872,0.49922,0.49972,0.50022,0.50072,0.50122,0.50172,0.50222,0.50272,0.50322,0.50372,0.50422,0.50472,0.50522,0.50572,0.50622,0.50672,0.50722,0.50772,0.50822,0.50872,0.50922,0.50972,0.51022,0.51071,0.51121,0.51171,0.51221,0.51271,0.51321,0.51371,0.51421,0.51471,0.51521,0.51571,0.51621,0.51671,0.51721,0.51771,0.51821,0.51871,0.51921,0.51971,0.52021,0.52071,0.52121,0.52171,0.52221,0.52271,0.52321,0.52371,0.52421,0.52471,0.52521,0.52571,0.52621,0.52671,0.52721,0.52771,0.52821,0.5287,0.5292,0.5297,0.5302,0.5307,0.5312,0.5317,0.5322,0.5327,0.5332,0.5337,0.5342,0.5347,0.5352,0.5357,0.5362,0.5367,0.5372,0.5377,0.5382,0.5387,0.5392,0.5397,0.5402,0.5407,0.5412,0.5417,0.5422,0.5427,0.5432,0.5437,0.5442,0.5447,0.5452,0.5457,0.5462,0.54669,0.54719,0.54769,0.54819,0.54869,0.54919,0.54969,0.55019,0.55069,0.55119,0.55169,0.55219,0.55269,0.55319,0.55369,0.55419,0.55469,0.55519,0.55569,0.55619,0.55669,0.55719,0.55769,0.55819,0.55869,0.55919,0.55969,0.56019,0.56069,0.56119,0.56169,0.56219,0.56269,0.56319,0.56369,0.56419,0.56468,0.56518,0.56568,0.56618,0.56668,0.56718,0.56768,0.56818,0.56868,0.56918,0.56968,0.57018,0.57068,0.57118,0.57168,0.57218,0.57268,0.57318,0.57368,0.57418,0.57468,0.57518,0.57568,0.57618,0.57668,0.57718,0.57768,0.57818,0.57868,0.57918,0.57968,0.58018,0.58068,0.58118,0.58168,0.58218,0.58267,0.58317,0.58367,0.58417,0.58467,0.58517,0.58567,0.58617,0.58667,0.58717,0.58767,0.58817,0.58867,0.58917,0.58967,0.59017,0.59067,0.59117,0.59167,0.59217,0.59267,0.59317,0.59367,0.59417,0.59467,0.59517,0.59567,0.59617,0.59667,0.59717,0.59767,0.59817,0.59867,0.59917,0.59967,0.60017,0.60066,0.60116,0.60166,0.60216,0.60266,0.60316,0.60366,0.60416,0.60466,0.60516,0.60566,0.60616,0.60666,0.60716,0.60766,0.60816,0.60866,0.60916,0.60966,0.61016,0.61066,0.61116,0.61166,0.61216,0.61266,0.61316,0.61366,0.61416,0.61466,0.61516,0.61566,0.61616,0.61666,0.61716,0.61766,0.61816,0.61865,0.61915,0.61965,0.62015,0.62065,0.62115,0.62165,0.62215,0.62265,0.62315,0.62365,0.62415,0.62465,0.62515,0.62565,0.62615,0.62665,0.62715,0.62765,0.62815,0.62865,0.62915,0.62965,0.63015,0.63065,0.63115,0.63165,0.63215,0.63265,0.63315,0.63365,0.63415,0.63465,0.63515,0.63565,0.63614,0.63664,0.63714,0.63764,0.63814,0.63864,0.63914,0.63964,0.64014,0.64064,0.64114,0.64164,0.64214,0.64264,0.64314,0.64364,0.64414,0.64464,0.64514,0.64564,0.64614,0.64664,0.64714,0.64764,0.64814,0.64864,0.64914,0.64964,0.65014,0.65064,0.65114,0.65164,0.65214,0.65264,0.65314,0.65364,0.65413,0.65463,0.65513,0.65563,0.65613,0.65663,0.65713,0.65763,0.65813,0.65863,0.65913,0.65963,0.66013,0.66063,0.66113,0.66163,0.66213,0.66263,0.66313,0.66363,0.66413,0.66463,0.66513,0.66563,0.66613,0.66663,0.66713,0.66763,0.66813,0.66863,0.66913,0.66963,0.67013,0.67063,0.67113,0.67163,0.67212,0.67262,0.67312,0.67362,0.67412,0.67462,0.67512,0.67562,0.67612,0.67662,0.67712,0.67762,0.67812,0.67862,0.67912,0.67962,0.68012,0.68062,0.68112,0.68162,0.68212,0.68262,0.68312,0.68362,0.68412,0.68462,0.68512,0.68562,0.68612,0.68662,0.68712,0.68762,0.68812,0.68862,0.68912,0.68962,0.69011,0.69061,0.69111,0.69161,0.69211,0.69261,0.69311,0.69361,0.69411,0.69461,0.69511,0.69561,0.69611,0.69661,0.69711,0.69761,0.69811,0.69861,0.69911,0.69961,0.70011,0.70061,0.70111,0.70161,0.70211,0.70261,0.70311,0.70361,0.70411,0.70461,0.70511,0.70561,0.70611,0.70661,0.70711,0.70761,0.7081,0.7086,0.7091,0.7096,0.7101,0.7106,0.7111,0.7116,0.7121,0.7126,0.7131,0.7136,0.7141,0.7146,0.7151,0.7156,0.7161,0.7166,0.7171,0.7176,0.7181,0.7186,0.7191,0.7196,0.7201,0.7206,0.7211,0.7216,0.7221,0.7226,0.7231,0.7236,0.7241,0.7246,0.7251,0.7256,0.72609,0.72659,0.72709,0.72759,0.72809,0.72859,0.72909,0.72959,0.73009,0.73059,0.73109,0.73159,0.73209,0.73259,0.73309,0.73359,0.73409,0.73459,0.73509,0.73559,0.73609,0.73659,0.73709,0.73759,0.73809,0.73859,0.73909,0.73959,0.74009,0.74059,0.74109,0.74159,0.74209,0.74259,0.74309,0.74359,0.74408,0.74458,0.74508,0.74558,0.74608,0.74658,0.74708,0.74758,0.74808,0.74858,0.74908,0.74958,0.75008,0.75058,0.75108,0.75158,0.75208,0.75258,0.75308,0.75358,0.75408,0.75458,0.75508,0.75558,0.75608,0.75658,0.75708,0.75758,0.75808,0.75858,0.75908,0.75958,0.76008,0.76058,0.76108,0.76157,0.76207,0.76257,0.76307,0.76357,0.76407,0.76457,0.76507,0.76557,0.76607,0.76657,0.76707,0.76757,0.76807,0.76857,0.76907,0.76957,0.77007,0.77057,0.77107,0.77157,0.77207,0.77257,0.77307,0.77357,0.77407,0.77457,0.77507,0.77557,0.77607,0.77657,0.77707,0.77757,0.77807,0.77857,0.77907,0.77956,0.78006,0.78056,0.78106,0.78156,0.78206,0.78256,0.78306,0.78356,0.78406,0.78456,0.78506,0.78556,0.78606,0.78656,0.78706,0.78756,0.78806,0.78856,0.78906,0.78956,0.79006,0.79056,0.79106,0.79156,0.79206,0.79256,0.79306,0.79356,0.79406,0.79456,0.79506,0.79556,0.79606,0.79656,0.79706,0.79755,0.79805,0.79855,0.79905,0.79955,0.80005,0.80055,0.80105,0.80155,0.80205,0.80255,0.80305,0.80355,0.80405,0.80455,0.80505,0.80555,0.80605,0.80655,0.80705,0.80755,0.80805,0.80855,0.80905,0.80955,0.81005,0.81055,0.81105,0.81155,0.81205,0.81255,0.81305,0.81355,0.81405,0.81455,0.81505,0.81554,0.81604,0.81654,0.81704,0.81754,0.81804,0.81854,0.81904,0.81954,0.82004,0.82054,0.82104,0.82154,0.82204,0.82254,0.82304,0.82354,0.82404,0.82454,0.82504,0.82554,0.82604,0.82654,0.82704,0.82754,0.82804,0.82854,0.82904,0.82954,0.83004,0.83054,0.83104,0.83154,0.83204,0.83254,0.83304,0.83353,0.83403,0.83453,0.83503,0.83553,0.83603,0.83653,0.83703,0.83753,0.83803,0.83853,0.83903,0.83953,0.84003,0.84053,0.84103,0.84153,0.84203,0.84253,0.84303,0.84353,0.84403,0.84453,0.84503,0.84553,0.84603,0.84653,0.84703,0.84753,0.84803,0.84853,0.84903,0.84953,0.85003,0.85053,0.85103,0.85152,0.85202,0.85252,0.85302,0.85352,0.85402,0.85452,0.85502,0.85552,0.85602,0.85652,0.85702,0.85752,0.85802,0.85852,0.85902,0.85952,0.86002,0.86052,0.86102,0.86152,0.86202,0.86252,0.86302,0.86352,0.86402,0.86452,0.86502,0.86552,0.86602,0.86652,0.86702,0.86752,0.86802,0.86852,0.86902,0.86951,0.87001,0.87051,0.87101,0.87151,0.87201,0.87251,0.87301,0.87351,0.87401,0.87451,0.87501,0.87551,0.87601,0.87651,0.87701,0.87751,0.87801,0.87851,0.87901,0.87951,0.88001,0.88051,0.88101,0.88151,0.88201,0.88251,0.88301,0.88351,0.88401,0.88451,0.88501,0.88551,0.88601,0.88651,0.887,0.8875,0.888,0.8885,0.889,0.8895,0.89,0.8905,0.891,0.8915,0.892,0.8925,0.893,0.8935,0.894,0.8945,0.895,0.8955,0.896,0.8965,0.897,0.8975,0.898,0.8985,0.899,0.8995,0.9,0.9005,0.901,0.9015,0.902,0.9025,0.903,0.9035,0.904,0.9045,0.90499,0.90549,0.90599,0.90649,0.90699,0.90749,0.90799,0.90849,0.90899,0.90949,0.90999,0.91049,0.91099,0.91149,0.91199,0.91249,0.91299,0.91349,0.91399,0.91449,0.91499,0.91549,0.91599,0.91649,0.91699,0.91749,0.91799,0.91849,0.91899,0.91949,0.91999,0.92049,0.92099,0.92149,0.92199,0.92249,0.92298,0.92348,0.92398,0.92448,0.92498,0.92548,0.92598,0.92648,0.92698,0.92748,0.92798,0.92848,0.92898,0.92948,0.92998,0.93048,0.93098,0.93148,0.93198,0.93248,0.93298,0.93348,0.93398,0.93448,0.93498,0.93548,0.93598,0.93648,0.93698,0.93748,0.93798,0.93848,0.93898,0.93948,0.93998,0.94048,0.94097,0.94147,0.94197,0.94247,0.94297,0.94347,0.94397,0.94447,0.94497,0.94547,0.94597,0.94647,0.94697,0.94747,0.94797,0.94847,0.94897,0.94947,0.94997,0.95047,0.95097,0.95147,0.95197,0.95247,0.95297,0.95347,0.95397,0.95447,0.95497,0.95547,0.95597,0.95647,0.95697,0.95747,0.95797,0.95847,0.95896,0.95946,0.95996,0.96046,0.96096,0.96146,0.96196,0.96246,0.96296,0.96346,0.96396,0.96446,0.96496,0.96546,0.96596,0.96646,0.96696,0.96746,0.96796,0.96846,0.96896,0.96946,0.96996,0.97046,0.97096,0.97146,0.97196,0.97246,0.97296,0.97346,0.97396,0.97446,0.97496,0.97546,0.97596,0.97646,0.97695,0.97745,0.97795,0.97845,0.97895,0.97945,0.97995,0.98045,0.98095,0.98145,0.98195,0.98245,0.98295,0.98345,0.98395,0.98445,0.98495,0.98545,0.98595,0.98645,0.98695,0.98745,0.98795,0.98845,0.98895,0.98945,0.98995,0.99045,0.99095,0.99145,0.99195,0.99245,0.99295,0.99345,0.99395,0.99445,0.99494,0.99544,0.99594,0.99644,0.99694,0.99744,0.99794,0.99844,0.99894,0.99944,0.99994,1.0004,1.0009,1.0014,1.0019,1.0024,1.0029,1.0034,1.0039,1.0044,1.0049,1.0054,1.0059,1.0064,1.0069,1.0074,1.0079,1.0084,1.0089,1.0094,1.0099,1.0104,1.0109,1.0114,1.0119,1.0124,1.0129,1.0134,1.0139,1.0144,1.0149,1.0154,1.0159,1.0164,1.0169,1.0174,1.0179,1.0184,1.0189,1.0194,1.0199,1.0204,1.0209,1.0214,1.0219,1.0224,1.0229,1.0234,1.0239,1.0244,1.0249,1.0254,1.0259,1.0264,1.0269,1.0274,1.0279,1.0284,1.0289,1.0294,1.0299,1.0304,1.0309,1.0314,1.0319,1.0324,1.0329,1.0334,1.0339,1.0344,1.0349,1.0354,1.0359,1.0364,1.0369,1.0374,1.0379,1.0384,1.0389,1.0394,1.0399,1.0404,1.0409,1.0414,1.0419,1.0424,1.0429,1.0434,1.0439,1.0444,1.0449,1.0454,1.0459,1.0464,1.0469,1.0474,1.0479,1.0484,1.0489,1.0494,1.0499,1.0504,1.0509,1.0514,1.0519,1.0524,1.0529,1.0534,1.0539,1.0544,1.0549,1.0554,1.0559,1.0564,1.0569,1.0574,1.0579,1.0584,1.0589,1.0594,1.0599,1.0604,1.0609,1.0614,1.0619,1.0624,1.0629,1.0634,1.0639,1.0644,1.0649,1.0654,1.0659,1.0664,1.0669,1.0674,1.0679,1.0684,1.0689,1.0694,1.0699,1.0704,1.0709,1.0714,1.0719,1.0724,1.0729,1.0734,1.0739,1.0744,1.0749,1.0754,1.0759,1.0764,1.0769,1.0774,1.0779,1.0784,1.0789,1.0794,1.0799,1.0804,1.0809,1.0814,1.0819,1.0824,1.0829,1.0834,1.0839,1.0844,1.0849,1.0854,1.0859,1.0864,1.0869,1.0874,1.0879,1.0884,1.0889,1.0894,1.0899,1.0904,1.0909,1.0914,1.0919,1.0924,1.0929,1.0934,1.0939,1.0944,1.0949,1.0954,1.0959,1.0964,1.0969,1.0974,1.0979,1.0984,1.0989,1.0994,1.0999,1.1004,1.1009,1.1014,1.1019,1.1024,1.1029,1.1034,1.1039,1.1044,1.1049,1.1054,1.1059,1.1064,1.1069,1.1074,1.1079,1.1084,1.1089,1.1094,1.1099,1.1104,1.1109,1.1114,1.1119,1.1124,1.1129,1.1134,1.1139,1.1144,1.1149,1.1154,1.1159,1.1164,1.1169,1.1174,1.1179,1.1184,1.1189,1.1194,1.1199,1.1204,1.1209,1.1214,1.1219,1.1224,1.1229,1.1234,1.1239,1.1244,1.1249,1.1254,1.1259,1.1264,1.1269,1.1274,1.1279,1.1284,1.1289,1.1294,1.1299,1.1304,1.1309,1.1314,1.1319,1.1324,1.1329,1.1334,1.1339,1.1344,1.1349,1.1354,1.1359,1.1364,1.1369,1.1374,1.1379,1.1384,1.1389,1.1394,1.1399,1.1404,1.1409,1.1414,1.1419,1.1424,1.1429,1.1434,1.1439,1.1444,1.1449,1.1454,1.1459,1.1464,1.1469,1.1474,1.1479,1.1484,1.1489,1.1494,1.1499,1.1504,1.1509,1.1514,1.1519,1.1524,1.1529,1.1534,1.1539,1.1544,1.1549,1.1554,1.1559,1.1564,1.1569,1.1574,1.1579,1.1584,1.1589,1.1594,1.1599,1.1604,1.1609,1.1614,1.1619,1.1624,1.1629,1.1634,1.1639,1.1644,1.1648,1.1653,1.1658,1.1663,1.1668,1.1673,1.1678,1.1683,1.1688,1.1693,1.1698,1.1703,1.1708,1.1713,1.1718,1.1723,1.1728,1.1733,1.1738,1.1743,1.1748,1.1753,1.1758,1.1763,1.1768,1.1773,1.1778,1.1783,1.1788,1.1793,1.1798,1.1803,1.1808,1.1813,1.1818,1.1823,1.1828,1.1833,1.1838,1.1843,1.1848,1.1853,1.1858,1.1863,1.1868,1.1873,1.1878,1.1883,1.1888,1.1893,1.1898,1.1903,1.1908,1.1913,1.1918,1.1923,1.1928,1.1933,1.1938,1.1943,1.1948,1.1953,1.1958,1.1963,1.1968,1.1973,1.1978,1.1983,1.1988,1.1993,1.1998,1.2003,1.2008,1.2013,1.2018,1.2023,1.2028,1.2033,1.2038,1.2043,1.2048,1.2053,1.2058,1.2063,1.2068,1.2073,1.2078,1.2083,1.2088,1.2093,1.2098,1.2103,1.2108,1.2113,1.2118,1.2123,1.2128,1.2133,1.2138,1.2143,1.2148,1.2153,1.2158,1.2163,1.2168,1.2173,1.2178,1.2183,1.2188,1.2193,1.2198,1.2203,1.2208,1.2213,1.2218,1.2223,1.2228,1.2233,1.2238,1.2243,1.2248,1.2253,1.2258,1.2263,1.2268,1.2273,1.2278,1.2283,1.2288,1.2293,1.2298,1.2303,1.2308,1.2313,1.2318,1.2323,1.2328,1.2333,1.2338,1.2343,1.2348,1.2353,1.2358,1.2363,1.2368,1.2373,1.2378,1.2383,1.2388,1.2393,1.2398,1.2403,1.2408,1.2413,1.2418,1.2423,1.2428,1.2433,1.2438,1.2443,1.2448,1.2453,1.2458,1.2463,1.2468,1.2473,1.2478,1.2483,1.2488,1.2493,1.2498,1.2503,1.2508,1.2513,1.2518,1.2523,1.2528,1.2533,1.2538,1.2543,1.2548,1.2553,1.2558,1.2563,1.2568,1.2573,1.2578,1.2583,1.2588,1.2593,1.2598,1.2603,1.2608,1.2613,1.2618,1.2623,1.2628,1.2633,1.2638,1.2643,1.2648,1.2653,1.2658,1.2663,1.2668,1.2673,1.2678,1.2683,1.2688,1.2693,1.2698,1.2703,1.2708,1.2713,1.2718,1.2723,1.2728,1.2733,1.2738,1.2743,1.2748,1.2753,1.2758,1.2763,1.2768,1.2773,1.2778,1.2783,1.2788,1.2793,1.2798,1.2803,1.2808,1.2813,1.2818,1.2823,1.2828,1.2833,1.2838,1.2843,1.2848,1.2853,1.2858,1.2863,1.2868,1.2873,1.2878,1.2883,1.2888,1.2893,1.2898,1.2903,1.2908,1.2913,1.2918,1.2923,1.2928,1.2933,1.2938,1.2943,1.2948,1.2953,1.2958,1.2963,1.2968,1.2973,1.2978,1.2983,1.2988,1.2993,1.2998,1.3003,1.3008,1.3013,1.3018,1.3023,1.3028,1.3033,1.3038,1.3043,1.3048,1.3053,1.3058,1.3063,1.3068,1.3073,1.3078,1.3083,1.3088,1.3093,1.3098,1.3103,1.3108,1.3113,1.3118,1.3123,1.3128,1.3133,1.3138,1.3143,1.3148,1.3153,1.3158,1.3163,1.3168,1.3173,1.3178,1.3183,1.3188,1.3193,1.3198,1.3203,1.3208,1.3213,1.3218,1.3223,1.3228,1.3233,1.3238,1.3243,1.3248,1.3253,1.3258,1.3263,1.3268,1.3273,1.3278,1.3283,1.3288,1.3293,1.3298,1.3303,1.3308,1.3313,1.3318,1.3323,1.3328,1.3333,1.3338,1.3343,1.3348,1.3353,1.3358,1.3363,1.3368,1.3373,1.3378,1.3383,1.3388,1.3393,1.3398,1.3403,1.3408,1.3413,1.3418,1.3423,1.3428,1.3433,1.3438,1.3442,1.3447,1.3452,1.3457,1.3462,1.3467,1.3472,1.3477,1.3482,1.3487,1.3492,1.3497,1.3502,1.3507,1.3512,1.3517,1.3522,1.3527,1.3532,1.3537,1.3542,1.3547,1.3552,1.3557,1.3562,1.3567,1.3572,1.3577,1.3582,1.3587,1.3592,1.3597,1.3602,1.3607,1.3612,1.3617,1.3622,1.3627,1.3632,1.3637,1.3642,1.3647,1.3652,1.3657,1.3662,1.3667,1.3672,1.3677,1.3682,1.3687,1.3692,1.3697,1.3702,1.3707,1.3712,1.3717,1.3722,1.3727,1.3732,1.3737,1.3742,1.3747,1.3752,1.3757,1.3762,1.3767,1.3772,1.3777,1.3782,1.3787,1.3792,1.3797,1.3802,1.3807,1.3812,1.3817,1.3822,1.3827,1.3832,1.3837,1.3842,1.3847,1.3852,1.3857,1.3862,1.3867,1.3872,1.3877,1.3882,1.3887,1.3892,1.3897,1.3902,1.3907,1.3912,1.3917,1.3922,1.3927,1.3932,1.3937,1.3942,1.3947,1.3952,1.3957,1.3962,1.3967,1.3972,1.3977,1.3982,1.3987,1.3992,1.3997,1.4002,1.4007,1.4012,1.4017,1.4022,1.4027,1.4032,1.4037,1.4042,1.4047,1.4052,1.4057,1.4062,1.4067,1.4072,1.4077,1.4082,1.4087,1.4092,1.4097,1.4102,1.4107,1.4112,1.4117,1.4122,1.4127,1.4132,1.4137,1.4142,1.4147,1.4152,1.4157,1.4162,1.4167,1.4172,1.4177,1.4182,1.4187,1.4192,1.4197,1.4202,1.4207,1.4212,1.4217,1.4222,1.4227,1.4232,1.4237,1.4242,1.4247,1.4252,1.4257,1.4262,1.4267,1.4272,1.4277,1.4282,1.4287,1.4292,1.4297,1.4302,1.4307,1.4312,1.4317,1.4322,1.4327,1.4332,1.4337,1.4342,1.4347,1.4352,1.4357,1.4362,1.4367,1.4372,1.4377,1.4382,1.4387,1.4392,1.4397,1.4402,1.4407,1.4412,1.4417,1.4422,1.4427,1.4432,1.4437,1.4442,1.4447,1.4452,1.4457,1.4462,1.4467,1.4472,1.4477,1.4482,1.4487,1.4492,1.4497,1.4502,1.4507,1.4512,1.4517,1.4522,1.4527,1.4532,1.4537,1.4542,1.4547,1.4552,1.4557,1.4562,1.4567,1.4572,1.4577,1.4582,1.4587,1.4592,1.4597,1.4602,1.4607,1.4612,1.4617,1.4622,1.4627,1.4632,1.4637,1.4642,1.4647,1.4652,1.4657,1.4662,1.4667,1.4672,1.4677,1.4682,1.4687,1.4692,1.4697,1.4702,1.4707,1.4712,1.4717,1.4722,1.4727,1.4732,1.4737,1.4742,1.4747,1.4752,1.4757,1.4762,1.4767,1.4772,1.4777,1.4782,1.4787,1.4792,1.4797,1.4802,1.4807,1.4812,1.4817,1.4822,1.4827,1.4832,1.4837,1.4842,1.4847,1.4852,1.4857,1.4862,1.4867,1.4872,1.4877,1.4882,1.4887,1.4892,1.4897,1.4902,1.4907,1.4912,1.4917,1.4922,1.4927,1.4932,1.4937,1.4942,1.4947,1.4952,1.4957,1.4962,1.4967,1.4972,1.4977,1.4982,1.4987,1.4992,1.4997,1.5002,1.5007,1.5012,1.5017,1.5022,1.5027,1.5032,1.5037,1.5042,1.5047,1.5052,1.5057,1.5062,1.5067,1.5072,1.5077,1.5082,1.5087,1.5092,1.5097,1.5102,1.5107,1.5112,1.5117,1.5122,1.5127,1.5132,1.5137,1.5142,1.5147,1.5152,1.5157,1.5162,1.5167,1.5172,1.5177,1.5182,1.5187,1.5192,1.5197,1.5202,1.5207,1.5212,1.5217,1.5222,1.5227,1.5231,1.5236,1.5241,1.5246,1.5251,1.5256,1.5261,1.5266,1.5271,1.5276,1.5281,1.5286,1.5291,1.5296,1.5301,1.5306,1.5311,1.5316,1.5321,1.5326,1.5331,1.5336,1.5341,1.5346,1.5351,1.5356,1.5361,1.5366,1.5371,1.5376,1.5381,1.5386,1.5391,1.5396,1.5401,1.5406,1.5411,1.5416,1.5421,1.5426,1.5431,1.5436,1.5441,1.5446,1.5451,1.5456,1.5461,1.5466,1.5471,1.5476,1.5481,1.5486,1.5491,1.5496,1.5501,1.5506,1.5511,1.5516,1.5521,1.5526,1.5531,1.5536,1.5541,1.5546,1.5551,1.5556,1.5561,1.5566,1.5571,1.5576,1.5581,1.5586,1.5591,1.5596,1.5601,1.5606,1.5611,1.5616,1.5621,1.5626,1.5631,1.5636,1.5641,1.5646,1.5651,1.5656,1.5661,1.5666,1.5671,1.5676,1.5681,1.5686,1.5691,1.5696,1.5701,1.5706,1.5711,1.5716,1.5721,1.5726,1.5731,1.5736,1.5741,1.5746,1.5751,1.5756,1.5761,1.5766,1.5771,1.5776,1.5781,1.5786,1.5791,1.5796,1.5801,1.5806,1.5811,1.5816,1.5821,1.5826,1.5831,1.5836,1.5841,1.5846,1.5851,1.5856,1.5861,1.5866,1.5871,1.5876,1.5881,1.5886,1.5891,1.5896,1.5901,1.5906,1.5911,1.5916,1.5921,1.5926,1.5931,1.5936,1.5941,1.5946,1.5951,1.5956,1.5961,1.5966,1.5971,1.5976,1.5981,1.5986,1.5991,1.5996,1.6001,1.6006,1.6011,1.6016,1.6021,1.6026,1.6031,1.6036,1.6041,1.6046,1.6051,1.6056,1.6061,1.6066,1.6071,1.6076,1.6081,1.6086,1.6091,1.6096,1.6101,1.6106,1.6111,1.6116,1.6121,1.6126,1.6131,1.6136,1.6141,1.6146,1.6151,1.6156,1.6161,1.6166,1.6171,1.6176,1.6181,1.6186,1.6191,1.6196,1.6201,1.6206,1.6211,1.6216,1.6221,1.6226,1.6231,1.6236,1.6241,1.6246,1.6251,1.6256,1.6261,1.6266,1.6271,1.6276,1.6281,1.6286,1.6291,1.6296,1.6301,1.6306,1.6311,1.6316,1.6321,1.6326,1.6331,1.6336,1.6341,1.6346,1.6351,1.6356,1.6361,1.6366,1.6371,1.6376,1.6381,1.6386,1.6391,1.6396,1.6401,1.6406,1.6411,1.6416,1.6421,1.6426,1.6431,1.6436,1.6441,1.6446,1.6451,1.6456,1.6461,1.6466,1.6471,1.6476,1.6481,1.6486,1.6491,1.6496,1.6501,1.6506,1.6511,1.6516,1.6521,1.6526,1.6531,1.6536,1.6541,1.6546,1.6551,1.6556,1.6561,1.6566,1.6571,1.6576,1.6581,1.6586,1.6591,1.6596,1.6601,1.6606,1.6611,1.6616,1.6621,1.6626,1.6631,1.6636,1.6641,1.6646,1.6651,1.6656,1.6661,1.6666,1.6671,1.6676,1.6681,1.6686,1.6691,1.6696,1.6701,1.6706,1.6711,1.6716,1.6721,1.6726,1.6731,1.6736,1.6741,1.6746,1.6751,1.6756,1.6761,1.6766,1.6771,1.6776,1.6781,1.6786,1.6791,1.6796,1.6801,1.6806,1.6811,1.6816,1.6821,1.6826,1.6831,1.6836,1.6841,1.6846,1.6851,1.6856,1.6861,1.6866,1.6871,1.6876,1.6881,1.6886,1.6891,1.6896,1.6901,1.6906,1.6911,1.6916,1.6921,1.6926,1.6931,1.6936,1.6941,1.6946,1.6951,1.6956,1.6961,1.6966,1.6971,1.6976,1.6981,1.6986,1.6991,1.6996,1.7001,1.7006,1.7011,1.7016,1.7021,1.7025,1.703,1.7035,1.704,1.7045,1.705,1.7055,1.706,1.7065,1.707,1.7075,1.708,1.7085,1.709,1.7095,1.71,1.7105,1.711,1.7115,1.712,1.7125,1.713,1.7135,1.714,1.7145,1.715,1.7155,1.716,1.7165,1.717,1.7175,1.718,1.7185,1.719,1.7195,1.72,1.7205,1.721,1.7215,1.722,1.7225,1.723,1.7235,1.724,1.7245,1.725,1.7255,1.726,1.7265,1.727,1.7275,1.728,1.7285,1.729,1.7295,1.73,1.7305,1.731,1.7315,1.732,1.7325,1.733,1.7335,1.734,1.7345,1.735,1.7355,1.736,1.7365,1.737,1.7375,1.738,1.7385,1.739,1.7395,1.74,1.7405,1.741,1.7415,1.742,1.7425,1.743,1.7435,1.744,1.7445,1.745,1.7455,1.746,1.7465,1.747,1.7475,1.748,1.7485,1.749,1.7495,1.75,1.7505,1.751,1.7515,1.752,1.7525,1.753,1.7535,1.754,1.7545,1.755,1.7555,1.756,1.7565,1.757,1.7575,1.758,1.7585,1.759,1.7595,1.76,1.7605,1.761,1.7615,1.762,1.7625,1.763,1.7635,1.764,1.7645,1.765,1.7655,1.766,1.7665,1.767,1.7675,1.768,1.7685,1.769,1.7695,1.77,1.7705,1.771,1.7715,1.772,1.7725,1.773,1.7735,1.774,1.7745,1.775,1.7755,1.776,1.7765,1.777,1.7775,1.778,1.7785,1.779,1.7795,1.78,1.7805,1.781,1.7815,1.782,1.7825,1.783,1.7835,1.784,1.7845,1.785,1.7855,1.786,1.7865,1.787,1.7875,1.788,1.7885,1.789,1.7895,1.79,1.7905,1.791,1.7915,1.792,1.7925,1.793,1.7935,1.794,1.7945,1.795,1.7955,1.796,1.7965,1.797,1.7975,1.798,1.7985,1.799,1.7995,1.8,1.8005,1.801,1.8015,1.802,1.8025,1.803,1.8035,1.804,1.8045,1.805,1.8055,1.806,1.8065,1.807,1.8075,1.808,1.8085,1.809,1.8095,1.81,1.8105,1.811,1.8115,1.812,1.8125,1.813,1.8135,1.814,1.8145,1.815,1.8155,1.816,1.8165,1.817,1.8175,1.818,1.8185,1.819,1.8195,1.82,1.8205,1.821,1.8215,1.822,1.8225,1.823,1.8235,1.824,1.8245,1.825,1.8255,1.826,1.8265,1.827,1.8275,1.828,1.8285,1.829,1.8295,1.83,1.8305,1.831,1.8315,1.832,1.8325,1.833,1.8335,1.834,1.8345,1.835,1.8355,1.836,1.8365,1.837,1.8375,1.838,1.8385,1.839,1.8395,1.84,1.8405,1.841,1.8415,1.842,1.8425,1.843,1.8435,1.844,1.8445,1.845,1.8455,1.846,1.8465,1.847,1.8475,1.848,1.8485,1.849,1.8495,1.85,1.8505,1.851,1.8515,1.852,1.8525,1.853,1.8535,1.854,1.8545,1.855,1.8555,1.856,1.8565,1.857,1.8575,1.858,1.8585,1.859,1.8595,1.86,1.8605,1.861,1.8615,1.862,1.8625,1.863,1.8635,1.864,1.8645,1.865,1.8655,1.866,1.8665,1.867,1.8675,1.868,1.8685,1.869,1.8695,1.87,1.8705,1.871,1.8715,1.872,1.8725,1.873,1.8735,1.874,1.8745,1.875,1.8755,1.876,1.8765,1.877,1.8775,1.878,1.8785,1.879,1.8795,1.88,1.8805,1.881,1.8815,1.8819,1.8824,1.8829,1.8834,1.8839,1.8844,1.8849,1.8854,1.8859,1.8864,1.8869,1.8874,1.8879,1.8884,1.8889,1.8894,1.8899,1.8904,1.8909,1.8914,1.8919,1.8924,1.8929,1.8934,1.8939,1.8944,1.8949,1.8954,1.8959,1.8964,1.8969,1.8974,1.8979,1.8984,1.8989,1.8994,1.8999,1.9004,1.9009,1.9014,1.9019,1.9024,1.9029,1.9034,1.9039,1.9044,1.9049,1.9054,1.9059,1.9064,1.9069,1.9074,1.9079,1.9084,1.9089,1.9094,1.9099,1.9104,1.9109,1.9114,1.9119,1.9124,1.9129,1.9134,1.9139,1.9144,1.9149,1.9154,1.9159,1.9164,1.9169,1.9174,1.9179,1.9184,1.9189,1.9194,1.9199,1.9204,1.9209,1.9214,1.9219,1.9224,1.9229,1.9234,1.9239,1.9244,1.9249,1.9254,1.9259,1.9264,1.9269,1.9274,1.9279,1.9284,1.9289,1.9294,1.9299,1.9304,1.9309,1.9314,1.9319,1.9324,1.9329,1.9334,1.9339,1.9344,1.9349,1.9354,1.9359,1.9364,1.9369,1.9374,1.9379,1.9384,1.9389,1.9394,1.9399,1.9404,1.9409,1.9414,1.9419,1.9424,1.9429,1.9434,1.9439,1.9444,1.9449,1.9454,1.9459,1.9464,1.9469,1.9474,1.9479,1.9484,1.9489,1.9494,1.9499,1.9504,1.9509,1.9514,1.9519,1.9524,1.9529,1.9534,1.9539,1.9544,1.9549,1.9554,1.9559,1.9564,1.9569,1.9574,1.9579,1.9584,1.9589,1.9594,1.9599,1.9604,1.9609,1.9614,1.9619,1.9624,1.9629,1.9634,1.9639,1.9644,1.9649,1.9654,1.9659,1.9664,1.9669,1.9674,1.9679,1.9684,1.9689,1.9694,1.9699,1.9704,1.9709,1.9714,1.9719,1.9724,1.9729,1.9734,1.9739,1.9744,1.9749,1.9754,1.9759,1.9764,1.9769,1.9774,1.9779,1.9784,1.9789,1.9794,1.9799,1.9804,1.9809,1.9814,1.9819,1.9824,1.9829,1.9834,1.9839,1.9844,1.9849,1.9854,1.9859,1.9864,1.9869,1.9874,1.9879,1.9884,1.9889,1.9894,1.9899,1.9904,1.9909,1.9914,1.9919,1.9924,1.9929,1.9934,1.9939,1.9944,1.9949,1.9954,1.9959,1.9964,1.9969,1.9974,1.9979,1.9984,1.9989,1.9994,1.9999,2.0004,2.0009,2.0014,2.0019,2.0024,2.0029,2.0034,2.0039,2.0044,2.0049,2.0054,2.0059,2.0064,2.0069,2.0074,2.0079,2.0084,2.0089,2.0094,2.0099,2.0104,2.0109,2.0114,2.0119,2.0124,2.0129,2.0134,2.0139,2.0144,2.0149,2.0154,2.0159,2.0164,2.0169,2.0174,2.0179,2.0184,2.0189,2.0194,2.0199,2.0204,2.0209,2.0214,2.0219,2.0224,2.0229,2.0234,2.0239,2.0244,2.0249,2.0254,2.0259,2.0264,2.0269,2.0274,2.0279,2.0284,2.0289,2.0294,2.0299,2.0304,2.0309,2.0314,2.0319,2.0324,2.0329,2.0334,2.0339,2.0344,2.0349,2.0354,2.0359,2.0364,2.0369,2.0374,2.0379,2.0384,2.0389,2.0394,2.0399,2.0404,2.0409,2.0414,2.0419,2.0424,2.0429,2.0434,2.0439,2.0444,2.0449,2.0454,2.0459,2.0464,2.0469,2.0474,2.0479,2.0484,2.0489,2.0494,2.0499,2.0504,2.0509,2.0514,2.0519,2.0524,2.0529,2.0534,2.0539,2.0544,2.0549,2.0554,2.0559,2.0564,2.0569,2.0574,2.0579,2.0584,2.0589,2.0594,2.0599,2.0604,2.0608,2.0613,2.0618,2.0623,2.0628,2.0633,2.0638,2.0643,2.0648,2.0653,2.0658,2.0663,2.0668,2.0673,2.0678,2.0683,2.0688,2.0693,2.0698,2.0703,2.0708,2.0713,2.0718,2.0723,2.0728,2.0733,2.0738,2.0743,2.0748,2.0753,2.0758,2.0763,2.0768,2.0773,2.0778,2.0783,2.0788,2.0793,2.0798,2.0803,2.0808,2.0813,2.0818,2.0823,2.0828,2.0833,2.0838,2.0843,2.0848,2.0853,2.0858,2.0863,2.0868,2.0873,2.0878,2.0883,2.0888,2.0893,2.0898,2.0903,2.0908,2.0913,2.0918,2.0923,2.0928,2.0933,2.0938,2.0943,2.0948,2.0953,2.0958,2.0963,2.0968,2.0973,2.0978,2.0983,2.0988,2.0993,2.0998,2.1003,2.1008,2.1013,2.1018,2.1023,2.1028,2.1033,2.1038,2.1043,2.1048,2.1053,2.1058,2.1063,2.1068,2.1073,2.1078,2.1083,2.1088,2.1093,2.1098,2.1103,2.1108,2.1113,2.1118,2.1123,2.1128,2.1133,2.1138,2.1143,2.1148,2.1153,2.1158,2.1163,2.1168,2.1173,2.1178,2.1183,2.1188,2.1193,2.1198,2.1203,2.1208,2.1213,2.1218,2.1223,2.1228,2.1233,2.1238,2.1243,2.1248,2.1253,2.1258,2.1263,2.1268,2.1273,2.1278,2.1283,2.1288,2.1293,2.1298,2.1303,2.1308,2.1313,2.1318,2.1323,2.1328,2.1333,2.1338,2.1343,2.1348,2.1353,2.1358,2.1363,2.1368,2.1373,2.1378,2.1383,2.1388,2.1393,2.1398,2.1403,2.1408,2.1413,2.1418,2.1423,2.1428,2.1433,2.1438,2.1443,2.1448,2.1453,2.1458,2.1463,2.1468,2.1473,2.1478,2.1483,2.1488,2.1493,2.1498,2.1503,2.1508,2.1513,2.1518,2.1523,2.1528,2.1533,2.1538,2.1543,2.1548,2.1553,2.1558,2.1563,2.1568,2.1573,2.1578,2.1583,2.1588,2.1593,2.1598,2.1603,2.1608,2.1613,2.1618,2.1623,2.1628,2.1633,2.1638,2.1643,2.1648,2.1653,2.1658,2.1663,2.1668,2.1673,2.1678,2.1683,2.1688,2.1693,2.1698,2.1703,2.1708,2.1713,2.1718,2.1723,2.1728,2.1733,2.1738,2.1743,2.1748,2.1753,2.1758,2.1763,2.1768,2.1773,2.1778,2.1783,2.1788,2.1793,2.1798,2.1803,2.1808,2.1813,2.1818,2.1823,2.1828,2.1833,2.1838,2.1843,2.1848,2.1853,2.1858,2.1863,2.1868,2.1873,2.1878,2.1883,2.1888,2.1893,2.1898,2.1903,2.1908,2.1913,2.1918,2.1923,2.1928,2.1933,2.1938,2.1943,2.1948,2.1953,2.1958,2.1963,2.1968,2.1973,2.1978,2.1983,2.1988,2.1993,2.1998,2.2003,2.2008,2.2013,2.2018,2.2023,2.2028,2.2033,2.2038,2.2043,2.2048,2.2053,2.2058,2.2063,2.2068,2.2073,2.2078,2.2083,2.2088,2.2093,2.2098,2.2103,2.2108,2.2113,2.2118,2.2123,2.2128,2.2133,2.2138,2.2143,2.2148,2.2153,2.2158,2.2163,2.2168,2.2173,2.2178,2.2183,2.2188,2.2193,2.2198,2.2203,2.2208,2.2213,2.2218,2.2223,2.2228,2.2233,2.2238,2.2243,2.2248,2.2253,2.2258,2.2263,2.2268,2.2273,2.2278,2.2283,2.2288,2.2293,2.2298,2.2303,2.2308,2.2313,2.2318,2.2323,2.2328,2.2333,2.2338,2.2343,2.2348,2.2353,2.2358,2.2363,2.2368,2.2373,2.2378,2.2383,2.2388,2.2393,2.2398,2.2402,2.2407,2.2412,2.2417,2.2422,2.2427,2.2432,2.2437,2.2442,2.2447,2.2452,2.2457,2.2462,2.2467,2.2472,2.2477,2.2482,2.2487,2.2492,2.2497,2.2502,2.2507,2.2512,2.2517,2.2522,2.2527,2.2532,2.2537,2.2542,2.2547,2.2552,2.2557,2.2562,2.2567,2.2572,2.2577,2.2582,2.2587,2.2592,2.2597,2.2602,2.2607,2.2612,2.2617,2.2622,2.2627,2.2632,2.2637,2.2642,2.2647,2.2652,2.2657,2.2662,2.2667,2.2672,2.2677,2.2682,2.2687,2.2692,2.2697,2.2702,2.2707,2.2712,2.2717,2.2722,2.2727,2.2732,2.2737,2.2742,2.2747,2.2752,2.2757,2.2762,2.2767,2.2772,2.2777,2.2782,2.2787,2.2792,2.2797,2.2802,2.2807,2.2812,2.2817,2.2822,2.2827,2.2832,2.2837,2.2842,2.2847,2.2852,2.2857,2.2862,2.2867,2.2872,2.2877,2.2882,2.2887,2.2892,2.2897,2.2902,2.2907,2.2912,2.2917,2.2922,2.2927,2.2932,2.2937,2.2942,2.2947,2.2952,2.2957,2.2962,2.2967,2.2972,2.2977,2.2982,2.2987,2.2992,2.2997,2.3002,2.3007,2.3012,2.3017,2.3022,2.3027,2.3032,2.3037,2.3042,2.3047,2.3052,2.3057,2.3062,2.3067,2.3072,2.3077,2.3082,2.3087,2.3092,2.3097,2.3102,2.3107,2.3112,2.3117,2.3122,2.3127,2.3132,2.3137,2.3142,2.3147,2.3152,2.3157,2.3162,2.3167,2.3172,2.3177,2.3182,2.3187,2.3192,2.3197,2.3202,2.3207,2.3212,2.3217,2.3222,2.3227,2.3232,2.3237,2.3242,2.3247,2.3252,2.3257,2.3262,2.3267,2.3272,2.3277,2.3282,2.3287,2.3292,2.3297,2.3302,2.3307,2.3312,2.3317,2.3322,2.3327,2.3332,2.3337,2.3342,2.3347,2.3352,2.3357,2.3362,2.3367,2.3372,2.3377,2.3382,2.3387,2.3392,2.3397,2.3402,2.3407,2.3412,2.3417,2.3422,2.3427,2.3432,2.3437,2.3442,2.3447,2.3452,2.3457,2.3462,2.3467,2.3472,2.3477,2.3482,2.3487,2.3492,2.3497,2.3502,2.3507,2.3512,2.3517,2.3522,2.3527,2.3532,2.3537,2.3542,2.3547,2.3552,2.3557,2.3562,2.3567,2.3572,2.3577,2.3582,2.3587,2.3592,2.3597,2.3602,2.3607,2.3612,2.3617,2.3622,2.3627,2.3632,2.3637,2.3642,2.3647,2.3652,2.3657,2.3662,2.3667,2.3672,2.3677,2.3682,2.3687,2.3692,2.3697,2.3702,2.3707,2.3712,2.3717,2.3722,2.3727,2.3732,2.3737,2.3742,2.3747,2.3752,2.3757,2.3762,2.3767,2.3772,2.3777,2.3782,2.3787,2.3792,2.3797,2.3802,2.3807,2.3812,2.3817,2.3822,2.3827,2.3832,2.3837,2.3842,2.3847,2.3852,2.3857,2.3862,2.3867,2.3872,2.3877,2.3882,2.3887,2.3892,2.3897,2.3902,2.3907,2.3912,2.3917,2.3922,2.3927,2.3932,2.3937,2.3942,2.3947,2.3952,2.3957,2.3962,2.3967,2.3972,2.3977,2.3982,2.3987,2.3992,2.3997,2.4002,2.4007,2.4012,2.4017,2.4022,2.4027,2.4032,2.4037,2.4042,2.4047,2.4052,2.4057,2.4062,2.4067,2.4072,2.4077,2.4082,2.4087,2.4092,2.4097,2.4102,2.4107,2.4112,2.4117,2.4122,2.4127,2.4132,2.4137,2.4142,2.4147,2.4152,2.4157,2.4162,2.4167,2.4172,2.4177,2.4182,2.4187,2.4191,2.4196,2.4201,2.4206,2.4211,2.4216,2.4221,2.4226,2.4231,2.4236,2.4241,2.4246,2.4251,2.4256,2.4261,2.4266,2.4271,2.4276,2.4281,2.4286,2.4291,2.4296,2.4301,2.4306,2.4311,2.4316,2.4321,2.4326,2.4331,2.4336,2.4341,2.4346,2.4351,2.4356,2.4361,2.4366,2.4371,2.4376,2.4381,2.4386,2.4391,2.4396,2.4401,2.4406,2.4411,2.4416,2.4421,2.4426,2.4431,2.4436,2.4441,2.4446,2.4451,2.4456,2.4461,2.4466,2.4471,2.4476,2.4481,2.4486,2.4491,2.4496,2.4501,2.4506,2.4511,2.4516,2.4521,2.4526,2.4531,2.4536,2.4541,2.4546,2.4551,2.4556,2.4561,2.4566,2.4571,2.4576,2.4581,2.4586,2.4591,2.4596,2.4601,2.4606,2.4611,2.4616,2.4621,2.4626,2.4631,2.4636,2.4641,2.4646,2.4651,2.4656,2.4661,2.4666,2.4671,2.4676,2.4681,2.4686,2.4691,2.4696,2.4701,2.4706,2.4711,2.4716,2.4721,2.4726,2.4731,2.4736,2.4741,2.4746,2.4751,2.4756,2.4761,2.4766,2.4771,2.4776,2.4781,2.4786,2.4791,2.4796,2.4801,2.4806,2.4811,2.4816,2.4821,2.4826,2.4831,2.4836,2.4841,2.4846,2.4851,2.4856,2.4861,2.4866,2.4871,2.4876,2.4881,2.4886,2.4891,2.4896,2.4901,2.4906,2.4911,2.4916,2.4921,2.4926,2.4931,2.4936,2.4941,2.4946,2.4951,2.4956,2.4961,2.4966,2.4971,2.4976,2.4981,2.4986,2.4991,2.4996,2.5001,2.5006,2.5011,2.5016,2.5021,2.5026,2.5031,2.5036,2.5041,2.5046,2.5051,2.5056,2.5061,2.5066,2.5071,2.5076,2.5081,2.5086,2.5091,2.5096,2.5101,2.5106,2.5111,2.5116,2.5121,2.5126,2.5131,2.5136,2.5141,2.5146,2.5151,2.5156,2.5161,2.5166,2.5171,2.5176,2.5181,2.5186,2.5191,2.5196,2.5201,2.5206,2.5211,2.5216,2.5221,2.5226,2.5231,2.5236,2.5241,2.5246,2.5251,2.5256,2.5261,2.5266,2.5271,2.5276,2.5281,2.5286,2.5291,2.5296,2.5301,2.5306,2.5311,2.5316,2.5321,2.5326,2.5331,2.5336,2.5341,2.5346,2.5351,2.5356,2.5361,2.5366,2.5371,2.5376,2.5381,2.5386,2.5391,2.5396,2.5401,2.5406,2.5411,2.5416,2.5421,2.5426,2.5431,2.5436,2.5441,2.5446,2.5451,2.5456,2.5461,2.5466,2.5471,2.5476,2.5481,2.5486,2.5491,2.5496,2.5501,2.5506,2.5511,2.5516,2.5521,2.5526,2.5531,2.5536,2.5541,2.5546,2.5551,2.5556,2.5561,2.5566,2.5571,2.5576,2.5581,2.5586,2.5591,2.5596,2.5601,2.5606,2.5611,2.5616,2.5621,2.5626,2.5631,2.5636,2.5641,2.5646,2.5651,2.5656,2.5661,2.5666,2.5671,2.5676,2.5681,2.5686,2.5691,2.5696,2.5701,2.5706,2.5711,2.5716,2.5721,2.5726,2.5731,2.5736,2.5741,2.5746,2.5751,2.5756,2.5761,2.5766,2.5771,2.5776,2.5781,2.5786,2.5791,2.5796,2.5801,2.5806,2.5811,2.5816,2.5821,2.5826,2.5831,2.5836,2.5841,2.5846,2.5851,2.5856,2.5861,2.5866,2.5871,2.5876,2.5881,2.5886,2.5891,2.5896,2.5901,2.5906,2.5911,2.5916,2.5921,2.5926,2.5931,2.5936,2.5941,2.5946,2.5951,2.5956,2.5961,2.5966,2.5971,2.5976,2.5981,2.5985,2.599,2.5995,2.6,2.6005,2.601,2.6015,2.602,2.6025,2.603,2.6035,2.604,2.6045,2.605,2.6055,2.606,2.6065,2.607,2.6075,2.608,2.6085,2.609,2.6095,2.61,2.6105,2.611,2.6115,2.612,2.6125,2.613,2.6135,2.614,2.6145,2.615,2.6155,2.616,2.6165,2.617,2.6175,2.618,2.6185,2.619,2.6195,2.62,2.6205,2.621,2.6215,2.622,2.6225,2.623,2.6235,2.624,2.6245,2.625,2.6255,2.626,2.6265,2.627,2.6275,2.628,2.6285,2.629,2.6295,2.63,2.6305,2.631,2.6315,2.632,2.6325,2.633,2.6335,2.634,2.6345,2.635,2.6355,2.636,2.6365,2.637,2.6375,2.638,2.6385,2.639,2.6395,2.64,2.6405,2.641,2.6415,2.642,2.6425,2.643,2.6435,2.644,2.6445,2.645,2.6455,2.646,2.6465,2.647,2.6475,2.648,2.6485,2.649,2.6495,2.65,2.6505,2.651,2.6515,2.652,2.6525,2.653,2.6535,2.654,2.6545,2.655,2.6555,2.656,2.6565,2.657,2.6575,2.658,2.6585,2.659,2.6595,2.66,2.6605,2.661,2.6615,2.662,2.6625,2.663,2.6635,2.664,2.6645,2.665,2.6655,2.666,2.6665,2.667,2.6675,2.668,2.6685,2.669,2.6695,2.67,2.6705,2.671,2.6715,2.672,2.6725,2.673,2.6735,2.674,2.6745,2.675,2.6755,2.676,2.6765,2.677,2.6775,2.678,2.6785,2.679,2.6795,2.68,2.6805,2.681,2.6815,2.682,2.6825,2.683,2.6835,2.684,2.6845,2.685,2.6855,2.686,2.6865,2.687,2.6875,2.688,2.6885,2.689,2.6895,2.69,2.6905,2.691,2.6915,2.692,2.6925,2.693,2.6935,2.694,2.6945,2.695,2.6955,2.696,2.6965,2.697,2.6975,2.698,2.6985,2.699,2.6995,2.7,2.7005,2.701,2.7015,2.702,2.7025,2.703,2.7035,2.704,2.7045,2.705,2.7055,2.706,2.7065,2.707,2.7075,2.708,2.7085,2.709,2.7095,2.71,2.7105,2.711,2.7115,2.712,2.7125,2.713,2.7135,2.714,2.7145,2.715,2.7155,2.716,2.7165,2.717,2.7175,2.718,2.7185,2.719,2.7195,2.72,2.7205,2.721,2.7215,2.722,2.7225,2.723,2.7235,2.724,2.7245,2.725,2.7255,2.726,2.7265,2.727,2.7275,2.728,2.7285,2.729,2.7295,2.73,2.7305,2.731,2.7315,2.732,2.7325,2.733,2.7335,2.734,2.7345,2.735,2.7355,2.736,2.7365,2.737,2.7375,2.738,2.7385,2.739,2.7395,2.74,2.7405,2.741,2.7415,2.742,2.7425,2.743,2.7435,2.744,2.7445,2.745,2.7455,2.746,2.7465,2.747,2.7475,2.748,2.7485,2.749,2.7495,2.75,2.7505,2.751,2.7515,2.752,2.7525,2.753,2.7535,2.754,2.7545,2.755,2.7555,2.756,2.7565,2.757,2.7575,2.758,2.7585,2.759,2.7595,2.76,2.7605,2.761,2.7615,2.762,2.7625,2.763,2.7635,2.764,2.7645,2.765,2.7655,2.766,2.7665,2.767,2.7675,2.768,2.7685,2.769,2.7695,2.77,2.7705,2.771,2.7715,2.772,2.7725,2.773,2.7735,2.774,2.7745,2.775,2.7755,2.776,2.7765,2.777,2.7774,2.7779,2.7784,2.7789,2.7794,2.7799,2.7804,2.7809,2.7814,2.7819,2.7824,2.7829,2.7834,2.7839,2.7844,2.7849,2.7854,2.7859,2.7864,2.7869,2.7874,2.7879,2.7884,2.7889,2.7894,2.7899,2.7904,2.7909,2.7914,2.7919,2.7924,2.7929,2.7934,2.7939,2.7944,2.7949,2.7954,2.7959,2.7964,2.7969,2.7974,2.7979,2.7984,2.7989,2.7994,2.7999,2.8004,2.8009,2.8014,2.8019,2.8024,2.8029,2.8034,2.8039,2.8044,2.8049,2.8054,2.8059,2.8064,2.8069,2.8074,2.8079,2.8084,2.8089,2.8094,2.8099,2.8104,2.8109,2.8114,2.8119,2.8124,2.8129,2.8134,2.8139,2.8144,2.8149,2.8154,2.8159,2.8164,2.8169,2.8174,2.8179,2.8184,2.8189,2.8194,2.8199,2.8204,2.8209,2.8214,2.8219,2.8224,2.8229,2.8234,2.8239,2.8244,2.8249,2.8254,2.8259,2.8264,2.8269,2.8274,2.8279,2.8284,2.8289,2.8294,2.8299,2.8304,2.8309,2.8314,2.8319,2.8324,2.8329,2.8334,2.8339,2.8344,2.8349,2.8354,2.8359,2.8364,2.8369,2.8374,2.8379,2.8384,2.8389,2.8394,2.8399,2.8404,2.8409,2.8414,2.8419,2.8424,2.8429,2.8434,2.8439,2.8444,2.8449,2.8454,2.8459,2.8464,2.8469,2.8474,2.8479,2.8484,2.8489,2.8494,2.8499,2.8504,2.8509,2.8514,2.8519,2.8524,2.8529,2.8534,2.8539,2.8544,2.8549,2.8554,2.8559,2.8564,2.8569,2.8574,2.8579,2.8584,2.8589,2.8594,2.8599,2.8604,2.8609,2.8614,2.8619,2.8624,2.8629,2.8634,2.8639,2.8644,2.8649,2.8654,2.8659,2.8664,2.8669,2.8674,2.8679,2.8684,2.8689,2.8694,2.8699,2.8704,2.8709,2.8714,2.8719,2.8724,2.8729,2.8734,2.8739,2.8744,2.8749,2.8754,2.8759,2.8764,2.8769,2.8774,2.8779,2.8784,2.8789,2.8794,2.8799,2.8804,2.8809,2.8814,2.8819,2.8824,2.8829,2.8834,2.8839,2.8844,2.8849,2.8854,2.8859,2.8864,2.8869,2.8874,2.8879,2.8884,2.8889,2.8894,2.8899,2.8904,2.8909,2.8914,2.8919,2.8924,2.8929,2.8934,2.8939,2.8944,2.8949,2.8954,2.8959,2.8964,2.8969,2.8974,2.8979,2.8984,2.8989,2.8994,2.8999,2.9004,2.9009,2.9014,2.9019,2.9024,2.9029,2.9034,2.9039,2.9044,2.9049,2.9054,2.9059,2.9064,2.9069,2.9074,2.9079,2.9084,2.9089,2.9094,2.9099,2.9104,2.9109,2.9114,2.9119,2.9124,2.9129,2.9134,2.9139,2.9144,2.9149,2.9154,2.9159,2.9164,2.9169,2.9174,2.9179,2.9184,2.9189,2.9194,2.9199,2.9204,2.9209,2.9214,2.9219,2.9224,2.9229,2.9234,2.9239,2.9244,2.9249,2.9254,2.9259,2.9264,2.9269,2.9274,2.9279,2.9284,2.9289,2.9294,2.9299,2.9304,2.9309,2.9314,2.9319,2.9324,2.9329,2.9334,2.9339,2.9344,2.9349,2.9354,2.9359,2.9364,2.9369,2.9374,2.9379,2.9384,2.9389,2.9394,2.9399,2.9404,2.9409,2.9414,2.9419,2.9424,2.9429,2.9434,2.9439,2.9444,2.9449,2.9454,2.9459,2.9464,2.9469,2.9474,2.9479,2.9484,2.9489,2.9494,2.9499,2.9504,2.9509,2.9514,2.9519,2.9524,2.9529,2.9534,2.9539,2.9544,2.9549,2.9554,2.9559,2.9564,2.9568,2.9573,2.9578,2.9583,2.9588,2.9593,2.9598,2.9603,2.9608,2.9613,2.9618,2.9623,2.9628,2.9633,2.9638,2.9643,2.9648,2.9653,2.9658,2.9663,2.9668,2.9673,2.9678,2.9683,2.9688,2.9693,2.9698,2.9703,2.9708,2.9713,2.9718,2.9723,2.9728,2.9733,2.9738,2.9743,2.9748,2.9753,2.9758,2.9763,2.9768,2.9773,2.9778,2.9783,2.9788,2.9793,2.9798,2.9803,2.9808,2.9813,2.9818,2.9823,2.9828,2.9833,2.9838,2.9843,2.9848,2.9853,2.9858,2.9863,2.9868,2.9873,2.9878,2.9883,2.9888,2.9893,2.9898,2.9903,2.9908,2.9913,2.9918,2.9923,2.9928,2.9933,2.9938,2.9943,2.9948,2.9953,2.9958,2.9963,2.9968,2.9973,2.9978,2.9983,2.9988,2.9993,2.9998,3.0003,3.0008,3.0013,3.0018,3.0023,3.0028,3.0033,3.0038,3.0043,3.0048,3.0053,3.0058,3.0063,3.0068,3.0073,3.0078,3.0083,3.0088,3.0093,3.0098,3.0103,3.0108,3.0113,3.0118,3.0123,3.0128,3.0133,3.0138,3.0143,3.0148,3.0153,3.0158,3.0163,3.0168,3.0173,3.0178,3.0183,3.0188,3.0193,3.0198,3.0203,3.0208,3.0213,3.0218,3.0223,3.0228,3.0233,3.0238,3.0243,3.0248,3.0253,3.0258,3.0263,3.0268,3.0273,3.0278,3.0283,3.0288,3.0293,3.0298,3.0303,3.0308,3.0313,3.0318,3.0323,3.0328,3.0333,3.0338,3.0343,3.0348,3.0353,3.0358,3.0363,3.0368,3.0373,3.0378,3.0383,3.0388,3.0393,3.0398,3.0403,3.0408,3.0413,3.0418,3.0423,3.0428,3.0433,3.0438,3.0443,3.0448,3.0453,3.0458,3.0463,3.0468,3.0473,3.0478,3.0483,3.0488,3.0493,3.0498,3.0503,3.0508,3.0513,3.0518,3.0523,3.0528,3.0533,3.0538,3.0543,3.0548,3.0553,3.0558,3.0563,3.0568,3.0573,3.0578,3.0583,3.0588,3.0593,3.0598,3.0603,3.0608,3.0613,3.0618,3.0623,3.0628,3.0633,3.0638,3.0643,3.0648,3.0653,3.0658,3.0663,3.0668,3.0673,3.0678,3.0683,3.0688,3.0693,3.0698,3.0703,3.0708,3.0713,3.0718,3.0723,3.0728,3.0733,3.0738,3.0743,3.0748,3.0753,3.0758,3.0763,3.0768,3.0773,3.0778,3.0783,3.0788,3.0793,3.0798,3.0803,3.0808,3.0813,3.0818,3.0823,3.0828,3.0833,3.0838,3.0843,3.0848,3.0853,3.0858,3.0863,3.0868,3.0873,3.0878,3.0883,3.0888,3.0893,3.0898,3.0903,3.0908,3.0913,3.0918,3.0923,3.0928,3.0933,3.0938,3.0943,3.0948,3.0953,3.0958,3.0963,3.0968,3.0973,3.0978,3.0983,3.0988,3.0993,3.0998,3.1003,3.1008,3.1013,3.1018,3.1023,3.1028,3.1033,3.1038,3.1043,3.1048,3.1053,3.1058,3.1063,3.1068,3.1073,3.1078,3.1083,3.1088,3.1093,3.1098,3.1103,3.1108,3.1113,3.1118,3.1123,3.1128,3.1133,3.1138,3.1143,3.1148,3.1153,3.1158,3.1163,3.1168,3.1173,3.1178,3.1183,3.1188,3.1193,3.1198,3.1203,3.1208,3.1213,3.1218,3.1223,3.1228,3.1233,3.1238,3.1243,3.1248,3.1253,3.1258,3.1263,3.1268,3.1273,3.1278,3.1283,3.1288,3.1293,3.1298,3.1303,3.1308,3.1313,3.1318,3.1323,3.1328,3.1333,3.1338,3.1343,3.1348,3.1353,3.1358,3.1362,3.1367,3.1372,3.1377,3.1382,3.1387,3.1392,3.1397,3.1402,3.1407,3.1412,3.1417,3.1422,3.1427,3.1432,3.1437,3.1442,3.1447,3.1452,3.1457,3.1462,3.1467,3.1472,3.1477,3.1482,3.1487,3.1492,3.1497,3.1502,3.1507,3.1512,3.1517,3.1522,3.1527,3.1532,3.1537,3.1542,3.1547,3.1552,3.1557,3.1562,3.1567,3.1572,3.1577,3.1582,3.1587,3.1592,3.1597,3.1602,3.1607,3.1612,3.1617,3.1622,3.1627,3.1632,3.1637,3.1642,3.1647,3.1652,3.1657,3.1662,3.1667,3.1672,3.1677,3.1682,3.1687,3.1692,3.1697,3.1702,3.1707,3.1712,3.1717,3.1722,3.1727,3.1732,3.1737,3.1742,3.1747,3.1752,3.1757,3.1762,3.1767,3.1772,3.1777,3.1782,3.1787,3.1792,3.1797,3.1802,3.1807,3.1812,3.1817,3.1822,3.1827,3.1832,3.1837,3.1842,3.1847,3.1852,3.1857,3.1862,3.1867,3.1872,3.1877,3.1882,3.1887,3.1892,3.1897,3.1902,3.1907,3.1912,3.1917,3.1922,3.1927,3.1932,3.1937,3.1942,3.1947,3.1952,3.1957,3.1962,3.1967,3.1972,3.1977,3.1982,3.1987,3.1992,3.1997,3.2002,3.2007,3.2012,3.2017,3.2022,3.2027,3.2032,3.2037,3.2042,3.2047,3.2052,3.2057,3.2062,3.2067,3.2072,3.2077,3.2082,3.2087,3.2092,3.2097,3.2102,3.2107,3.2112,3.2117,3.2122,3.2127,3.2132,3.2137,3.2142,3.2147,3.2152,3.2157,3.2162,3.2167,3.2172,3.2177,3.2182,3.2187,3.2192,3.2197,3.2202,3.2207,3.2212,3.2217,3.2222,3.2227,3.2232,3.2237,3.2242,3.2247,3.2252,3.2257,3.2262,3.2267,3.2272,3.2277,3.2282,3.2287,3.2292,3.2297,3.2302,3.2307,3.2312,3.2317,3.2322,3.2327,3.2332,3.2337,3.2342,3.2347,3.2352,3.2357,3.2362,3.2367,3.2372,3.2377,3.2382,3.2387,3.2392,3.2397,3.2402,3.2407,3.2412,3.2417,3.2422,3.2427,3.2432,3.2437,3.2442,3.2447,3.2452,3.2457,3.2462,3.2467,3.2472,3.2477,3.2482,3.2487,3.2492,3.2497,3.2502,3.2507,3.2512,3.2517,3.2522,3.2527,3.2532,3.2537,3.2542,3.2547,3.2552,3.2557,3.2562,3.2567,3.2572,3.2577,3.2582,3.2587,3.2592,3.2597,3.2602,3.2607,3.2612,3.2617,3.2622,3.2627,3.2632,3.2637,3.2642,3.2647,3.2652,3.2657,3.2662,3.2667,3.2672,3.2677,3.2682,3.2687,3.2692,3.2697,3.2702,3.2707,3.2712,3.2717,3.2722,3.2727,3.2732,3.2737,3.2742,3.2747,3.2752,3.2757,3.2762,3.2767,3.2772,3.2777,3.2782,3.2787,3.2792,3.2797,3.2802,3.2807,3.2812,3.2817,3.2822,3.2827,3.2832,3.2837,3.2842,3.2847,3.2852,3.2857,3.2862,3.2867,3.2872,3.2877,3.2882,3.2887,3.2892,3.2897,3.2902,3.2907,3.2912,3.2917,3.2922,3.2927,3.2932,3.2937,3.2942,3.2947,3.2952,3.2957,3.2962,3.2967,3.2972,3.2977,3.2982,3.2987,3.2992,3.2997,3.3002,3.3007,3.3012,3.3017,3.3022,3.3027,3.3032,3.3037,3.3042,3.3047,3.3052,3.3057,3.3062,3.3067,3.3072,3.3077,3.3082,3.3087,3.3092,3.3097,3.3102,3.3107,3.3112,3.3117,3.3122,3.3127,3.3132,3.3137,3.3142,3.3147,3.3151,3.3156,3.3161,3.3166,3.3171,3.3176,3.3181,3.3186,3.3191,3.3196,3.3201,3.3206,3.3211,3.3216,3.3221,3.3226,3.3231,3.3236,3.3241,3.3246,3.3251,3.3256,3.3261,3.3266,3.3271,3.3276,3.3281,3.3286,3.3291,3.3296,3.3301,3.3306,3.3311,3.3316,3.3321,3.3326,3.3331,3.3336,3.3341,3.3346,3.3351,3.3356,3.3361,3.3366,3.3371,3.3376,3.3381,3.3386,3.3391,3.3396,3.3401,3.3406,3.3411,3.3416,3.3421,3.3426,3.3431,3.3436,3.3441,3.3446,3.3451,3.3456,3.3461,3.3466,3.3471,3.3476,3.3481,3.3486,3.3491,3.3496,3.3501,3.3506,3.3511,3.3516,3.3521,3.3526,3.3531,3.3536,3.3541,3.3546,3.3551,3.3556,3.3561,3.3566,3.3571,3.3576,3.3581,3.3586,3.3591,3.3596,3.3601,3.3606,3.3611,3.3616,3.3621,3.3626,3.3631,3.3636,3.3641,3.3646,3.3651,3.3656,3.3661,3.3666,3.3671,3.3676,3.3681,3.3686,3.3691,3.3696,3.3701,3.3706,3.3711,3.3716,3.3721,3.3726,3.3731,3.3736,3.3741,3.3746,3.3751,3.3756,3.3761,3.3766,3.3771,3.3776,3.3781,3.3786,3.3791,3.3796,3.3801,3.3806,3.3811,3.3816,3.3821,3.3826,3.3831,3.3836,3.3841,3.3846,3.3851,3.3856,3.3861,3.3866,3.3871,3.3876,3.3881,3.3886,3.3891,3.3896,3.3901,3.3906,3.3911,3.3916,3.3921,3.3926,3.3931,3.3936,3.3941,3.3946,3.3951,3.3956,3.3961,3.3966,3.3971,3.3976,3.3981,3.3986,3.3991,3.3996,3.4001,3.4006,3.4011,3.4016,3.4021,3.4026,3.4031,3.4036,3.4041,3.4046,3.4051,3.4056,3.4061,3.4066,3.4071,3.4076,3.4081,3.4086,3.4091,3.4096,3.4101,3.4106,3.4111,3.4116,3.4121,3.4126,3.4131,3.4136,3.4141,3.4146,3.4151,3.4156,3.4161,3.4166,3.4171,3.4176,3.4181,3.4186,3.4191,3.4196,3.4201,3.4206,3.4211,3.4216,3.4221,3.4226,3.4231,3.4236,3.4241,3.4246,3.4251,3.4256,3.4261,3.4266,3.4271,3.4276,3.4281,3.4286,3.4291,3.4296,3.4301,3.4306,3.4311,3.4316,3.4321,3.4326,3.4331,3.4336,3.4341,3.4346,3.4351,3.4356,3.4361,3.4366,3.4371,3.4376,3.4381,3.4386,3.4391,3.4396,3.4401,3.4406,3.4411,3.4416,3.4421,3.4426,3.4431,3.4436,3.4441,3.4446,3.4451,3.4456,3.4461,3.4466,3.4471,3.4476,3.4481,3.4486,3.4491,3.4496,3.4501,3.4506,3.4511,3.4516,3.4521,3.4526,3.4531,3.4536,3.4541,3.4546,3.4551,3.4556,3.4561,3.4566,3.4571,3.4576,3.4581,3.4586,3.4591,3.4596,3.4601,3.4606,3.4611,3.4616,3.4621,3.4626,3.4631,3.4636,3.4641,3.4646,3.4651,3.4656,3.4661,3.4666,3.4671,3.4676,3.4681,3.4686,3.4691,3.4696,3.4701,3.4706,3.4711,3.4716,3.4721,3.4726,3.4731,3.4736,3.4741,3.4746,3.4751,3.4756,3.4761,3.4766,3.4771,3.4776,3.4781,3.4786,3.4791,3.4796,3.4801,3.4806,3.4811,3.4816,3.4821,3.4826,3.4831,3.4836,3.4841,3.4846,3.4851,3.4856,3.4861,3.4866,3.4871,3.4876,3.4881,3.4886,3.4891,3.4896,3.4901,3.4906,3.4911,3.4916,3.4921,3.4926,3.4931,3.4936,3.4941,3.4945,3.495,3.4955,3.496,3.4965,3.497,3.4975,3.498,3.4985,3.499,3.4995,3.5,3.5005,3.501,3.5015,3.502,3.5025,3.503,3.5035,3.504,3.5045,3.505,3.5055,3.506,3.5065,3.507,3.5075,3.508,3.5085,3.509,3.5095,3.51,3.5105,3.511,3.5115,3.512,3.5125,3.513,3.5135,3.514,3.5145,3.515,3.5155,3.516,3.5165,3.517,3.5175,3.518,3.5185,3.519,3.5195,3.52,3.5205,3.521,3.5215,3.522,3.5225,3.523,3.5235,3.524,3.5245,3.525,3.5255,3.526,3.5265,3.527,3.5275,3.528,3.5285,3.529,3.5295,3.53,3.5305,3.531,3.5315,3.532,3.5325,3.533,3.5335,3.534,3.5345,3.535,3.5355,3.536,3.5365,3.537,3.5375,3.538,3.5385,3.539,3.5395,3.54,3.5405,3.541,3.5415,3.542,3.5425,3.543,3.5435,3.544,3.5445,3.545,3.5455,3.546,3.5465,3.547,3.5475,3.548,3.5485,3.549,3.5495,3.55,3.5505,3.551,3.5515,3.552,3.5525,3.553,3.5535,3.554,3.5545,3.555,3.5555,3.556,3.5565,3.557,3.5575,3.558,3.5585,3.559,3.5595,3.56,3.5605,3.561,3.5615,3.562,3.5625,3.563,3.5635,3.564,3.5645,3.565,3.5655,3.566,3.5665,3.567,3.5675,3.568,3.5685,3.569,3.5695,3.57,3.5705,3.571,3.5715,3.572,3.5725,3.573,3.5735,3.574,3.5745,3.575,3.5755,3.576,3.5765,3.577,3.5775,3.578,3.5785,3.579,3.5795,3.58,3.5805,3.581,3.5815,3.582,3.5825,3.583,3.5835,3.584,3.5845,3.585,3.5855,3.586,3.5865,3.587,3.5875,3.588,3.5885,3.589,3.5895,3.59,3.5905,3.591,3.5915,3.592,3.5925,3.593,3.5935,3.594,3.5945,3.595,3.5955,3.596,3.5965,3.597,3.5975,3.598,3.5985,3.599,3.5995,3.6,3.6005,3.601,3.6015,3.602,3.6025,3.603,3.6035,3.604,3.6045,3.605,3.6055,3.606,3.6065,3.607,3.6075,3.608,3.6085,3.609,3.6095,3.61,3.6105,3.611,3.6115,3.612,3.6125,3.613,3.6135,3.614,3.6145,3.615,3.6155,3.616,3.6165,3.617,3.6175,3.618,3.6185,3.619,3.6195,3.62,3.6205,3.621,3.6215,3.622,3.6225,3.623,3.6235,3.624,3.6245,3.625,3.6255,3.626,3.6265,3.627,3.6275,3.628,3.6285,3.629,3.6295,3.63,3.6305,3.631,3.6315,3.632,3.6325,3.633,3.6335,3.634,3.6345,3.635,3.6355,3.636,3.6365,3.637,3.6375,3.638,3.6385,3.639,3.6395,3.64,3.6405,3.641,3.6415,3.642,3.6425,3.643,3.6435,3.644,3.6445,3.645,3.6455,3.646,3.6465,3.647,3.6475,3.648,3.6485,3.649,3.6495,3.65,3.6505,3.651,3.6515,3.652,3.6525,3.653,3.6535,3.654,3.6545,3.655,3.6555,3.656,3.6565,3.657,3.6575,3.658,3.6585,3.659,3.6595,3.66,3.6605,3.661,3.6615,3.662,3.6625,3.663,3.6635,3.664,3.6645,3.665,3.6655,3.666,3.6665,3.667,3.6675,3.668,3.6685,3.669,3.6695,3.67,3.6705,3.671,3.6715,3.672,3.6725,3.673,3.6734,3.6739,3.6744,3.6749,3.6754,3.6759,3.6764,3.6769,3.6774,3.6779,3.6784,3.6789,3.6794,3.6799,3.6804,3.6809,3.6814,3.6819,3.6824,3.6829,3.6834,3.6839,3.6844,3.6849,3.6854,3.6859,3.6864,3.6869,3.6874,3.6879,3.6884,3.6889,3.6894,3.6899,3.6904,3.6909,3.6914,3.6919,3.6924,3.6929,3.6934,3.6939,3.6944,3.6949,3.6954,3.6959,3.6964,3.6969,3.6974,3.6979,3.6984,3.6989,3.6994,3.6999,3.7004,3.7009,3.7014,3.7019,3.7024,3.7029,3.7034,3.7039,3.7044,3.7049,3.7054,3.7059,3.7064,3.7069,3.7074,3.7079,3.7084,3.7089,3.7094,3.7099,3.7104,3.7109,3.7114,3.7119,3.7124,3.7129,3.7134,3.7139,3.7144,3.7149,3.7154,3.7159,3.7164,3.7169,3.7174,3.7179,3.7184,3.7189,3.7194,3.7199,3.7204,3.7209,3.7214,3.7219,3.7224,3.7229,3.7234,3.7239,3.7244,3.7249,3.7254,3.7259,3.7264,3.7269,3.7274,3.7279,3.7284,3.7289,3.7294,3.7299,3.7304,3.7309,3.7314,3.7319,3.7324,3.7329,3.7334,3.7339,3.7344,3.7349,3.7354,3.7359,3.7364,3.7369,3.7374,3.7379,3.7384,3.7389,3.7394,3.7399,3.7404,3.7409,3.7414,3.7419,3.7424,3.7429,3.7434,3.7439,3.7444,3.7449,3.7454,3.7459,3.7464,3.7469,3.7474,3.7479,3.7484,3.7489,3.7494,3.7499,3.7504,3.7509,3.7514,3.7519,3.7524,3.7529,3.7534,3.7539,3.7544,3.7549,3.7554,3.7559,3.7564,3.7569,3.7574,3.7579,3.7584,3.7589,3.7594,3.7599,3.7604,3.7609,3.7614,3.7619,3.7624,3.7629,3.7634,3.7639,3.7644,3.7649,3.7654,3.7659,3.7664,3.7669,3.7674,3.7679,3.7684,3.7689,3.7694,3.7699,3.7704,3.7709,3.7714,3.7719,3.7724,3.7729,3.7734,3.7739,3.7744,3.7749,3.7754,3.7759,3.7764,3.7769,3.7774,3.7779,3.7784,3.7789,3.7794,3.7799,3.7804,3.7809,3.7814,3.7819,3.7824,3.7829,3.7834,3.7839,3.7844,3.7849,3.7854,3.7859,3.7864,3.7869,3.7874,3.7879,3.7884,3.7889,3.7894,3.7899,3.7904,3.7909,3.7914,3.7919,3.7924,3.7929,3.7934,3.7939,3.7944,3.7949,3.7954,3.7959,3.7964,3.7969,3.7974,3.7979,3.7984,3.7989,3.7994,3.7999,3.8004,3.8009,3.8014,3.8019,3.8024,3.8029,3.8034,3.8039,3.8044,3.8049,3.8054,3.8059,3.8064,3.8069,3.8074,3.8079,3.8084,3.8089,3.8094,3.8099,3.8104,3.8109,3.8114,3.8119,3.8124,3.8129,3.8134,3.8139,3.8144,3.8149,3.8154,3.8159,3.8164,3.8169,3.8174,3.8179,3.8184,3.8189,3.8194,3.8199,3.8204,3.8209,3.8214,3.8219,3.8224,3.8229,3.8234,3.8239,3.8244,3.8249,3.8254,3.8259,3.8264,3.8269,3.8274,3.8279,3.8284,3.8289,3.8294,3.8299,3.8304,3.8309,3.8314,3.8319,3.8324,3.8329,3.8334,3.8339,3.8344,3.8349,3.8354,3.8359,3.8364,3.8369,3.8374,3.8379,3.8384,3.8389,3.8394,3.8399,3.8404,3.8409,3.8414,3.8419,3.8424,3.8429,3.8434,3.8439,3.8444,3.8449,3.8454,3.8459,3.8464,3.8469,3.8474,3.8479,3.8484,3.8489,3.8494,3.8499,3.8504,3.8509,3.8514,3.8519,3.8524,3.8528,3.8533,3.8538,3.8543,3.8548,3.8553,3.8558,3.8563,3.8568,3.8573,3.8578,3.8583,3.8588,3.8593,3.8598,3.8603,3.8608,3.8613,3.8618,3.8623,3.8628,3.8633,3.8638,3.8643,3.8648,3.8653,3.8658,3.8663,3.8668,3.8673,3.8678,3.8683,3.8688,3.8693,3.8698,3.8703,3.8708,3.8713,3.8718,3.8723,3.8728,3.8733,3.8738,3.8743,3.8748,3.8753,3.8758,3.8763,3.8768,3.8773,3.8778,3.8783,3.8788,3.8793,3.8798,3.8803,3.8808,3.8813,3.8818,3.8823,3.8828,3.8833,3.8838,3.8843,3.8848,3.8853,3.8858,3.8863,3.8868,3.8873,3.8878,3.8883,3.8888,3.8893,3.8898,3.8903,3.8908,3.8913,3.8918,3.8923,3.8928,3.8933,3.8938,3.8943,3.8948,3.8953,3.8958,3.8963,3.8968,3.8973,3.8978,3.8983,3.8988,3.8993,3.8998,3.9003,3.9008,3.9013,3.9018,3.9023,3.9028,3.9033,3.9038,3.9043,3.9048,3.9053,3.9058,3.9063,3.9068,3.9073,3.9078,3.9083,3.9088,3.9093,3.9098,3.9103,3.9108,3.9113,3.9118,3.9123,3.9128,3.9133,3.9138,3.9143,3.9148,3.9153,3.9158,3.9163,3.9168,3.9173,3.9178,3.9183,3.9188,3.9193,3.9198,3.9203,3.9208,3.9213,3.9218,3.9223,3.9228,3.9233,3.9238,3.9243,3.9248,3.9253,3.9258,3.9263,3.9268,3.9273,3.9278,3.9283,3.9288,3.9293,3.9298,3.9303,3.9308,3.9313,3.9318,3.9323,3.9328,3.9333,3.9338,3.9343,3.9348,3.9353,3.9358,3.9363,3.9368,3.9373,3.9378,3.9383,3.9388,3.9393,3.9398,3.9403,3.9408,3.9413,3.9418,3.9423,3.9428,3.9433,3.9438,3.9443,3.9448,3.9453,3.9458,3.9463,3.9468,3.9473,3.9478,3.9483,3.9488,3.9493,3.9498,3.9503,3.9508,3.9513,3.9518,3.9523,3.9528,3.9533,3.9538,3.9543,3.9548,3.9553,3.9558,3.9563,3.9568,3.9573,3.9578,3.9583,3.9588,3.9593,3.9598,3.9603,3.9608,3.9613,3.9618,3.9623,3.9628,3.9633,3.9638,3.9643,3.9648,3.9653,3.9658,3.9663,3.9668,3.9673,3.9678,3.9683,3.9688,3.9693,3.9698,3.9703,3.9708,3.9713,3.9718,3.9723,3.9728,3.9733,3.9738,3.9743,3.9748,3.9753,3.9758,3.9763,3.9768,3.9773,3.9778,3.9783,3.9788,3.9793,3.9798,3.9803,3.9808,3.9813,3.9818,3.9823,3.9828,3.9833,3.9838,3.9843,3.9848,3.9853,3.9858,3.9863,3.9868,3.9873,3.9878,3.9883,3.9888,3.9893,3.9898,3.9903,3.9908,3.9913,3.9918,3.9923,3.9928,3.9933,3.9938,3.9943,3.9948,3.9953,3.9958,3.9963,3.9968,3.9973,3.9978,3.9983,3.9988,3.9993,3.9998,4.0003,4.0008,4.0013,4.0018,4.0023,4.0028,4.0033,4.0038,4.0043,4.0048,4.0053,4.0058,4.0063,4.0068,4.0073,4.0078,4.0083,4.0088,4.0093,4.0098,4.0103,4.0108,4.0113,4.0118,4.0123,4.0128,4.0133,4.0138,4.0143,4.0148,4.0153,4.0158,4.0163,4.0168,4.0173,4.0178,4.0183,4.0188,4.0193,4.0198,4.0203,4.0208,4.0213,4.0218,4.0223,4.0228,4.0233,4.0238,4.0243,4.0248,4.0253,4.0258,4.0263,4.0268,4.0273,4.0278,4.0283,4.0288,4.0293,4.0298,4.0303,4.0308,4.0313,4.0318,4.0322,4.0327,4.0332,4.0337,4.0342,4.0347,4.0352,4.0357,4.0362,4.0367,4.0372,4.0377,4.0382,4.0387,4.0392,4.0397,4.0402,4.0407,4.0412,4.0417,4.0422,4.0427,4.0432,4.0437,4.0442,4.0447,4.0452,4.0457,4.0462,4.0467,4.0472,4.0477,4.0482,4.0487,4.0492,4.0497,4.0502,4.0507,4.0512,4.0517,4.0522,4.0527,4.0532,4.0537,4.0542,4.0547,4.0552,4.0557,4.0562,4.0567,4.0572,4.0577,4.0582,4.0587,4.0592,4.0597,4.0602,4.0607,4.0612,4.0617,4.0622,4.0627,4.0632,4.0637,4.0642,4.0647,4.0652,4.0657,4.0662,4.0667,4.0672,4.0677,4.0682,4.0687,4.0692,4.0697,4.0702,4.0707,4.0712,4.0717,4.0722,4.0727,4.0732,4.0737,4.0742,4.0747,4.0752,4.0757,4.0762,4.0767,4.0772,4.0777,4.0782,4.0787,4.0792,4.0797,4.0802,4.0807,4.0812,4.0817,4.0822,4.0827,4.0832,4.0837,4.0842,4.0847,4.0852,4.0857,4.0862,4.0867,4.0872,4.0877,4.0882,4.0887,4.0892,4.0897,4.0902,4.0907,4.0912,4.0917,4.0922,4.0927,4.0932,4.0937,4.0942,4.0947,4.0952,4.0957,4.0962,4.0967,4.0972,4.0977,4.0982,4.0987,4.0992,4.0997,4.1002,4.1007,4.1012,4.1017,4.1022,4.1027,4.1032,4.1037,4.1042,4.1047,4.1052,4.1057,4.1062,4.1067,4.1072,4.1077,4.1082,4.1087,4.1092,4.1097,4.1102,4.1107,4.1112,4.1117,4.1122,4.1127,4.1132,4.1137,4.1142,4.1147,4.1152,4.1157,4.1162,4.1167,4.1172,4.1177,4.1182,4.1187,4.1192,4.1197,4.1202,4.1207,4.1212,4.1217,4.1222,4.1227,4.1232,4.1237,4.1242,4.1247,4.1252,4.1257,4.1262,4.1267,4.1272,4.1277,4.1282,4.1287,4.1292,4.1297,4.1302,4.1307,4.1312,4.1317,4.1322,4.1327,4.1332,4.1337,4.1342,4.1347,4.1352,4.1357,4.1362,4.1367,4.1372,4.1377,4.1382,4.1387,4.1392,4.1397,4.1402,4.1407,4.1412,4.1417,4.1422,4.1427,4.1432,4.1437,4.1442,4.1447,4.1452,4.1457,4.1462,4.1467,4.1472,4.1477,4.1482,4.1487,4.1492,4.1497,4.1502,4.1507,4.1512,4.1517,4.1522,4.1527,4.1532,4.1537,4.1542,4.1547,4.1552,4.1557,4.1562,4.1567,4.1572,4.1577,4.1582,4.1587,4.1592,4.1597,4.1602,4.1607,4.1612,4.1617,4.1622,4.1627,4.1632,4.1637,4.1642,4.1647,4.1652,4.1657,4.1662,4.1667,4.1672,4.1677,4.1682,4.1687,4.1692,4.1697,4.1702,4.1707,4.1712,4.1717,4.1722,4.1727,4.1732,4.1737,4.1742,4.1747,4.1752,4.1757,4.1762,4.1767,4.1772,4.1777,4.1782,4.1787,4.1792,4.1797,4.1802,4.1807,4.1812,4.1817,4.1822,4.1827,4.1832,4.1837,4.1842,4.1847,4.1852,4.1857,4.1862,4.1867,4.1872,4.1877,4.1882,4.1887,4.1892,4.1897,4.1902,4.1907,4.1912,4.1917,4.1922,4.1927,4.1932,4.1937,4.1942,4.1947,4.1952,4.1957,4.1962,4.1967,4.1972,4.1977,4.1982,4.1987,4.1992,4.1997,4.2002,4.2007,4.2012,4.2017,4.2022,4.2027,4.2032,4.2037,4.2042,4.2047,4.2052,4.2057,4.2062,4.2067,4.2072,4.2077,4.2082,4.2087,4.2092,4.2097,4.2102,4.2107,4.2111,4.2116,4.2121,4.2126,4.2131,4.2136,4.2141,4.2146,4.2151,4.2156,4.2161,4.2166,4.2171,4.2176,4.2181,4.2186,4.2191,4.2196,4.2201,4.2206,4.2211,4.2216,4.2221,4.2226,4.2231,4.2236,4.2241,4.2246,4.2251,4.2256,4.2261,4.2266,4.2271,4.2276,4.2281,4.2286,4.2291,4.2296,4.2301,4.2306,4.2311,4.2316,4.2321,4.2326,4.2331,4.2336,4.2341,4.2346,4.2351,4.2356,4.2361,4.2366,4.2371,4.2376,4.2381,4.2386,4.2391,4.2396,4.2401,4.2406,4.2411,4.2416,4.2421,4.2426,4.2431,4.2436,4.2441,4.2446,4.2451,4.2456,4.2461,4.2466,4.2471,4.2476,4.2481,4.2486,4.2491,4.2496,4.2501,4.2506,4.2511,4.2516,4.2521,4.2526,4.2531,4.2536,4.2541,4.2546,4.2551,4.2556,4.2561,4.2566,4.2571,4.2576,4.2581,4.2586,4.2591,4.2596,4.2601,4.2606,4.2611,4.2616,4.2621,4.2626,4.2631,4.2636,4.2641,4.2646,4.2651,4.2656,4.2661,4.2666,4.2671,4.2676,4.2681,4.2686,4.2691,4.2696,4.2701,4.2706,4.2711,4.2716,4.2721,4.2726,4.2731,4.2736,4.2741,4.2746,4.2751,4.2756,4.2761,4.2766,4.2771,4.2776,4.2781,4.2786,4.2791,4.2796,4.2801,4.2806,4.2811,4.2816,4.2821,4.2826,4.2831,4.2836,4.2841,4.2846,4.2851,4.2856,4.2861,4.2866,4.2871,4.2876,4.2881,4.2886,4.2891,4.2896,4.2901,4.2906,4.2911,4.2916,4.2921,4.2926,4.2931,4.2936,4.2941,4.2946,4.2951,4.2956,4.2961,4.2966,4.2971,4.2976,4.2981,4.2986,4.2991,4.2996,4.3001,4.3006,4.3011,4.3016,4.3021,4.3026,4.3031,4.3036,4.3041,4.3046,4.3051,4.3056,4.3061,4.3066,4.3071,4.3076,4.3081,4.3086,4.3091,4.3096,4.3101,4.3106,4.3111,4.3116,4.3121,4.3126,4.3131,4.3136,4.3141,4.3146,4.3151,4.3156,4.3161,4.3166,4.3171,4.3176,4.3181,4.3186,4.3191,4.3196,4.3201,4.3206,4.3211,4.3216,4.3221,4.3226,4.3231,4.3236,4.3241,4.3246,4.3251,4.3256,4.3261,4.3266,4.3271,4.3276,4.3281,4.3286,4.3291,4.3296,4.3301,4.3306,4.3311,4.3316,4.3321,4.3326,4.3331,4.3336,4.3341,4.3346,4.3351,4.3356,4.3361,4.3366,4.3371,4.3376,4.3381,4.3386,4.3391,4.3396,4.3401,4.3406,4.3411,4.3416,4.3421,4.3426,4.3431,4.3436,4.3441,4.3446,4.3451,4.3456,4.3461,4.3466,4.3471,4.3476,4.3481,4.3486,4.3491,4.3496,4.3501,4.3506,4.3511,4.3516,4.3521,4.3526,4.3531,4.3536,4.3541,4.3546,4.3551,4.3556,4.3561,4.3566,4.3571,4.3576,4.3581,4.3586,4.3591,4.3596,4.3601,4.3606,4.3611,4.3616,4.3621,4.3626,4.3631,4.3636,4.3641,4.3646,4.3651,4.3656,4.3661,4.3666,4.3671,4.3676,4.3681,4.3686,4.3691,4.3696,4.3701,4.3706,4.3711,4.3716,4.3721,4.3726,4.3731,4.3736,4.3741,4.3746,4.3751,4.3756,4.3761,4.3766,4.3771,4.3776,4.3781,4.3786,4.3791,4.3796,4.3801,4.3806,4.3811,4.3816,4.3821,4.3826,4.3831,4.3836,4.3841,4.3846,4.3851,4.3856,4.3861,4.3866,4.3871,4.3876,4.3881,4.3886,4.3891,4.3896,4.3901,4.3905,4.391,4.3915,4.392,4.3925,4.393,4.3935,4.394,4.3945,4.395,4.3955,4.396,4.3965,4.397,4.3975,4.398,4.3985,4.399,4.3995,4.4,4.4005,4.401,4.4015,4.402,4.4025,4.403,4.4035,4.404,4.4045,4.405,4.4055,4.406,4.4065,4.407,4.4075,4.408,4.4085,4.409,4.4095,4.41,4.4105,4.411,4.4115,4.412,4.4125,4.413,4.4135,4.414,4.4145,4.415,4.4155,4.416,4.4165,4.417,4.4175,4.418,4.4185,4.419,4.4195,4.42,4.4205,4.421,4.4215,4.422,4.4225,4.423,4.4235,4.424,4.4245,4.425,4.4255,4.426,4.4265,4.427,4.4275,4.428,4.4285,4.429,4.4295,4.43,4.4305,4.431,4.4315,4.432,4.4325,4.433,4.4335,4.434,4.4345,4.435,4.4355,4.436,4.4365,4.437,4.4375,4.438,4.4385,4.439,4.4395,4.44,4.4405,4.441,4.4415,4.442,4.4425,4.443,4.4435,4.444,4.4445,4.445,4.4455,4.446,4.4465,4.447,4.4475,4.448,4.4485,4.449,4.4495,4.45,4.4505,4.451,4.4515,4.452,4.4525,4.453,4.4535,4.454,4.4545,4.455,4.4555,4.456,4.4565,4.457,4.4575,4.458,4.4585,4.459,4.4595,4.46,4.4605,4.461,4.4615,4.462,4.4625,4.463,4.4635,4.464,4.4645,4.465,4.4655,4.466,4.4665,4.467,4.4675,4.468,4.4685,4.469,4.4695,4.47,4.4705,4.471,4.4715,4.472,4.4725,4.473,4.4735,4.474,4.4745,4.475,4.4755,4.476,4.4765,4.477,4.4775,4.478,4.4785,4.479,4.4795,4.48,4.4805,4.481,4.4815,4.482,4.4825,4.483,4.4835,4.484,4.4845,4.485,4.4855,4.486,4.4865,4.487,4.4875,4.488,4.4885,4.489,4.4895,4.49,4.4905,4.491,4.4915,4.492,4.4925,4.493,4.4935,4.494,4.4945,4.495,4.4955,4.496,4.4965,4.497,4.4975,4.498,4.4985,4.499,4.4995,4.5,4.5005,4.501,4.5015,4.502,4.5025,4.503,4.5035,4.504,4.5045,4.505,4.5055,4.506,4.5065,4.507,4.5075,4.508,4.5085,4.509,4.5095,4.51,4.5105,4.511,4.5115,4.512,4.5125,4.513,4.5135,4.514,4.5145,4.515,4.5155,4.516,4.5165,4.517,4.5175,4.518,4.5185,4.519,4.5195,4.52,4.5205,4.521,4.5215,4.522,4.5225,4.523,4.5235,4.524,4.5245,4.525,4.5255,4.526,4.5265,4.527,4.5275,4.528,4.5285,4.529,4.5295,4.53,4.5305,4.531,4.5315,4.532,4.5325,4.533,4.5335,4.534,4.5345,4.535,4.5355,4.536,4.5365,4.537,4.5375,4.538,4.5385,4.539,4.5395,4.54,4.5405,4.541,4.5415,4.542,4.5425,4.543,4.5435,4.544,4.5445,4.545,4.5455,4.546,4.5465,4.547,4.5475,4.548,4.5485,4.549,4.5495,4.55,4.5505,4.551,4.5515,4.552,4.5525,4.553,4.5535,4.554,4.5545,4.555,4.5555,4.556,4.5565,4.557,4.5575,4.558,4.5585,4.559,4.5595,4.56,4.5605,4.561,4.5615,4.562,4.5625,4.563,4.5635,4.564,4.5645,4.565,4.5655,4.566,4.5665,4.567,4.5675,4.568,4.5685,4.569,4.5695,4.5699,4.5704,4.5709,4.5714,4.5719,4.5724,4.5729,4.5734,4.5739,4.5744,4.5749,4.5754,4.5759,4.5764,4.5769,4.5774,4.5779,4.5784,4.5789,4.5794,4.5799,4.5804,4.5809,4.5814,4.5819,4.5824,4.5829,4.5834,4.5839,4.5844,4.5849,4.5854,4.5859,4.5864,4.5869,4.5874,4.5879,4.5884,4.5889,4.5894,4.5899,4.5904,4.5909,4.5914,4.5919,4.5924,4.5929,4.5934,4.5939,4.5944,4.5949,4.5954,4.5959,4.5964,4.5969,4.5974,4.5979,4.5984,4.5989,4.5994,4.5999,4.6004,4.6009,4.6014,4.6019,4.6024,4.6029,4.6034,4.6039,4.6044,4.6049,4.6054,4.6059,4.6064,4.6069,4.6074,4.6079,4.6084,4.6089,4.6094,4.6099,4.6104,4.6109,4.6114,4.6119,4.6124,4.6129,4.6134,4.6139,4.6144,4.6149,4.6154,4.6159,4.6164,4.6169,4.6174,4.6179,4.6184,4.6189,4.6194,4.6199,4.6204,4.6209,4.6214,4.6219,4.6224,4.6229,4.6234,4.6239,4.6244,4.6249,4.6254,4.6259,4.6264,4.6269,4.6274,4.6279,4.6284,4.6289,4.6294,4.6299,4.6304,4.6309,4.6314,4.6319,4.6324,4.6329,4.6334,4.6339,4.6344,4.6349,4.6354,4.6359,4.6364,4.6369,4.6374,4.6379,4.6384,4.6389,4.6394,4.6399,4.6404,4.6409,4.6414,4.6419,4.6424,4.6429,4.6434,4.6439,4.6444,4.6449,4.6454,4.6459,4.6464,4.6469,4.6474,4.6479,4.6484,4.6489,4.6494,4.6499,4.6504,4.6509,4.6514,4.6519,4.6524,4.6529,4.6534,4.6539,4.6544,4.6549,4.6554,4.6559,4.6564,4.6569,4.6574,4.6579,4.6584,4.6589,4.6594,4.6599,4.6604,4.6609,4.6614,4.6619,4.6624,4.6629,4.6634,4.6639,4.6644,4.6649,4.6654,4.6659,4.6664,4.6669,4.6674,4.6679,4.6684,4.6689,4.6694,4.6699,4.6704,4.6709,4.6714,4.6719,4.6724,4.6729,4.6734,4.6739,4.6744,4.6749,4.6754,4.6759,4.6764,4.6769,4.6774,4.6779,4.6784,4.6789,4.6794,4.6799,4.6804,4.6809,4.6814,4.6819,4.6824,4.6829,4.6834,4.6839,4.6844,4.6849,4.6854,4.6859,4.6864,4.6869,4.6874,4.6879,4.6884,4.6889,4.6894,4.6899,4.6904,4.6909,4.6914,4.6919,4.6924,4.6929,4.6934,4.6939,4.6944,4.6949,4.6954,4.6959,4.6964,4.6969,4.6974,4.6979,4.6984,4.6989,4.6994,4.6999,4.7004,4.7009,4.7014,4.7019,4.7024,4.7029,4.7034,4.7039,4.7044,4.7049,4.7054,4.7059,4.7064,4.7069,4.7074,4.7079,4.7084,4.7089,4.7094,4.7099,4.7104,4.7109,4.7114,4.7119,4.7124,4.7129,4.7134,4.7139,4.7144,4.7149,4.7154,4.7159,4.7164,4.7169,4.7174,4.7179,4.7184,4.7189,4.7194,4.7199,4.7204,4.7209,4.7214,4.7219,4.7224,4.7229,4.7234,4.7239,4.7244,4.7249,4.7254,4.7259,4.7264,4.7269,4.7274,4.7279,4.7284,4.7289,4.7294,4.7299,4.7304,4.7309,4.7314,4.7319,4.7324,4.7329,4.7334,4.7339,4.7344,4.7349,4.7354,4.7359,4.7364,4.7369,4.7374,4.7379,4.7384,4.7389,4.7394,4.7399,4.7404,4.7409,4.7414,4.7419,4.7424,4.7429,4.7434,4.7439,4.7444,4.7449,4.7454,4.7459,4.7464,4.7469,4.7474,4.7479,4.7484,4.7488,4.7493,4.7498,4.7503,4.7508,4.7513,4.7518,4.7523,4.7528,4.7533,4.7538,4.7543,4.7548,4.7553,4.7558,4.7563,4.7568,4.7573,4.7578,4.7583,4.7588,4.7593,4.7598,4.7603,4.7608,4.7613,4.7618,4.7623,4.7628,4.7633,4.7638,4.7643,4.7648,4.7653,4.7658,4.7663,4.7668,4.7673,4.7678,4.7683,4.7688,4.7693,4.7698,4.7703,4.7708,4.7713,4.7718,4.7723,4.7728,4.7733,4.7738,4.7743,4.7748,4.7753,4.7758,4.7763,4.7768,4.7773,4.7778,4.7783,4.7788,4.7793,4.7798,4.7803,4.7808,4.7813,4.7818,4.7823,4.7828,4.7833,4.7838,4.7843,4.7848,4.7853,4.7858,4.7863,4.7868,4.7873,4.7878,4.7883,4.7888,4.7893,4.7898,4.7903,4.7908,4.7913,4.7918,4.7923,4.7928,4.7933,4.7938,4.7943,4.7948,4.7953,4.7958,4.7963,4.7968,4.7973,4.7978,4.7983,4.7988,4.7993,4.7998,4.8003,4.8008,4.8013,4.8018,4.8023,4.8028,4.8033,4.8038,4.8043,4.8048,4.8053,4.8058,4.8063,4.8068,4.8073,4.8078,4.8083,4.8088,4.8093,4.8098,4.8103,4.8108,4.8113,4.8118,4.8123,4.8128,4.8133,4.8138,4.8143,4.8148,4.8153,4.8158,4.8163,4.8168,4.8173,4.8178,4.8183,4.8188,4.8193,4.8198,4.8203,4.8208,4.8213,4.8218,4.8223,4.8228,4.8233,4.8238,4.8243,4.8248,4.8253,4.8258,4.8263,4.8268,4.8273,4.8278,4.8283,4.8288,4.8293,4.8298,4.8303,4.8308,4.8313,4.8318,4.8323,4.8328,4.8333,4.8338,4.8343,4.8348,4.8353,4.8358,4.8363,4.8368,4.8373,4.8378,4.8383,4.8388,4.8393,4.8398,4.8403,4.8408,4.8413,4.8418,4.8423,4.8428,4.8433,4.8438,4.8443,4.8448,4.8453,4.8458,4.8463,4.8468,4.8473,4.8478,4.8483,4.8488,4.8493,4.8498,4.8503,4.8508,4.8513,4.8518,4.8523,4.8528,4.8533,4.8538,4.8543,4.8548,4.8553,4.8558,4.8563,4.8568,4.8573,4.8578,4.8583,4.8588,4.8593,4.8598,4.8603,4.8608,4.8613,4.8618,4.8623,4.8628,4.8633,4.8638,4.8643,4.8648,4.8653,4.8658,4.8663,4.8668,4.8673,4.8678,4.8683,4.8688,4.8693,4.8698,4.8703,4.8708,4.8713,4.8718,4.8723,4.8728,4.8733,4.8738,4.8743,4.8748,4.8753,4.8758,4.8763,4.8768,4.8773,4.8778,4.8783,4.8788,4.8793,4.8798,4.8803,4.8808,4.8813,4.8818,4.8823,4.8828,4.8833,4.8838,4.8843,4.8848,4.8853,4.8858,4.8863,4.8868,4.8873,4.8878,4.8883,4.8888,4.8893,4.8898,4.8903,4.8908,4.8913,4.8918,4.8923,4.8928,4.8933,4.8938,4.8943,4.8948,4.8953,4.8958,4.8963,4.8968,4.8973,4.8978,4.8983,4.8988,4.8993,4.8998,4.9003,4.9008,4.9013,4.9018,4.9023,4.9028,4.9033,4.9038,4.9043,4.9048
6.227,6.227,6.227,6.227,6.227,6.2272,6.2272,6.2273,6.2273,6.2275,6.2276,6.2278,6.2279,6.2283,6.2284,6.2287,6.229,6.2294,6.2298,6.2301,6.2306,6.2311,6.2316,6.232,6.2325,6.2331,6.2338,6.2342,6.2348,6.2355,6.2363,6.2369,6.2377,6.2383,6.2391,6.2399,6.2407,6.2416,6.2425,6.2435,6.2444,6.2454,6.2463,6.2474,6.2485,6.2495,6.2506,6.2517,6.2529,6.254,6.2551,6.2564,6.2575,6.2587,6.26,6.2612,6.2625,6.2638,6.265,6.2663,6.2677,6.2689,6.2703,6.2718,6.2732,6.2746,6.276,6.2774,6.2788,6.2802,6.2817,6.2831,0.0013017,0.0027154,0.0041291,0.0055428,0.0071136,0.0085273,0.0099411,0.011355,0.012926,0.014339,0.01591,0.017324,0.018895,0.020465,0.022036,0.023607,0.025021,0.026749,0.028319,0.02989,0.031461,0.033189,0.03476,0.036488,0.038215,0.039786,0.041514,0.043242,0.04497,0.046698,0.048426,0.050153,0.051881,0.053609,0.055494,0.057222,0.05895,0.060835,0.062563,0.064291,0.066176,0.067903,0.069788,0.071516,0.073244,0.075129,0.076857,0.078585,0.08047,0.082198,0.084083,0.085811,0.087695,0.089423,0.091308,0.093193,0.094921,0.096806,0.098691,0.10058,0.10262,0.1045,0.10655,0.10843,0.11047,0.11236,0.1144,0.11644,0.11848,0.12037,0.12241,0.12445,0.12649,0.12854,0.13042,0.13246,0.13435,0.13639,0.13843,0.14032,0.14236,0.14424,0.14629,0.14817,0.15006,0.1521,0.15398,0.15603,0.15791,0.15995,0.16184,0.16372,0.16576,0.16765,0.16969,0.17158,0.17362,0.1755,0.17755,0.17959,0.18147,0.18351,0.18556,0.1876,0.18948,0.19153,0.19357,0.19561,0.19749,0.19954,0.20158,0.20346,0.20551,0.20755,0.20943,0.21147,0.21352,0.2154,0.21744,0.21933,0.22137,0.22341,0.2253,0.22734,0.22938,0.23127,0.23331,0.23535,0.23739,0.23943,0.24148,0.24352,0.24556,0.2476,0.24964,0.25169,0.25373,0.25593,0.25797,0.26001,0.26205,0.2641,0.26614,0.26818,0.27022,0.27226,0.27431,0.27635,0.27839,0.28043,0.28247,0.28452,0.28656,0.2886,0.2908,0.29284,0.29504,0.29724,0.29928,0.30148,0.30368,0.30588,0.30808,0.31028,0.31248,0.31468,0.31687,0.31907,0.32127,0.32347,0.32567,0.32771,0.32991,0.33211,0.33431,0.33651,0.33871,0.34075,0.34295,0.34515,0.34735,0.34955,0.35175,0.35395,0.35614,0.35819,0.36039,0.36258,0.36478,0.36698,0.36918,0.37154,0.37374,0.37594,0.37814,0.38049,0.38269,0.38489,0.38709,0.38929,0.39149,0.39384,0.39604,0.39824,0.40044,0.40264,0.40484,0.40704,0.40924,0.41144,0.41364,0.41583,0.41819,0.42039,0.42259,0.42479,0.42714,0.42934,0.4317,0.4339,0.43626,0.43845,0.44081,0.44301,0.44537,0.44756,0.44976,0.45212,0.45432,0.45652,0.45872,0.46107,0.46327,0.46547,0.46783,0.47003,0.47238,0.47458,0.47694,0.47929,0.48165,0.48401,0.48621,0.48872,0.49108,0.49343,0.49579,0.49814,0.5005,0.50286,0.50521,0.50773,0.51008,0.51244,0.51479,0.51715,0.51951,0.52186,0.52406,0.52642,0.52878,0.53113,0.53349,0.53584,0.5382,0.54056,0.54276,0.54511,0.54747,0.54982,0.55218,0.55454,0.55689,0.55925,0.5616,0.56396,0.56632,0.56867,0.57103,0.57339,0.57574,0.5781,0.58045,0.58265,0.58501,0.58737,0.58972,0.59192,0.59428,0.59663,0.59883,0.60119,0.60339,0.60574,0.6081,0.6103,0.61266,0.61501,0.61721,0.61957,0.62192,0.62428,0.62664,0.62899,0.63119,0.63355,0.6359,0.6381,0.64046,0.64281,0.64501,0.64737,0.64957,0.65193,0.65412,0.65648,0.65884,0.66104,0.66339,0.66575,0.66795,0.6703,0.67266,0.67502,0.67737,0.67973,0.68224,0.6846,0.68695,0.68931,0.69167,0.69402,0.69638,0.69874,0.70109,0.70329,0.70565,0.708,0.7102,0.71256,0.71491,0.71711,0.71947,0.72183,0.72403,0.72638,0.72874,0.73109,0.73345,0.73581,0.73816,0.74052,0.74272,0.74523,0.74759,0.74994,0.7523,0.75466,0.75701,0.75937,0.76157,0.76392,0.76628,0.76864,0.77099,0.77335,0.77555,0.7779,0.78026,0.78246,0.78481,0.78717,0.78937,0.79173,0.79408,0.79644,0.79864,0.80099,0.80335,0.80571,0.80791,0.81026,0.81262,0.81497,0.81733,0.81953,0.82189,0.82424,0.82644,0.8288,0.83115,0.83335,0.83555,0.83791,0.84026,0.84246,0.84482,0.84718,0.84937,0.85173,0.85409,0.85644,0.85864,0.861,0.86335,0.86571,0.86807,0.87042,0.87278,0.87514,0.87765,0.88001,0.8822,0.88456,0.88692,0.88927,0.89147,0.89383,0.89603,0.89838,0.90074,0.90294,0.90514,0.90734,0.90969,0.91189,0.91409,0.91645,0.91865,0.92085,0.92304,0.9254,0.9276,0.9298,0.93216,0.93435,0.93671,0.93891,0.94111,0.94347,0.94566,0.94786,0.95006,0.95226,0.95446,0.95682,0.95886,0.96106,0.96326,0.96546,0.96766,0.96985,0.97205,0.97425,0.97645,0.97865,0.98085,0.98305,0.98525,0.98745,0.98965,0.99185,0.99404,0.99624,0.99844,1.0006,1.0028,1.005,1.0072,1.0094,1.0116,1.0138,1.016,1.0182,1.0204,1.0226,1.0248,1.0269,1.0291,1.0313,1.0335,1.0355,1.0377,1.0399,1.0421,1.0443,1.0465,1.0487,1.0509,1.0531,1.0553,1.0575,1.0599,1.0621,1.0643,1.0665,1.0688,1.071,1.0732,1.0754,1.0778,1.08,1.0822,1.0844,1.0866,1.0888,1.091,1.0932,1.0954,1.0976,1.0998,1.102,1.1042,1.1064,1.1086,1.1108,1.113,1.1152,1.1174,1.1197,1.1219,1.1241,1.1263,1.1285,1.1309,1.1331,1.1353,1.1375,1.1397,1.142,1.1442,1.1464,1.1486,1.1508,1.153,1.1552,1.1574,1.1596,1.1618,1.164,1.1662,1.1686,1.1708,1.173,1.1752,1.1774,1.1796,1.1819,1.1841,1.1863,1.1885,1.1909,1.1931,1.1953,1.1975,1.1998,1.202,1.2042,1.2064,1.2086,1.2108,1.2132,1.2154,1.2176,1.2198,1.222,1.2242,1.2265,1.2287,1.2309,1.2333,1.2355,1.2378,1.2402,1.2424,1.2447,1.2471,1.2495,1.2517,1.254,1.2564,1.2587,1.2609,1.2633,1.2655,1.2678,1.27,1.2722,1.2746,1.2768,1.2791,1.2813,1.2835,1.2857,1.2881,1.2903,1.2925,1.2949,1.2971,1.2993,1.3016,1.3038,1.306,1.3082,1.3106,1.3128,1.315,1.3173,1.3195,1.3217,1.3241,1.3263,1.3285,1.3308,1.333,1.3352,1.3374,1.3396,1.3418,1.344,1.3462,1.3484,1.3506,1.3528,1.355,1.3572,1.3594,1.3616,1.3638,1.366,1.3682,1.3704,1.3726,1.3748,1.3772,1.3794,1.3816,1.3838,1.386,1.3882,1.3904,1.3926,1.3948,1.397,1.3992,1.4012,1.4034,1.4056,1.4078,1.41,1.4122,1.4144,1.4166,1.4188,1.421,1.4232,1.4254,1.4276,1.4299,1.4321,1.4343,1.4367,1.4389,1.4411,1.4433,1.4456,1.4478,1.45,1.4522,1.4544,1.4566,1.4588,1.4609,1.4631,1.4653,1.4675,1.4697,1.4719,1.4741,1.4763,1.4785,1.4807,1.4829,1.4851,1.4873,1.4895,1.4917,1.4939,1.4962,1.4984,1.5006,1.5028,1.505,1.5072,1.5094,1.5116,1.5138,1.516,1.5182,1.5204,1.5226,1.5248,1.527,1.5291,1.5313,1.5335,1.5357,1.5379,1.5401,1.5421,1.5443,1.5465,1.5487,1.5509,1.5531,1.5553,1.5575,1.5597,1.5619,1.5642,1.5664,1.5686,1.5708,1.573,1.5752,1.5774,1.5796,1.5818,1.5839,1.5861,1.5883,1.5905,1.5927,1.5949,1.5971,1.5991,1.6013,1.6035,1.6057,1.6079,1.6101,1.6123,1.6145,1.6167,1.6191,1.6213,1.6235,1.6257,1.628,1.6302,1.6324,1.6348,1.637,1.6392,1.6414,1.6436,1.6458,1.648,1.6502,1.6524,1.6546,1.6566,1.6588,1.661,1.663,1.6652,1.6674,1.6695,1.6717,1.6737,1.6759,1.6781,1.6803,1.6824,1.6846,1.6868,1.689,1.691,1.6932,1.6954,1.6974,1.6996,1.7018,1.7039,1.7059,1.7081,1.7102,1.7124,1.7144,1.7166,1.7187,1.7209,1.7229,1.7249,1.7271,1.7292,1.7312,1.7334,1.7355,1.7377,1.7397,1.7419,1.7439,1.7461,1.7482,1.7504,1.7524,1.7546,1.7568,1.7589,1.7611,1.7631,1.7653,1.7675,1.7695,1.7716,1.7738,1.7758,1.778,1.7801,1.7821,1.7843,1.7864,1.7884,1.7906,1.7926,1.7948,1.797,1.7991,1.8013,1.8035,1.8057,1.8079,1.8101,1.8123,1.8145,1.8167,1.8189,1.8211,1.8233,1.8255,1.8277,1.8299,1.8321,1.8341,1.8363,1.8385,1.8407,1.8427,1.8449,1.8471,1.8493,1.8514,1.8536,1.8558,1.858,1.86,1.8622,1.8644,1.8666,1.8687,1.8709,1.8731,1.8753,1.8775,1.8797,1.8817,1.8839,1.8861,1.8883,1.8905,1.8927,1.8949,1.8969,1.8991,1.9013,1.9035,1.9057,1.9079,1.91,1.9122,1.9144,1.9166,1.9188,1.9208,1.923,1.9252,1.9274,1.9296,1.9318,1.934,1.9362,1.9384,1.9406,1.9428,1.9452,1.9474,1.9496,1.9518,1.954,1.9562,1.9584,1.9606,1.9628,1.965,1.9672,1.9694,1.9716,1.9738,1.9759,1.9781,1.9803,1.9827,1.9849,1.9873,1.9895,1.9918,1.9942,1.9964,1.9987,2.0011,2.0034,2.0056,2.008,2.0104,2.0127,2.0149,2.0173,2.0196,2.0218,2.0242,2.0264,2.0287,2.0309,2.0333,2.0355,2.0378,2.04,2.0424,2.0446,2.0469,2.0491,2.0515,2.0537,2.0561,2.0583,2.0606,2.0628,2.0652,2.0674,2.0697,2.0721,2.0743,2.0766,2.079,2.0812,2.0835,2.0859,2.0881,2.0905,2.0927,2.095,2.0972,2.0994,2.1018,2.104,2.1062,2.1084,2.1107,2.1129,2.1151,2.1175,2.1197,2.122,2.1242,2.1266,2.1288,2.1311,2.1335,2.1357,2.1381,2.1403,2.1426,2.1448,2.1472,2.1494,2.1517,2.1539,2.1561,2.1585,2.1607,2.1629,2.1652,2.1674,2.1698,2.1721,2.1743,2.1767,2.1791,2.1814,2.1838,2.1861,2.1885,2.1908,2.1932,2.1954,2.1977,2.2001,2.2025,2.2047,2.207,2.2094,2.2116,2.2139,2.2161,2.2185,2.2208,2.223,2.2254,2.2277,2.2299,2.2323,2.2347,2.237,2.2392,2.2416,2.2439,2.2463,2.2486,2.251,2.2534,2.2557,2.2581,2.2604,2.2628,2.2651,2.2675,2.2697,2.272,2.2744,2.2768,2.2791,2.2813,2.2837,2.286,2.2884,2.2907,2.2929,2.2953,2.2976,2.3,2.3024,2.3047,2.3071,2.3094,2.3118,2.3141,2.3165,2.3189,2.3212,2.3236,2.3259,2.3283,2.3306,2.333,2.3353,2.3377,2.3399,2.3423,2.3446,2.347,2.3493,2.3517,2.3539,2.3562,2.3586,2.361,2.3633,2.3657,2.3682,2.3705,2.3729,2.3754,2.3778,2.3803,2.3826,2.3851,2.3875,2.3899,2.3924,2.3947,2.3971,2.3994,2.4018,2.4041,2.4065,2.4089,2.4112,2.4136,2.4158,2.4183,2.4206,2.4228,2.4252,2.4277,2.4301,2.4324,2.4348,2.4371,2.4395,2.4418,2.4442,2.4466,2.4489,2.4513,2.4536,2.4558,2.4582,2.4605,2.4629,2.4653,2.4675,2.4698,2.4722,2.4744,2.4767,2.4789,2.4813,2.4836,2.4858,2.4882,2.4904,2.4927,2.4951,2.4973,2.4997,2.502,2.5044,2.5066,2.5089,2.5113,2.5136,2.516,2.5183,2.5207,2.5229,2.5253,2.5276,2.53,2.5322,2.5345,2.5369,2.5392,2.5416,2.5438,2.5461,2.5485,2.5509,2.5532,2.5556,2.5579,2.5604,2.5628,2.5652,2.5675,2.57,2.5724,2.5747,2.5773,2.5796,2.582,2.5843,2.5867,2.5892,2.5915,2.5939,2.5963,2.5986,2.601,2.6033,2.6058,2.6082,2.6106,2.6131,2.6154,2.6178,2.6203,2.6226,2.6252,2.6275,2.63,2.6325,2.6351,2.6374,2.6399,2.6424,2.645,2.6473,2.6498,2.6522,2.6547,2.657,2.6596,2.6619,2.6644,2.6668,2.6691,2.6717,2.6742,2.6765,2.679,2.6814,2.6839,2.6863,2.6888,2.6913,2.6938,2.6962,2.6987,2.7012,2.7037,2.7062,2.7087,2.7111,2.7136,2.7161,2.7185,2.721,2.7235,2.7258,2.7284,2.7309,2.7334,2.7359,2.7384,2.7409,2.7434,2.746,2.7485,2.7511,2.7537,2.7563,2.7588,2.7613,2.764,2.7665,2.769,2.7716,2.7741,2.7766,2.7793,2.7816,2.7841,2.7866,2.7892,2.7917,2.7942,2.7967,2.799,2.8016,2.8041,2.8066,2.8091,2.8116,2.814,2.8165,2.819,2.8215,2.824,2.8265,2.829,2.8316,2.8341,2.8366,2.8391,2.8416,2.8441,2.8466,2.8492,2.8517,2.854,2.8565,2.8591,2.8616,2.8639,2.8664,2.8689,2.8715,2.874,2.8765,2.8788,2.8814,2.8839,2.8864,2.8889,2.8914,2.8939,2.8964,2.8989,2.9015,2.904,2.9063,2.9088,2.9114,2.9139,2.9164,2.9189,2.9214,2.9239,2.9264,2.929,2.9315,2.934,2.9365,2.939,2.9417,2.9442,2.9469,2.9494,2.9519,2.9546,2.9571,2.9596,2.9621,2.9648,2.9673,2.9698,2.9723,2.9747,2.9772,2.9797,2.9822,2.9847,2.9872,2.9899,2.9924,2.9949,2.9974,3.0001,3.0026,3.0051,3.0078,3.0103,3.013,3.0155,3.018,3.0205,3.0232,3.0257,3.0282,3.0307,3.0333,3.0358,3.0381,3.0406,3.0431,3.0457,3.0482,3.0507,3.0532,3.0557,3.0582,3.0609,3.0634,3.0659,3.0684,3.0711,3.0736,3.0761,3.0786,3.0812,3.0837,3.0862,3.0887,3.0912,3.0939,3.0964,3.0989,3.1014,3.1039,3.1065,3.109,3.1115,3.114,3.1167,3.1192,3.1218,3.1244,3.1269,3.1295,3.1321,3.1347,3.1372,3.1399,3.1424,3.1449,3.1476,3.1501,3.1526,3.1551,3.1577,3.1603,3.1628,3.1654,3.1679,3.1702,3.1727,3.1753,3.1778,3.1803,3.1828,3.1853,3.1878,3.1903,3.1928,3.1954,3.1979,3.2004,3.2029,3.2054,3.2079,3.2104,3.213,3.2155,3.218,3.2205,3.2228,3.2254,3.2277,3.2302,3.2326,3.2351,3.2375,3.24,3.2423,3.2448,3.2474,3.2497,3.2522,3.2547,3.2572,3.2596,3.2621,3.2646,3.2671,3.2697,3.2722,3.2747,3.2772,3.2796,3.2821,3.2846,3.2869,3.2894,3.292,3.2943,3.2968,3.2992,3.3017,3.3042,3.3067,3.3091,3.3116,3.3141,3.3166,3.3191,3.3217,3.3242,3.3267,3.3292,3.3317,3.3342,3.3367,3.3392,3.3418,3.3443,3.3466,3.3491,3.3517,3.3542,3.3565,3.359,3.3615,3.3641,3.3666,3.3691,3.3716,3.3741,3.3768,3.3793,3.382,3.3845,3.3872,3.3897,3.3922,3.3949,3.3974,3.3999,3.4024,3.4051,3.4076,3.4101,3.4126,3.4151,3.4176,3.4201,3.4227,3.4252,3.4277,3.4302,3.4327,3.4352,3.4377,3.4404,3.4429,3.4456,3.4481,3.4508,3.4533,3.456,3.4585,3.4611,3.4637,3.4662,3.4688,3.4713,3.474,3.4765,3.4792,3.4817,3.4844,3.4869,3.4896,3.4921,3.4948,3.4973,3.4999,3.5026,3.5053,3.5079,3.5106,3.5133,3.516,3.5186,3.5213,3.524,3.5266,3.5293,3.532,3.5345,3.5372,3.5398,3.5423,3.545,3.5475,3.5502,3.5527,3.5554,3.5579,3.5606,3.5631,3.5658,3.5684,3.5711,3.5736,3.5763,3.5789,3.5816,3.5841,3.5868,3.5895,3.592,3.5947,3.5973,3.5998,3.6024,3.605,3.6075,3.61,3.6127,3.6152,3.6177,3.6204,3.6229,3.6256,3.6281,3.6308,3.6333,3.636,3.6385,3.6412,3.6437,3.6463,3.6488,3.6515,3.654,3.6567,3.6592,3.6617,3.6644,3.6669,3.6694,3.6721,3.6746,3.6773,3.6798,3.6825,3.685,3.6876,3.6903,3.6928,3.6955,3.6982,3.7008,3.7035,3.7062,3.7089,3.7114,3.714,3.7167,3.7192,3.7219,3.7246,3.7271,3.7297,3.7323,3.7349,3.7374,3.7401,3.7426,3.7453,3.748,3.7506,3.7533,3.756,3.7586,3.7613,3.764,3.7667,3.7693,3.772,3.7747,3.7772,3.7799,3.7825,3.7852,3.7879,3.7904,3.793,3.7957,3.7982,3.8009,3.8036,3.8062,3.8089,3.8114,3.8141,3.8168,3.8194,3.8221,3.8248,3.8274,3.8303,3.8329,3.8356,3.8383,3.841,3.8436,3.8463,3.849,3.8516,3.8543,3.857,3.8596,3.8623,3.865,3.8677,3.8703,3.873,3.8758,3.8785,3.8812,3.884,3.8867,3.8893,3.8922,3.8948,3.8975,3.9002,3.9028,3.9055,3.9082,3.9109,3.9135,3.9162,3.9189,3.9215,3.9242,3.9269,3.9295,3.9322,3.9349,3.9376,3.9402,3.9429,3.9456,3.9482,3.9509,3.9536,3.9564,3.9591,3.9618,3.9643,3.9669,3.9696,3.9723,3.9749,3.9775,3.9801,3.9826,3.9853,3.9878,3.9905,3.993,3.9957,3.9984,4.0009,4.0035,4.0062,4.0089,4.0115,4.0142,4.0169,4.0196,4.0222,4.0249,4.0276,4.0302,4.0329,4.0356,4.0381,4.0408,4.0434,4.0461,4.0486,4.0513,4.054,4.0566,4.0593,4.062,4.0646,4.0673,4.07,4.0726,4.0755,4.0781,4.081,4.0836,4.0865,4.0891,4.092,4.0946,4.0973,4.1001,4.1028,4.1055,4.1081,4.1108,4.1135,4.1163,4.119,4.1217,4.1243,4.127,4.1298,4.1325,4.1353,4.1382,4.141,4.1438,4.1465,4.1493,4.1521,4.155,4.1578,4.1606,4.1633,4.1661,4.1689,4.1716,4.1744,4.1773,4.1799,4.1826,4.1854,4.1881,4.1909,4.1936,4.1964,4.1991,4.2019,4.2046,4.2074,4.2103,4.2131,4.2159,4.2186,4.2214,4.2242,4.2271,4.2299,4.2327,4.2355,4.2384,4.2412,4.244,4.2468,4.2497,4.2525,4.2553,4.2583,4.2611,4.264,4.2668,4.2696,4.2726,4.2754,4.2783,4.2811,4.2839,4.2867,4.2896,4.2924,4.2952,4.2981,4.3009,4.3036,4.3064,4.3092,4.312,4.3149,4.3177,4.3205,4.3233,4.3263,4.3292,4.332,4.335,4.3378,4.3406,4.3436,4.3464,4.3493,4.3521,4.3549,4.3577,4.3606,4.3634,4.3662,4.3691,4.3717,4.3746,4.3774,4.3802,4.3829,4.3857,4.3885,4.3914,4.3942,4.3972,4.4,4.4028,4.4057,4.4085,4.4115,4.4143,4.4171,4.4201,4.4229,4.4259,4.4287,4.4317,4.4347,4.4375,4.4404,4.4432,4.446,4.4489,4.4517,4.4545,4.4573,4.46,4.4628,4.4657,4.4685,4.4713,4.4741,4.477,4.4798,4.4826,4.4856,4.4884,4.4914,4.4943,4.4972,4.5002,4.5032,4.5062,4.5092,4.5122,4.5151,4.518,4.521,4.5238,4.5266,4.5294,4.5323,4.5351,4.5379,4.5407,4.5434,4.5462,4.5491,4.5517,4.5546,4.5574,4.5602,4.5631,4.5659,4.5687,4.5715,4.5745,4.5773,4.5803,4.5833,4.5861,4.5891,4.5921,4.5951,4.5981,4.6009,4.6039,4.6067,4.6097,4.6125,4.6154,4.6182,4.621,4.6238,4.6268,4.6297,4.6325,4.6353,4.6381,4.641,4.6438,4.6468,4.6496,4.6524,4.6554,4.6582,4.6611,4.6641,4.6669,4.6697,4.6727,4.6755,4.6785,4.6815,4.6843,4.6871,4.69,4.6928,4.6956,4.6985,4.7013,4.704,4.7068,4.7096,4.7123,4.7151,4.7179,4.7208,4.7236,4.7264,4.7292,4.7321,4.7349,4.7377,4.7406,4.7432,4.746,4.7489,4.7517,4.7545,4.7574,4.7602,4.763,4.7658,4.7687,4.7715,4.7743,4.7772,4.78,4.7826,4.7855,4.7883,4.791,4.7938,4.7965,4.7993,4.8021,4.8048,4.8076,4.8105,4.8131,4.8159,4.8188,4.8216,4.8244,4.8273,4.8301,4.8329,4.8359,4.8387,4.8416,4.8444,4.8474,4.8502,4.8532,4.856,4.8588,4.8617,4.8645,4.8672,4.87,4.8728,4.8756,4.8783,4.8811,4.884,4.8868,4.8896,4.8926,4.8954,4.8984,4.9012,4.9042,4.9071,4.91,4.9129,4.9159,4.9188,4.9218,4.9248,4.9278,4.9309,4.9339,4.9369,4.9397,4.9427,4.9455,4.9484,4.9512,4.9542,4.957,4.9598,4.9627,4.9655,4.9683,4.9711,4.974,4.9768,4.9796,4.9826,4.9854,4.9884,4.9914,4.9944,4.9972,5.0002,5.0032,5.0062,5.0093,5.0123,5.0153,5.0183,5.0214,5.0244,5.0274,5.0304,5.0333,5.0362,5.0392,5.0421,5.045,5.048,5.0508,5.0538,5.0566,5.0594,5.0624,5.0652,5.0682,5.071,5.074,5.0769,5.0798,5.0827,5.0857,5.0886,5.0915,5.0945,5.0974,5.1003,5.1032,5.1062,5.1092,5.112,5.115,5.118,5.121,5.124,5.1268,5.1296,5.1325,5.1354,5.1383,5.1411,5.1439,5.1468,5.1496,5.1524,5.1554,5.1582,5.1611,5.164,5.1669,5.1697,5.1727,5.1757,5.1785,5.1815,5.1843,5.1873,5.1903,5.1933,5.1961,5.1991,5.2021,5.2049,5.2079,5.2108,5.2137,5.2167,5.2195,5.2223,5.2253,5.2281,5.2311,5.2339,5.2368,5.2398,5.2426,5.2456,5.2484,5.2512,5.2542,5.257,5.26,5.2628,5.2658,5.2688,5.2716,5.2746,5.2776,5.2806,5.2834,5.2864,5.2894,5.2924,5.2954,5.2982,5.3012,5.3042,5.307,5.31,5.3128,5.3156,5.3184,5.3213,5.3241,5.3269,5.3299,5.3327,5.3356,5.3384,5.3414,5.3442,5.347,5.35,5.3528,5.3558,5.3587,5.3616,5.3645,5.3675,5.3704,5.3733,5.3763,5.3791,5.3821,5.3849,5.3879,5.3907,5.3937,5.3965,5.3993,5.4023,5.4052,5.4081,5.411,5.4138,5.4166,5.4194,5.4223,5.4253,5.4281,5.4309,5.4337,5.4366,5.4394,5.4422,5.4451,5.448,5.4509,5.4537,5.4565,5.4593,5.4623,5.4652,5.468,5.4708,5.4736,5.4765,5.4793,5.4821,5.485,5.4876,5.4904,5.4931,5.4959,5.4986,5.5014,5.5041,5.5068,5.5096,5.5123,5.5151,5.5179,5.5206,5.5234,5.5263,5.5291,5.5319,5.5347,5.5376,5.5404,5.5431,5.5459,5.5487,5.5516,5.5544,5.5571,5.5599,5.5625,5.5654,5.568,5.5709,5.5735,5.5764,5.579,5.5819,5.5847,5.5875,5.5902,5.593,5.5958,5.5987,5.6015,5.6042,5.607,5.6098,5.6127,5.6153,5.6182,5.621,5.6237,5.6265,5.6293,5.632,5.6348,5.6376,5.6403,5.6431,5.646,5.6488,5.6518,5.6546,5.6574,5.6603,5.6631,5.6659,5.6687,5.6716,5.6744,5.6771,5.6799,5.6827,5.6854,5.6882,5.6909,5.6937,5.6964,5.6992,5.7019,5.7047,5.7075,5.7104,5.7132,5.716,5.7188,5.7217,5.7245,5.7273,5.7302,5.733,5.7358,5.7386,5.7415,5.7443,5.7471,5.7498,5.7526,5.7554,5.7583,5.7609,5.7638,5.7666,5.7694,5.7723,5.7751,5.7779,5.7807,5.7836,5.7865,5.7894,5.7922,5.795,5.7979,5.8007,5.8035,5.8063,5.8092,5.8118,5.8147,5.8175,5.8202,5.823,5.8257,5.8285,5.8313,5.834,5.8368,5.8396,5.8425,5.8453,5.8481,5.8509,5.8536,5.8564,5.8593,5.8621,5.8648,5.8676,5.8703,5.8731,5.8758,5.8784,5.8811,5.8838,5.8864,5.8891,5.8919,5.8946,5.8973,5.9001,5.9029,5.9056,5.9084,5.9111,5.9139,5.9168,5.9194,5.9223,5.9249,5.9278,5.9304,5.9331,5.9359,5.9386,5.9413,5.9439,5.9466,5.9493,5.9521,5.9548,5.9574,5.9603,5.9629,5.9658,5.9684,5.9713,5.9739,5.9766,5.9794,5.9821,5.9849,5.9876,5.9903,5.9929,5.9958,5.9984,6.0011,6.0038,6.0065,6.0091,6.0118,6.0145,6.0173,6.02,6.0226,6.0255,6.0281,6.031,6.0338,6.0365,6.0393,6.042,6.0446,6.0473,6.0501,6.0528,6.0555,6.058,6.0606,6.0633,6.066,6.0687,6.0713,6.0738,6.0765,6.0792,6.0819,6.0845,6.0874,6.09,6.0927,6.0954,6.0982,6.1009,6.1035,6.1064,6.109,6.1117,6.1144,6.117,6.1197,6.1224,6.1252,6.1279,6.1305,6.1332,6.136,6.1387,6.1414,6.1441,6.1467,6.1494,6.1522,6.1549,6.1576,6.1602,6.1631,6.1657,6.1684,6.1711,6.1737,6.1763,6.1789,6.1816,6.1843,6.1868,6.1895,6.1921,6.1948,6.1973,6.2,6.2026,6.2053,6.2078,6.2105,6.2132,6.2158,6.2185,6.2212,6.2239,6.2264,6.229,6.2317,6.2342,6.2369,6.2394,6.2419,6.2444,6.2471,6.2496,6.2521,6.2546,6.2572,6.2597,6.2622,6.2647,6.2674,6.2699,6.2724,6.2751,6.2776,6.2801,6.2828,0.0020871,0.0047574,0.0072707,0.0099411,0.012454,0.014968,0.017638,0.020151,0.022665,0.025178,0.027691,0.030204,0.032718,0.035231,0.037901,0.040415,0.042928,0.045441,0.048111,0.050625,0.053295,0.055808,0.058479,0.060992,0.063662,0.066333,0.068846,0.071516,0.07403,0.076543,0.079213,0.081726,0.08424,0.08691,0.089423,0.091937,0.094607,0.09712,0.099791,0.1023,0.10497,0.10764,0.11016,0.11283,0.1155,0.11817,0.12084,0.12351,0.12618,0.12885,0.13152,0.13419,0.13686,0.13953,0.14205,0.14472,0.14723,0.1499,0.15257,0.15508,0.15775,0.16027,0.16294,0.16545,0.16812,0.17063,0.1733,0.17597,0.17849,0.18116,0.18383,0.1865,0.18917,0.19184,0.19451,0.19702,0.19969,0.20236,0.20503,0.20755,0.21022,0.21289,0.21556,0.21807,0.22074,0.22341,0.22593,0.2286,0.23127,0.23394,0.23661,0.23912,0.24179,0.24446,0.24713,0.2498,0.25247,0.25514,0.25781,0.26048,0.26315,0.26582,0.26849,0.27101,0.27368,0.27635,0.27902,0.28153,0.2842,0.28672,0.28939,0.2919,0.29457,0.29708,0.29975,0.30242,0.30494,0.30761,0.31028,0.31279,0.31546,0.31813,0.3208,0.32331,0.32599,0.3285,0.33117,0.33368,0.33635,0.33887,0.34138,0.34389,0.34656,0.34908,0.35159,0.3541,0.35662,0.35913,0.3618,0.36431,0.36683,0.36934,0.37201,0.37452,0.37719,0.37971,0.38222,0.38489,0.3874,0.39007,0.39259,0.3951,0.39761,0.40028,0.4028,0.40531,0.40782,0.41034,0.41285,0.41552,0.41803,0.42055,0.42306,0.42573,0.42824,0.43091,0.43343,0.4361,0.43861,0.44128,0.44379,0.44631,0.44898,0.45149,0.45401,0.45668,0.45919,0.4617,0.46422,0.46673,0.46924,0.47176,0.47427,0.47678,0.47945,0.48197,0.48448,0.48699,0.48966,0.49218,0.49485,0.49736,0.50003,0.50254,0.50521,0.50773,0.51024,0.51291,0.51542,0.51794,0.52045,0.52296,0.52548,0.52799,0.5305,0.53286,0.53537,0.53789,0.5404,0.54291,0.54543,0.54794,0.55045,0.55312,0.55564,0.55815,0.56066,0.56333,0.56585,0.56836,0.57087,0.57339,0.5759,0.57841,0.58093,0.58344,0.58595,0.58847,0.59098,0.59349,0.59601,0.59852,0.60103,0.6037,0.60622,0.60873,0.61124,0.61376,0.61643,0.61894,0.62145,0.62397,0.62648,0.62899,0.63151,0.63402,0.63653,0.63904,0.64156,0.64391,0.64643,0.64894,0.6513,0.65381,0.65617,0.65868,0.66119,0.66355,0.66606,0.66858,0.67093,0.67345,0.67596,0.67831,0.68083,0.68318,0.6857,0.68821,0.69057,0.69308,0.69544,0.69795,0.70031,0.70266,0.70518,0.70753,0.70989,0.71224,0.7146,0.71696,0.71931,0.72167,0.72403,0.72638,0.72874,0.73109,0.73345,0.73581,0.73816,0.74052,0.74287,0.74523,0.74774,0.7501,0.75246,0.75481,0.75733,0.75968,0.76204,0.76439,0.76675,0.76911,0.77162,0.77398,0.77618,0.77853,0.78089,0.78324,0.7856,0.78796,0.79031,0.79267,0.79503,0.79738,0.79974,0.80225,0.80461,0.80696,0.80932,0.81168,0.81419,0.81654,0.8189,0.82126,0.82361,0.82597,0.82833,0.83068,0.83304,0.83539,0.83775,0.84011,0.84246,0.84482,0.84718,0.84953,0.85189,0.85424,0.8566,0.85896,0.86147,0.86383,0.86618,0.86854,0.87105,0.87341,0.87592,0.87828,0.88079,0.88315,0.8855,0.88802,0.89037,0.89273,0.89508,0.89744,0.8998,0.90215,0.90451,0.90687,0.90922,0.91158,0.91393,0.91613,0.91865,0.921,0.92336,0.92572,0.92807,0.93043,0.93278,0.9353,0.93765,0.94001,0.94252,0.94488,0.94724,0.94975,0.9521,0.95446,0.95682,0.95917,0.96169,0.96404,0.9664,0.96876,0.97111,0.97362,0.97598,0.97834,0.98085,0.98321,0.98556,0.98808,0.99043,0.99295,0.9953,0.99781,1.0002,1.0027,1.005,1.0076,1.0099,1.0124,1.0148,1.0171,1.0195,1.022,1.0244,1.0267,1.0291,1.0316,1.0339,1.0363,1.0387,1.041,1.0434,1.0457,1.0481,1.0506,1.0529,1.0553,1.0577,1.06,1.0624,1.0647,1.0671,1.0694,1.072,1.0743,1.0767,1.079,1.0814,1.0837,1.0859,1.0883,1.0906,1.093,1.0952,1.0976,1.0999,1.1021,1.1045,1.1068,1.109,1.1114,1.1137,1.1159,1.1183,1.1207,1.123,1.1254,1.1277,1.1301,1.1324,1.1348,1.137,1.1393,1.1417,1.1439,1.1463,1.1486,1.1508,1.1532,1.1554,1.1577,1.1599,1.1623,1.1645,1.1668,1.1692,1.1714,1.1737,1.1761,1.1783,1.1807,1.183,1.1854,1.1877,1.1899,1.1923,1.1946,1.1968,1.1992,1.2014,1.2037,1.2059,1.2083,1.2105,1.2129,1.2151,1.2174,1.2196,1.222,1.2242,1.2264,1.2287,1.2309,1.2333,1.2355,1.2378,1.2402,1.2424,1.2447,1.2471,1.2493,1.2517,1.254,1.2562,1.2586,1.2608,1.2631,1.2653,1.2675,1.2699,1.2721,1.2743,1.2765,1.2788,1.281,1.2832,1.2854,1.2876,1.29,1.2922,1.2944,1.2966,1.2989,1.3011,1.3033,1.3057,1.3079,1.3102,1.3124,1.3148,1.317,1.3194,1.3216,1.3239,1.3261,1.3283,1.3307,1.3329,1.3351,1.3373,1.3396,1.3418,1.3442,1.3464,1.3486,1.3509,1.3531,1.3555,1.3577,1.36,1.3622,1.3646,1.367,1.3692,1.3715,1.3737,1.3761,1.3784,1.3806,1.383,1.3852,1.3875,1.3897,1.3919,1.3943,1.3965,1.3987,1.4009,1.4031,1.4054,1.4076,1.4098,1.412,1.4142,1.4164,1.4186,1.4208,1.423,1.4252,1.4274,1.4296,1.4318,1.434,1.4364,1.4386,1.4408,1.443,1.4452,1.4474,1.4496,1.4518,1.4538,1.456,1.4582,1.4603,1.4625,1.4647,1.4667,1.4687,1.4709,1.473,1.4752,1.4772,1.4793,1.4815,1.4837,1.4857,1.4879,1.4899,1.4921,1.4943,1.4964,1.4986,1.5008,1.503,1.505,1.5072,1.5094,1.5115,1.5137,1.5157,1.5179,1.5201,1.5221,1.5243,1.5264,1.5286,1.5306,1.5328,1.535,1.5371,1.5393,1.5413,1.5435,1.5457,1.5479,1.5499,1.5521,1.5543,1.5565,1.5587,1.5609,1.5631,1.5653,1.5675,1.5697,1.5719,1.5741,1.5763,1.5785,1.5807,1.5829,1.5851,1.5873,1.5895,1.5917,1.5939,1.596,1.5982,1.6004,1.6026,1.6048,1.607,1.6092,1.6114,1.6136,1.6158,1.618,1.6202,1.6224,1.6246,1.6269,1.6291,1.6313,1.6337,1.6359,1.6381,1.6404,1.6426,1.6448,1.647,1.6492,1.6514,1.6536,1.6558,1.658,1.6602,1.6624,1.6646,1.6668,1.6689,1.6711,1.6733,1.6755,1.6777,1.68,1.6822,1.6844,1.6866,1.689,1.6912,1.6934,1.6957,1.6979,1.7001,1.7023,1.7045,1.7067,1.7089,1.7111,1.7133,1.7155,1.7179,1.7201,1.7223,1.7245,1.7267,1.729,1.7312,1.7334,1.7358,1.738,1.7403,1.7425,1.7449,1.7471,1.7493,1.7516,1.7538,1.7562,1.7586,1.7608,1.7629,1.7653,1.7675,1.7697,1.7721,1.7743,1.7765,1.7788,1.781,1.7832,1.7856,1.7878,1.79,1.7922,1.7944,1.7966,1.7988,1.801,1.8032,1.8055,1.8077,1.8099,1.8121,1.8145,1.8167,1.8189,1.8212,1.8234,1.8256,1.828,1.8302,1.8324,1.8346,1.8368,1.8391,1.8412,1.8435,1.8456,1.8478,1.85,1.8522,1.8544,1.8566,1.8588,1.861,1.8632,1.8654,1.8676,1.8698,1.872,1.8742,1.8764,1.8787,1.8809,1.8831,1.8853,1.8875,1.8897,1.8919,1.8941,1.8963,1.8985,1.9007,1.9029,1.9051,1.9073,1.9095,1.9117,1.9139,1.9163,1.9185,1.9207,1.9229,1.9251,1.9274,1.9296,1.9318,1.9342,1.9364,1.9386,1.9409,1.9431,1.9455,1.9477,1.9499,1.9522,1.9544,1.9566,1.959,1.9612,1.9634,1.9656,1.9678,1.97,1.9722,1.9744,1.9767,1.9789,1.9811,1.9833,1.9857,1.9879,1.9902,1.9924,1.9948,1.9972,1.9994,2.0017,2.0041,2.0064,2.0086,2.011,2.0132,2.0155,2.0177,2.0201,2.0223,2.0245,2.0267,2.029,2.0312,2.0334,2.0356,2.038,2.0402,2.0424,2.0448,2.0469,2.0493,2.0515,2.0539,2.0561,2.0584,2.0606,2.063,2.0653,2.0675,2.0699,2.0722,2.0746,2.0768,2.0792,2.0814,2.0837,2.0861,2.0883,2.0906,2.0928,2.0952,2.0975,2.0997,2.1021,2.1043,2.1066,2.109,2.1112,2.1136,2.1159,2.1183,2.1205,2.1228,2.1252,2.1275,2.1299,2.1321,2.1344,2.1368,2.1392,2.1415,2.1437,2.1461,2.1484,2.1506,2.153,2.1552,2.1575,2.1597,2.1621,2.1643,2.1665,2.1688,2.171,2.1734,2.1756,2.178,2.1802,2.1825,2.1847,2.1871,2.1894,2.1916,2.194,2.1962,2.1985,2.2007,2.2031,2.2053,2.2076,2.2098,2.212,2.2142,2.2166,2.2188,2.221,2.2232,2.2254,2.2276,2.2299,2.2321,2.2343,2.2365,2.2387,2.2411,2.2433,2.2455,2.2479,2.2501,2.2524,2.2546,2.257,2.2592,2.2615,2.2637,2.2661,2.2683,2.2705,2.2728,2.275,2.2772,2.2796,2.2818,2.284,2.2863,2.2885,2.2907,2.2931,2.2953,2.2976,2.2998,2.3022,2.3046,2.3068,2.3091,2.3115,2.3138,2.3162,2.3184,2.3207,2.3231,2.3255,2.3278,2.33,2.3324,2.3347,2.3371,2.3393,2.3416,2.344,2.3462,2.3485,2.3509,2.3531,2.3555,2.3578,2.3602,2.3624,2.3647,2.3671,2.3694,2.3719,2.3743,2.3767,2.379,2.3815,2.3839,2.3864,2.3888,2.3911,2.3936,2.396,2.3983,2.4007,2.403,2.4056,2.4079,2.4103,2.4126,2.415,2.4173,2.4199,2.4222,2.4246,2.4269,2.4294,2.4318,2.4343,2.4367,2.4392,2.4415,2.444,2.4464,2.4489,2.4514,2.4538,2.4563,2.4587,2.4612,2.4635,2.466,2.4684,2.4709,2.4733,2.4758,2.4781,2.4806,2.4832,2.4855,2.488,2.4905,2.4931,2.4956,2.4981,2.5004,2.503,2.5055,2.5081,2.5106,2.5132,2.5157,2.5182,2.5207,2.5232,2.5256,2.5281,2.5306,2.5331,2.5356,2.5381,2.5407,2.543,2.5455,2.548,2.5505,2.5531,2.5554,2.5579,2.5604,2.563,2.5655,2.568,2.5705,2.5729,2.5754,2.5779,2.5804,2.5827,2.5853,2.5876,2.5901,2.5926,2.595,2.5975,2.5999,2.6024,2.6047,2.6073,2.6096,2.6121,2.6145,2.617,2.6195,2.6219,2.6244,2.6269,2.6294,2.6318,2.6343,2.6368,2.6393,2.6418,2.6442,2.6467,2.6492,2.6517,2.6541,2.6566,2.6589,2.6614,2.6638,2.6663,2.6688,2.6712,2.6737,2.6762,2.6787,2.6811,2.6836,2.6861,2.6886,2.6911,2.6936,2.6962,2.6988,2.7013,2.7039,2.7062,2.7087,2.7112,2.7138,2.7163,2.7186,2.7211,2.7235,2.726,2.7285,2.7309,2.7334,2.7359,2.7384,2.7409,2.7434,2.746,2.7485,2.751,2.7535,2.756,2.7585,2.761,2.7635,2.7661,2.7686,2.7711,2.7736,2.7761,2.7785,2.781,2.7835,2.7859,2.7884,2.7909,2.7932,2.7957,2.7981,2.8006,2.8031,2.8055,2.808,2.8105,2.813,2.8155,2.8181,2.8206,2.8229,2.8254,2.8279,2.8305,2.833,2.8355,2.838,2.8405,2.843,2.8455,2.8481,2.8506,2.8531,2.8556,2.8581,2.8606,2.8631,2.8656,2.8682,2.8707,2.8733,2.8759,2.8784,2.8809,2.8834,2.8859,2.8886,2.8911,2.8936,2.8961,2.8986,2.9011,2.9035,2.906,2.9085,2.911,2.9136,2.9161,2.9184,2.9209,2.9235,2.926,2.9285,2.9308,2.9334,2.9359,2.9384,2.9409,2.9434,2.9459,2.9484,2.9509,2.9533,2.9558,2.9583,2.9608,2.9634,2.9657,2.9682,2.9706,2.9731,2.9754,2.978,2.9803,2.9827,2.9852,2.9875,2.9901,2.9924,2.9949,2.9974,2.9998,3.0023,3.0048,3.0073,3.0097,3.0122,3.0147,3.0172,3.0197,3.0223,3.0246,3.0271,3.0296,3.032,3.0345,3.037,3.0394,3.0419,3.0444,3.0468,3.0493,3.0518,3.0541,3.0567,3.0592,3.0617,3.0642,3.0667,3.0692,3.0717,3.0743,3.0768,3.0793,3.0818,3.0843,3.0868,3.0893,3.0918,3.0944,3.0969,3.0994,3.1019,3.1044,3.1069,3.1094,3.1119,3.1145,3.117,3.1195,3.122,3.1247,3.1272,3.1297,3.1324,3.1349,3.1376,3.1401,3.1427,3.1453,3.1479,3.1504,3.1529,3.1556,3.1581,3.1606,3.1632,3.1658,3.1683,3.1709,3.1734,3.176,3.1786,3.1811,3.1837,3.1862,3.1888,3.1914,3.1941,3.1966,3.1993,3.202,3.2045,3.2071,3.2098,3.2125,3.215,3.2177,3.2202,3.2228,3.2255,3.228,3.2307,3.2332,3.2359,3.2386,3.2411,3.2437,3.2464,3.2491,3.2518,3.2544,3.2571,3.2598,3.2624,3.2651,3.2678,3.2706,3.2733,3.2759,3.2786,3.2813,3.284,3.2866,3.2893,3.2918,3.2945,3.2971,3.2998,3.3025,3.3052,3.3078,3.3103,3.313,3.3157,3.3184,3.321,3.3237,3.3264,3.329,3.3317,3.3342,3.3369,3.3396,3.3422,3.3447,3.3474,3.3499,3.3526,3.3551,3.3578,3.3604,3.363,3.3656,3.3683,3.3708,3.3735,3.3762,3.3788,3.3815,3.3842,3.3868,3.3895,3.3922,3.3949,3.3975,3.4002,3.4027,3.4054,3.408,3.4107,3.4132,3.4159,3.4186,3.4211,3.4238,3.4264,3.4289,3.4316,3.4343,3.4368,3.4395,3.4421,3.4448,3.4475,3.4501,3.4528,3.4555,3.4583,3.461,3.4637,3.4663,3.469,3.4715,3.4742,3.4768,3.4795,3.4822,3.4849,3.4874,3.49,3.4927,3.4954,3.4981,3.5007,3.5034,3.5061,3.5089,3.5116,3.5142,3.5171,3.5197,3.5224,3.5251,3.5277,3.5304,3.5331,3.5358,3.5384,3.5411,3.5438,3.5463,3.5489,3.5516,3.5541,3.5568,3.5595,3.5621,3.5648,3.5675,3.5702,3.573,3.5756,3.5783,3.5811,3.5838,3.5865,3.5892,3.5918,3.5945,3.5972,3.6,3.6027,3.6053,3.608,3.6107,3.6133,3.616,3.6187,3.6214,3.624,3.6269,3.6295,3.6324,3.635,3.6379,3.6405,3.6432,3.646,3.6487,3.6514,3.654,3.6567,3.6594,3.662,3.6647,3.6674,3.6701,3.6726,3.6752,3.6779,3.6806,3.6832,3.6859,3.6886,3.6913,3.6939,3.6966,3.6993,3.7019,3.7046,3.7074,3.7101,3.7128,3.7153,3.718,3.7206,3.7233,3.7258,3.7285,3.7312,3.7337,3.7363,3.7389,3.7415,3.7442,3.7467,3.7494,3.752,3.7547,3.7574,3.7599,3.7626,3.7652,3.7679,3.7706,3.7733,3.7759,3.7786,3.7813,3.7838,3.7864,3.7891,3.7918,3.7945,3.797,3.7996,3.8023,3.805,3.8075,3.8102,3.8128,3.8155,3.8182,3.8209,3.8235,3.8262,3.8289,3.8317,3.8344,3.837,3.8397,3.8424,3.8452,3.8479,3.8505,3.8532,3.8559,3.8585,3.8614,3.864,3.8667,3.8694,3.8721,3.8749,3.8776,3.8802,3.8831,3.8857,3.8886,3.8912,3.894,3.8969,3.8995,3.9024,3.905,3.9079,3.9105,3.9134,3.916,3.9187,3.9215,3.9242,3.927,3.9297,3.9324,3.9352,3.9379,3.9407,3.9435,3.9462,3.949,3.9519,3.9547,3.9575,3.9603,3.9632,3.966,3.9688,3.9716,3.9743,3.9771,3.98,3.9826,3.9855,3.9883,3.991,3.9938,3.9966,3.9994,4.0021,4.0049,4.0078,4.0108,4.0136,4.0164,4.0194,4.0222,4.0252,4.028,4.031,4.0339,4.0368,4.0397,4.0425,4.0453,4.0481,4.051,4.0536,4.0565,4.0591,4.062,4.0648,4.0676,4.0703,4.0731,4.0759,4.0788,4.0816,4.0844,4.0873,4.0901,4.0929,4.0959,4.0987,4.1016,4.1044,4.1072,4.11,4.1129,4.1155,4.1184,4.1212,4.1239,4.1267,4.1294,4.1322,4.135,4.1377,4.1405,4.1433,4.1463,4.1491,4.152,4.1548,4.1576,4.1605,4.1634,4.1663,4.1691,4.1719,4.1748,4.1777,4.1806,4.1835,4.1864,4.1892,4.192,4.1949,4.1977,4.2005,4.2033,4.2062,4.209,4.2118,4.2146,4.2175,4.2205,4.2233,4.2261,4.2289,4.2319,4.2348,4.2376,4.2404,4.2434,4.2462,4.2492,4.252,4.255,4.2578,4.2608,4.2638,4.2666,4.2696,4.2725,4.2754,4.2783,4.2811,4.2839,4.2869,4.2897,4.2926,4.2954,4.2982,4.301,4.3039,4.3067,4.3095,4.3124,4.3152,4.3182,4.321,4.3238,4.3268,4.3296,4.3326,4.3356,4.3384,4.3414,4.3444,4.3474,4.3504,4.3532,4.3562,4.3592,4.362,4.3648,4.3676,4.3706,4.3735,4.3763,4.3791,4.3819,4.3848,4.3878,4.3906,4.3936,4.3964,4.3994,4.4024,4.4052,4.4082,4.4112,4.414,4.417,4.42,4.4229,4.4259,4.4289,4.432,4.435,4.438,4.441,4.4438,4.4467,4.4496,4.4525,4.4553,4.4581,4.4608,4.4636,4.4663,4.469,4.4718,4.4746,4.4773,4.4801,4.4829,4.4858,4.4886,4.4914,4.4944,4.4972,4.5002,4.503,4.506,4.509,4.512,4.515,4.5181,4.521,4.5239,4.5268,4.5296,4.5326,4.5354,4.5382,4.5409,4.5437,4.5466,4.5492,4.5521,4.5549,4.5577,4.5605,4.5634,4.5662,4.569,4.572,4.5748,4.5778,4.5808,4.5836,4.5866,4.5896,4.5926,4.5956,4.5986,4.6015,4.6045,4.6075,4.6103,4.6133,4.6161,4.6191,4.622,4.6248,4.6276,4.6304,4.6334,4.6363,4.6391,4.6421,4.6449,4.6479,4.6507,4.6537,4.6567,4.6595,4.6625,4.6653,4.6683,4.6713,4.6743,4.6772,4.6802,4.6832,4.6862,4.6892,4.692,4.695,4.698,4.7008,4.7038,4.7066,4.7096,4.7124,4.7154,4.7184,4.7212,4.7242,4.7272,4.7302,4.7332,4.7362,4.7391,4.7421,4.7451,4.7481,4.7512,4.7542,4.7572,4.7603,4.7633,4.7663,4.7695,4.7724,4.7754,4.7786,4.7815,4.7847,4.7877,4.7907,4.7936,4.7966,4.7996,4.8026,4.8056,4.8086,4.8116,4.8145,4.8175,4.8205,4.8235,4.8265,4.8295,4.8324,4.8354,4.8384,4.8414,4.8444,4.8474,4.8505,4.8535,4.8565,4.8595,4.8624,4.8654,4.8684,4.8712,4.8742,4.8771,4.88,4.8829,4.8857,4.8887,4.8915,4.8945,4.8973,4.9003,4.9033,4.9063,4.9093,4.9122,4.9152,4.9181,4.921,4.9242,4.9272,4.9303,4.9334,4.9364,4.9396,4.9426,4.9455,4.9485,4.9514,4.9543,4.9572,4.96,4.963,4.9658,4.9686,4.9716,4.9744,4.9773,4.9803,4.9831,4.9861,4.9889,4.9919,4.9949,4.9978,5.0008,5.0038,5.0068,5.0098,5.0128,5.0158,5.0187,5.0217,5.0249,5.0278,5.0308,5.0337,5.0366,5.0396,5.0425,5.0454,5.0483,5.0511,5.0541,5.0569,5.0599,5.0627,5.0655,5.0685,5.0714,5.0743,5.0772,5.0802,5.0831,5.086,5.089,5.0919,5.0948,5.0978,5.1007,5.1037,5.1067,5.1097,5.1127,5.1157,5.1185,5.1215,5.1245,5.1274,5.1303,5.1333,5.1361,5.1391,5.1419,5.1449,5.1477,5.1507,5.1535,5.1565,5.1595,5.1623,5.1653,5.1683,5.1711,5.1741,5.1771,5.1799,5.1829,5.1859,5.1887,5.1917,5.1945,5.1975,5.2003,5.2033,5.2061,5.2091,5.2119,5.2148,5.2178,5.2206,5.2234,5.2262,5.2291,5.2319,5.2347,5.2376,5.2404,5.2432,5.246,5.2489,5.2517,5.2545,5.2573,5.2602,5.263,5.2658,5.2687,5.2716,5.2745,5.2773,5.2803,5.2831,5.2859,5.2889,5.2917,5.2946,5.2976,5.3004,5.3032,5.3062,5.309,5.3118,5.3145,5.3173,5.3202,5.323,5.3258,5.3287,5.3315,5.3343,5.3371,5.34,5.3428,5.3458,5.3486,5.3514,5.3544,5.3572,5.3602,5.3631,5.3659,5.3689,5.3717,5.3747,5.3775,5.3803,5.3832,5.386,5.389,5.3918,5.3946,5.3976,5.4004,5.4033,5.4063,5.4091,5.4121,5.4149,5.4177,5.4205,5.4235,5.4264,5.4292,5.432,5.435,5.4378,5.4407,5.4436,5.4465,5.4495,5.4523,5.4553,5.4581,5.4611,5.4639,5.4669,5.4699,5.4727,5.4757,5.4785,5.4815,5.4843,5.4873,5.4901,5.493,5.4959,5.4988,5.5016,5.5046,5.5074,5.5102,5.5132,5.5161,5.519,5.522,5.5248,5.5278,5.5308,5.5338,5.5368,5.5398,5.5428,5.5456,5.5486,5.5516,5.5545,5.5575,5.5603,5.5632,5.566,5.5688,5.5718,5.5746,5.5775,5.5803,5.5831,5.586,5.5888,5.5918,5.5946,5.5974,5.6002,5.6032,5.6061,5.6089,5.6117,5.6145,5.6175,5.6204,5.6232,5.626,5.6288,5.6317,5.6345,5.6373,5.6401,5.643,5.646,5.6488,5.6516,5.6544,5.6574,5.6603,5.6631,5.6661,5.6689,5.6717,5.6745,5.6774,5.6802,5.683,5.6859,5.6887,5.6915,5.6943,5.6972,5.7,5.7028,5.7056,5.7085,5.7113,5.7141,5.7171,5.7199,5.7228,5.7258,5.7286,5.7314,5.7344,5.7372,5.74,5.7429,5.7457,5.7485,5.7514,5.7542,5.757,5.7598,5.7627,5.7655,5.7682,5.771,5.7738,5.7766,5.7795,5.7823,5.7851,5.788,5.7908,5.7936,5.7963,5.7991,5.8019,5.8048,5.8076,5.8103,5.8131,5.8158,5.8186,5.8213,5.8241,5.8268,5.8296,5.8323,5.8351,5.8379,5.8407,5.8434,5.8462,5.8491,5.8519,5.8547,5.8575,5.8604,5.863,5.8659,5.8687,5.8715,5.8742,5.877,5.8797,5.8824,5.8852,5.8879,5.8907,5.8934,5.8962,5.899,5.9017,5.9045,5.9073,5.9102,5.913,5.9158,5.9185,5.9213,5.9241,5.9268,5.9296,5.9325,5.9351,5.9378,5.9405,5.9433,5.946,5.9487,5.9513,5.954,5.9567,5.9593,5.9622,5.9648,5.9675,5.9702,5.9728,5.9757,5.9783,5.981,5.9837,5.9863,5.989,5.9917,5.9944,5.997,5.9997,6.0022,6.0049,6.0076,6.0101,6.0127,6.0154,6.0181,6.0208,6.0234,6.0261,6.0288,6.0314,6.0343,6.0369,6.0396,6.0423,6.0449,6.0476,6.0501,6.0528,6.0555,6.0581,6.0606,6.0633,6.0658,6.0685,6.0712,6.0737,6.0764,6.079,6.0817,6.0842,6.0869,6.0896,6.0922,6.0949,6.0976,6.1004,6.1031,6.1057,6.1084,6.1111,6.1137,6.1164,6.1191,6.1218,6.124,6.1265,6.1291,6.1318,6.1345,6.1371,6.1398,6.1425,6.1452,6.1478,6.1505,6.1532,6.1558,6.1585,6.1613,6.164,6.1667,6.1693,6.172,6.1747,6.1774,6.1802,6.1829,6.1855,6.1882,6.1909,6.1935,6.1961,6.1989,6.2015,6.2042,6.2069,6.2096,6.2124,6.2151,6.2177,6.2206,6.2232,6.2261,6.2287,6.2316,6.2342,6.2369,6.2397,6.2424,6.2451,6.2477,6.2506,6.2532,6.2559,6.2587,6.2614,6.2641,6.2669,6.2696,6.2724,6.2752,6.2779,6.2807,0.0003592,0.0031866,0.005857,0.0086844,0.011512,0.014182,0.01701,0.01968,0.022507,0.025178,0.027848,0.030676,0.033346,0.036016,0.038687,0.041514,0.044184,0.046855,0.049525,0.052195,0.054866,0.057693,0.060364,0.063034,0.065861,0.068532,0.071202,0.073872,0.076543,0.079213,0.081884,0.084554,0.087224,0.089895,0.092565,0.095235,0.097906,0.10058,0.10325,0.10592,0.10859,0.11126,0.11393,0.1166,0.11943,0.1221,0.12477,0.12759,0.13026,0.13293,0.13576,0.13843,0.1411,0.14377,0.14644,0.14911,0.15178,0.15445,0.15712,0.1598,0.16247,0.16514,0.16781,0.17048,0.17315,0.17582,0.17849,0.18116,0.18399,0.18666,0.18948,0.19215,0.19482,0.19765,0.20032,0.20299,0.20582,0.20849,0.21116,0.21383,0.2165,0.21917,0.222,0.22451,0.22734,0.23001,0.23268,0.23535,0.23802,0.24069,0.24352,0.24619,0.24886,0.25169,0.25436,0.25703,0.2597,0.26237,0.2652,0.26787,0.27054,0.27321,0.27572,0.27839,0.28106,0.28373,0.2864,0.28907,0.29174,0.29441,0.29708,0.29975,0.30242,0.30509,0.30776,0.31043,0.31326,0.31593,0.3186,0.32127,0.3241,0.32677,0.32944,0.33211,0.33478,0.33745,0.34012,0.34279,0.34531,0.34798,0.35065,0.35332,0.35599,0.35866,0.36133,0.364,0.36667,0.36934,0.37217,0.37484,0.37751,0.38018,0.38285,0.38552,0.38819,0.39086,0.39353,0.3962,0.39871,0.40138,0.40405,0.40657,0.40924,0.41175,0.41442,0.41693,0.4196,0.42212,0.42479,0.42746,0.42997,0.43264,0.43516,0.43783,0.4405,0.44301,0.44568,0.44819,0.45086,0.45338,0.45589,0.4584,0.46107,0.46359,0.4661,0.46861,0.47113,0.47364,0.47615,0.47867,0.48118,0.48385,0.48636,0.48888,0.49155,0.49406,0.49673,0.49924,0.50191,0.50443,0.5071,0.50961,0.51212,0.51479,0.51731,0.51982,0.52233,0.52485,0.52736,0.52987,0.53239,0.53506,0.53757,0.54008,0.5426,0.54511,0.54762,0.55029,0.55281,0.55548,0.55799,0.56066,0.56318,0.56585,0.56836,0.57087,0.57354,0.57606,0.57873,0.58124,0.58375,0.58627,0.58878,0.59145,0.59396,0.59648,0.59899,0.6015,0.60402,0.60653,0.6092,0.61171,0.61423,0.61674,0.61941,0.62192,0.62459,0.62711,0.62978,0.63229,0.6348,0.63732,0.63983,0.64234,0.64486,0.64737,0.64988,0.6524,0.65491,0.65742,0.65994,0.66245,0.66512,0.66763,0.67015,0.67266,0.67517,0.67784,0.68036,0.68287,0.68554,0.68805,0.69057,0.69324,0.69575,0.69826,0.70078,0.70345,0.70596,0.70847,0.71099,0.7135,0.71601,0.71853,0.72104,0.72355,0.72622,0.72874,0.73125,0.73392,0.73643,0.73895,0.74162,0.74413,0.7468,0.74931,0.75199,0.75466,0.75717,0.75984,0.76235,0.76502,0.76754,0.77005,0.77272,0.77523,0.77775,0.78026,0.78277,0.78529,0.7878,0.79047,0.79298,0.7955,0.79801,0.80052,0.80304,0.80555,0.80806,0.81058,0.81309,0.8156,0.81796,0.82047,0.82299,0.8255,0.82801,0.83053,0.83288,0.83539,0.83791,0.84026,0.84278,0.84513,0.84765,0.85,0.85252,0.85503,0.85739,0.8599,0.86226,0.86477,0.86728,0.86979,0.87231,0.87482,0.87718,0.87969,0.8822,0.88472,0.88707,0.88959,0.89194,0.89446,0.89681,0.89933,0.90168,0.90404,0.90655,0.90891,0.91126,0.91378,0.91613,0.91849,0.921,0.92336,0.92572,0.92823,0.93074,0.9331,0.93561,0.93812,0.94048,0.94299,0.94535,0.94786,0.95038,0.95273,0.95509,0.9576,0.95996,0.96231,0.96467,0.96718,0.96954,0.9719,0.97441,0.97677,0.97912,0.98164,0.98399,0.98651,0.98886,0.99122,0.99373,0.99609,0.9986,1.001,1.0035,1.0058,1.0082,1.0105,1.0131,1.0154,1.0178,1.0201,1.0225,1.0248,1.0272,1.0295,1.0319,1.0343,1.0366,1.039,1.0413,1.0438,1.0462,1.0486,1.0509,1.0533,1.0558,1.0581,1.0605,1.0628,1.0652,1.0677,1.0701,1.0724,1.0748,1.0771,1.0795,1.082,1.0842,1.0867,1.0891,1.0914,1.0938,1.0961,1.0985,1.1009,1.1032,1.1056,1.1079,1.1103,1.1126,1.115,1.1174,1.1197,1.1222,1.1246,1.1269,1.1293,1.1316,1.134,1.1364,1.1389,1.1411,1.1434,1.1458,1.1481,1.1505,1.1527,1.1551,1.1574,1.1598,1.162,1.1643,1.1667,1.1689,1.1712,1.1736,1.1759,1.1781,1.1805,1.1829,1.1851,1.1874,1.1896,1.192,1.1943,1.1965,1.1989,1.2011,1.2033,1.2056,1.2078,1.21,1.2124,1.2146,1.2168,1.219,1.2212,1.2234,1.2257,1.2279,1.2301,1.2323,1.2345,1.2367,1.2391,1.2413,1.2435,1.2458,1.248,1.2502,1.2526,1.2548,1.2572,1.2594,1.2616,1.2638,1.2661,1.2683,1.2705,1.2727,1.2749,1.2771,1.2793,1.2815,1.2837,1.2859,1.2881,1.2903,1.2925,1.2947,1.2969,1.2991,1.3014,1.3036,1.3058,1.308,1.3104,1.3126,1.3148,1.3172,1.3194,1.3216,1.3238,1.3261,1.3283,1.3305,1.3327,1.3349,1.3373,1.3395,1.3417,1.3439,1.3461,1.3484,1.3506,1.3528,1.355,1.3572,1.3594,1.3618,1.364,1.3662,1.3685,1.3707,1.3729,1.3753,1.3775,1.3798,1.382,1.3844,1.3866,1.3888,1.3911,1.3933,1.3955,1.3979,1.4001,1.4023,1.4045,1.4069,1.409,1.4112,1.4134,1.4156,1.4178,1.4202,1.4224,1.4246,1.427,1.4292,1.4315,1.4337,1.4361,1.4383,1.4406,1.4428,1.4452,1.4475,1.4497,1.4521,1.4543,1.4565,1.4587,1.461,1.4632,1.4654,1.4678,1.47,1.4722,1.4746,1.4768,1.4791,1.4815,1.4837,1.486,1.4884,1.4907,1.4931,1.4953,1.4976,1.5,1.5024,1.5046,1.5069,1.5093,1.5115,1.5138,1.5162,1.5184,1.5207,1.5229,1.5253,1.5276,1.5298,1.5322,1.5344,1.5368,1.539,1.5413,1.5435,1.5459,1.5481,1.5504,1.5526,1.5548,1.5572,1.5594,1.5617,1.5639,1.5663,1.5686,1.5708,1.5732,1.5754,1.5778,1.58,1.5822,1.5845,1.5867,1.5889,1.5911,1.5935,1.5957,1.5979,1.6001,1.6023,1.6045,1.6067,1.6089,1.6111,1.6133,1.6155,1.6178,1.62,1.6222,1.6246,1.6268,1.6291,1.6313,1.6337,1.6359,1.6382,1.6404,1.6426,1.645,1.6472,1.6494,1.6516,1.6538,1.656,1.6582,1.6604,1.6627,1.6649,1.6671,1.6693,1.6715,1.6739,1.6761,1.6783,1.6806,1.6828,1.6852,1.6874,1.6898,1.6919,1.6943,1.6965,1.6989,1.7011,1.7033,1.7056,1.7078,1.71,1.7122,1.7146,1.7168,1.7191,1.7213,1.7235,1.7259,1.7281,1.7304,1.7326,1.735,1.7372,1.7395,1.7417,1.7441,1.7463,1.7487,1.7509,1.7532,1.7554,1.7576,1.76,1.7622,1.7645,1.7667,1.7689,1.7711,1.7735,1.7757,1.7779,1.7801,1.7823,1.7845,1.7867,1.789,1.7912,1.7934,1.7956,1.7978,1.8002,1.8024,1.8047,1.8069,1.8091,1.8115,1.8138,1.816,1.8184,1.8206,1.823,1.8253,1.8275,1.8299,1.8321,1.8343,1.8366,1.8388,1.841,1.8432,1.8456,1.8478,1.85,1.8523,1.8545,1.8567,1.8591,1.8613,1.8636,1.8658,1.8682,1.8705,1.8727,1.8751,1.8775,1.8797,1.882,1.8842,1.8864,1.8888,1.891,1.8933,1.8955,1.8977,1.8999,1.9023,1.9045,1.9067,1.909,1.9112,1.9134,1.9156,1.918,1.9202,1.9224,1.9246,1.9268,1.929,1.9312,1.9335,1.9357,1.9379,1.9401,1.9423,1.9445,1.9469,1.9491,1.9513,1.9535,1.9557,1.9579,1.9601,1.9623,1.9645,1.9665,1.9687,1.9709,1.9731,1.9752,1.9774,1.9796,1.9816,1.9838,1.986,1.9882,1.9904,1.9926,1.995,1.9972,1.9994,2.0016,2.0039,2.0061,2.0083,2.0107,2.0129,2.0151,2.0173,2.0195,2.0217,2.0239,2.0261,2.0283,2.0305,2.0327,2.0349,2.0371,2.0393,2.0415,2.0437,2.0459,2.048,2.0504,2.0526,2.0548,2.0572,2.0594,2.0616,2.0639,2.0661,2.0685,2.0707,2.073,2.0754,2.0776,2.0799,2.0821,2.0843,2.0867,2.0889,2.0911,2.0934,2.0956,2.0978,2.1002,2.1024,2.1046,2.1068,2.1092,2.1114,2.1136,2.1158,2.1181,2.1203,2.1225,2.1249,2.1271,2.1294,2.1316,2.134,2.1362,2.1385,2.1409,2.1431,2.1454,2.1476,2.15,2.1522,2.1545,2.1567,2.1591,2.1613,2.1635,2.1659,2.1681,2.1704,2.1726,2.175,2.1772,2.1795,2.1819,2.1842,2.1866,2.1889,2.1913,2.1937,2.196,2.1984,2.2007,2.2031,2.2053,2.2076,2.21,2.2124,2.2147,2.2171,2.2194,2.2218,2.2241,2.2265,2.2288,2.2312,2.2336,2.2359,2.2384,2.2408,2.2431,2.2457,2.248,2.2505,2.2529,2.2554,2.2578,2.2603,2.2626,2.2651,2.2675,2.27,2.2724,2.2747,2.2772,2.2796,2.2821,2.2845,2.2868,2.2893,2.2917,2.294,2.2965,2.2989,2.3013,2.3038,2.3061,2.3085,2.311,2.3134,2.3157,2.3182,2.3206,2.3229,2.3255,2.3278,2.3302,2.3325,2.3349,2.3374,2.3397,2.3421,2.3445,2.3468,2.3492,2.3515,2.3539,2.3562,2.3586,2.361,2.3633,2.3657,2.368,2.3705,2.3729,2.3752,2.3778,2.3801,2.3826,2.3851,2.3875,2.3899,2.3924,2.3947,2.3972,2.3996,2.4019,2.4043,2.4067,2.409,2.4114,2.4137,2.4162,2.4186,2.421,2.4233,2.4258,2.4282,2.4307,2.4331,2.4356,2.4379,2.4403,2.4428,2.4451,2.4477,2.45,2.4525,2.4549,2.4574,2.4598,2.4621,2.4645,2.467,2.4693,2.4717,2.474,2.4764,2.4789,2.4813,2.4836,2.4861,2.4885,2.4909,2.4934,2.4959,2.4982,2.5008,2.5031,2.5056,2.508,2.5105,2.513,2.5154,2.5179,2.5202,2.5227,2.5251,2.5276,2.53,2.5325,2.5348,2.5374,2.5397,2.5422,2.5446,2.5471,2.5494,2.552,2.5545,2.5568,2.5593,2.5619,2.5642,2.5667,2.5692,2.5718,2.5741,2.5766,2.5791,2.5815,2.584,2.5864,2.5889,2.5914,2.5937,2.5963,2.5986,2.6011,2.6035,2.606,2.6085,2.6109,2.6134,2.6159,2.6184,2.6209,2.6234,2.6259,2.6285,2.631,2.6335,2.636,2.6385,2.641,2.6435,2.6461,2.6486,2.6511,2.6536,2.6559,2.6585,2.661,2.6633,2.6658,2.6682,2.6707,2.6732,2.6756,2.6781,2.6806,2.683,2.6855,2.688,2.6905,2.6929,2.6954,2.6979,2.7004,2.7028,2.7053,2.7078,2.7101,2.7127,2.715,2.7174,2.7199,2.7222,2.7246,2.7271,2.7295,2.7318,2.7342,2.7367,2.739,2.7416,2.7439,2.7464,2.7488,2.7513,2.7537,2.7562,2.7587,2.7612,2.7635,2.7661,2.7686,2.7709,2.7734,2.7758,2.7783,2.7808,2.7832,2.7857,2.7881,2.7904,2.7929,2.7953,2.7978,2.8001,2.8027,2.805,2.8075,2.8099,2.8124,2.8148,2.8173,2.8198,2.8223,2.8248,2.8273,2.8297,2.8322,2.8347,2.8372,2.8397,2.8422,2.8448,2.8473,2.8498,2.8523,2.8547,2.8572,2.8597,2.8622,2.8647,2.8672,2.8697,2.8722,2.8748,2.8774,2.8799,2.8825,2.8851,2.8876,2.8902,2.8927,2.8953,2.8979,2.9004,2.9029,2.9054,2.9079,2.9106,2.9131,2.9156,2.9181,2.9206,2.9231,2.9257,2.9282,2.9307,2.9332,2.9359,2.9384,2.9409,2.9436,2.9461,2.9487,2.9514,2.9539,2.9566,2.9591,2.9618,2.9643,2.9668,2.9695,2.972,2.9747,2.9772,2.9797,2.9824,2.9849,2.9875,2.9901,2.9927,2.9954,2.9979,3.0006,3.0033,3.0059,3.0086,3.0113,3.0139,3.0166,3.0193,3.0218,3.0245,3.0271,3.0298,3.0323,3.035,3.0377,3.0402,3.0428,3.0453,3.048,3.0505,3.053,3.0557,3.0582,3.0609,3.0636,3.0661,3.0688,3.0713,3.0739,3.0766,3.0791,3.0818,3.0843,3.087,3.0895,3.0922,3.0947,3.0973,3.0999,3.1025,3.105,3.1076,3.1102,3.1127,3.1154,3.1179,3.1206,3.1233,3.1258,3.1284,3.1311,3.1336,3.1363,3.139,3.1416,3.1443,3.1468,3.1495,3.1522,3.1548,3.1573,3.16,3.1627,3.1652,3.1679,3.1705,3.1731,3.1757,3.1784,3.1811,3.1837,3.1862,3.1889,3.1916,3.1943,3.1969,3.1996,3.2023,3.2049,3.2078,3.2104,3.213,3.2158,3.2183,3.221,3.2236,3.2263,3.2288,3.2315,3.2342,3.2367,3.2393,3.242,3.2447,3.2474,3.25,3.2527,3.2554,3.258,3.2607,3.2635,3.2662,3.2689,3.2715,3.2742,3.277,3.2797,3.2824,3.2851,3.2876,3.2902,3.2929,3.2956,3.2982,3.3009,3.3036,3.3063,3.3089,3.3116,3.3143,3.3169,3.3196,3.3223,3.3249,3.3276,3.3303,3.333,3.3358,3.3385,3.3411,3.3436,3.3463,3.349,3.3517,3.3543,3.357,3.3597,3.3623,3.365,3.3677,3.3705,3.3732,3.3758,3.3787,3.3813,3.3842,3.387,3.3897,3.3925,3.3952,3.3978,3.4007,3.4033,3.406,3.4087,3.4113,3.414,3.4167,3.4194,3.422,3.4247,3.4272,3.4299,3.4325,3.4352,3.4379,3.4406,3.4432,3.4459,3.4486,3.4512,3.4539,3.4566,3.4593,3.4619,3.4646,3.4673,3.4699,3.4724,3.4751,3.4778,3.4803,3.483,3.4855,3.4882,3.4907,3.4933,3.496,3.4985,3.5012,3.5039,3.5065,3.5092,3.5119,3.5145,3.5172,3.5199,3.5226,3.5252,3.5277,3.5304,3.5331,3.5358,3.5383,3.5409,3.5434,3.5461,3.5486,3.5513,3.5538,3.5565,3.5592,3.5617,3.5643,3.567,3.5697,3.5724,3.575,3.5778,3.5805,3.5832,3.5859,3.5885,3.5912,3.5939,3.5965,3.5992,3.6019,3.6044,3.6071,3.6097,3.6124,3.6149,3.6176,3.6203,3.6229,3.6256,3.6283,3.6309,3.6336,3.6364,3.6391,3.6418,3.6444,3.6471,3.6499,3.6526,3.6553,3.658,3.6606,3.6633,3.666,3.6685,3.6712,3.6738,3.6765,3.6792,3.6818,3.6845,3.6872,3.69,3.6927,3.6953,3.6982,3.7008,3.7035,3.7063,3.709,3.7118,3.7145,3.7172,3.72,3.7227,3.7253,3.7282,3.7308,3.7337,3.7363,3.739,3.7418,3.7445,3.7473,3.75,3.7528,3.7557,3.7583,3.7612,3.764,3.7668,3.7696,3.7723,3.7751,3.778,3.7808,3.7835,3.7863,3.789,3.7918,3.7945,3.7973,3.8,3.8026,3.8055,3.8081,3.8108,3.8136,3.8163,3.819,3.8218,3.8245,3.8273,3.83,3.8326,3.8355,3.8381,3.841,3.8436,3.8463,3.849,3.8518,3.8545,3.8571,3.8598,3.8625,3.8651,3.868,3.8706,3.8733,3.876,3.8787,3.8815,3.8842,3.8868,3.8895,3.8923,3.895,3.8977,3.9003,3.903,3.9058,3.9085,3.9112,3.9138,3.9165,3.9192,3.9219,3.9247,3.9274,3.93,3.9327,3.9354,3.9382,3.9409,3.9437,3.9464,3.9492,3.9519,3.9547,3.9575,3.9602,3.963,3.9657,3.9685,3.9712,3.9738,3.9767,3.9793,3.982,3.9847,3.9874,3.99,3.9927,3.9955,3.9982,4.0009,4.0037,4.0064,4.0092,4.0119,4.0147,4.0175,4.0203,4.023,4.0258,4.0287,4.0315,4.0343,4.037,4.0397,4.0425,4.0452,4.0478,4.0505,4.0532,4.056,4.0587,4.0613,4.0642,4.0668,4.0695,4.0723,4.075,4.0778,4.0807,4.0835,4.0862,4.089,4.0918,4.0946,4.0973,4.1001,4.1028,4.1056,4.1083,4.1111,4.1138,4.1165,4.1193,4.122,4.1248,4.1275,4.1303,4.133,4.1358,4.1386,4.1414,4.1443,4.1471,4.1499,4.1528,4.1556,4.1584,4.1612,4.1639,4.1667,4.1696,4.1724,4.1751,4.1779,4.1806,4.1834,4.1861,4.1887,4.1914,4.1942,4.1969,4.1996,4.2024,4.2051,4.2077,4.2106,4.2132,4.2159,4.2187,4.2214,4.2242,4.2269,4.2296,4.2324,4.2351,4.2377,4.2404,4.2432,4.2459,4.2486,4.2514,4.2541,4.2569,4.2596,4.2624,4.2651,4.2679,4.2706,4.2732,4.2761,4.2787,4.2814,4.2842,4.2869,4.2896,4.2922,4.2949,4.2977,4.3004,4.3031,4.3059,4.3086,4.3113,4.3141,4.3168,4.3196,4.3224,4.3251,4.3279,4.3307,4.3336,4.3364,4.3392,4.342,4.3449,4.3477,4.3505,4.3533,4.356,4.3588,4.3617,4.3643,4.3672,4.3698,4.3727,4.3753,4.3782,4.3808,4.3837,4.3865,4.3893,4.3921,4.395,4.3978,4.4006,4.4035,4.4063,4.4091,4.4119,4.4148,4.4178,4.4206,4.4234,4.4262,4.4292,4.432,4.4349,4.4377,4.4405,4.4434,4.4462,4.449,4.4517,4.4545,4.4573,4.46,4.4628,4.4657,4.4685,4.4713,4.4741,4.477,4.4798,4.4826,4.4856,4.4884,4.4914,4.4943,4.4972,4.5002,4.5032,4.5063,4.5093,4.5123,4.5153,4.5183,4.5211,4.5241,4.5269,4.5299,4.5327,4.5356,4.5384,4.5412,4.5442,4.547,4.5499,4.5527,4.5555,4.5583,4.5613,4.5642,4.567,4.57,4.5728,4.5758,4.5788,4.5816,4.5846,4.5876,4.5905,4.5935,4.5965,4.5995,4.6025,4.6055,4.6083,4.6113,4.6143,4.6171,4.6201,4.6229,4.6257,4.6286,4.6314,4.6342,4.6372,4.64,4.6428,4.6457,4.6487,4.6515,4.6543,4.6573,4.6601,4.6631,4.6661,4.6689,4.6719,4.6749,4.6779,4.6809,4.6838,4.6868,4.6898,4.6928,4.6956,4.6986,4.7014,4.7044,4.7073,4.7102,4.7131,4.7159,4.7189,4.7217,4.7247,4.7277,4.7305,4.7335,4.7365,4.7395,4.7423,4.7453,4.7482,4.7512,4.7542,4.7572,4.7602,4.7632,4.7662,4.7693,4.7723,4.7753,4.7781,4.7811,4.7841,4.787,4.7899,4.7929,4.7958,4.7987,4.8017,4.8045,4.8075,4.8103,4.8133,4.8163,4.8191,4.8221,4.8251,4.8279,4.8309,4.8339,4.8368,4.8398,4.8428,4.8458,4.8489,4.8519,4.8549,4.8579,4.8609,4.8639,4.8668,4.8697,4.8727,4.8756,4.8785,4.8815,4.8843,4.8873,4.8901,4.8931,4.8961,4.899,4.902,4.905,4.908,4.911,4.914,4.917,4.9199,4.9231,4.9261,4.9292,4.9323,4.9353,4.9385,4.9415,4.9444,4.9474,4.9504,4.9532,4.9562,4.959,4.9619,4.9647,4.9677,4.9705,4.9732,4.976,4.9788,4.9817,4.9845,4.9875,4.9903,4.9931,4.9961,4.9989,5.0019,5.0048,5.0077,5.0107,5.0137,5.0167,5.0197,5.0225,5.0255,5.0285,5.0315,5.0343,5.0373,5.0401,5.0429,5.0459,5.0487,5.0516,5.0544,5.0572,5.0601,5.0629,5.0659,5.0687,5.0715,5.0745,5.0773,5.0802,5.0831,5.0861,5.089,5.0919,5.0949,5.0979,5.1007,5.1037,5.1067,5.1097,5.1127,5.1157,5.1186,5.1216,5.1245,5.1274,5.1304,5.1333,5.1362,5.1391,5.142,5.1449,5.1479,5.1508,5.1538,5.1568,5.1598,5.1626,5.1656,5.1686,5.1716,5.1746,5.1775,5.1805,5.1835,5.1865,5.1895,5.1925,5.1955,5.1984,5.2014,5.2044,5.2074,5.2104,5.2134,5.2162,5.2192,5.2222,5.2251,5.2281,5.2311,5.2341,5.2371,5.2399,5.243,5.246,5.249,5.252,5.255,5.258,5.261,5.2639,5.2669,5.2699,5.2731,5.276,5.279,5.2822,5.2851,5.2883,5.2913,5.2943,5.2974,5.3004,5.3035,5.3065,5.3095,5.3125,5.3155,5.3184,5.3214,5.3243,5.3272,5.3301,5.3331,5.3359,5.3389,5.3419,5.3447,5.3477,5.3506,5.3535,5.3565,5.3594,5.3624,5.3654,5.3682,5.3712,5.3742,5.3772,5.38,5.383,5.386,5.389,5.3918,5.3948,5.3976,5.4006,5.4034,5.4064,5.4092,5.4122,5.4151,5.418,5.4209,5.4237,5.4267,5.4295,5.4325,5.4355,5.4383,5.4413,5.4443,5.4473,5.4502,5.4531,5.456,5.459,5.462,5.465,5.468,5.471,5.474,5.4769,5.4799,5.4829,5.4857,5.4887,5.4917,5.4945,5.4974,5.5003,5.5032,5.5062,5.509,5.512,5.5148,5.5178,5.5208,5.5238,5.5266,5.5296,5.5325,5.5355,5.5385,5.5415,5.5445,5.5475,5.5503,5.5533,5.5563,5.5591,5.5621,5.5651,5.5679,5.5707,5.5735,5.5765,5.5794,5.5822,5.5852,5.588,5.5908,5.5938,5.5966,5.5996,5.6024,5.6053,5.6083,5.6111,5.6141,5.6169,5.6199,5.6227,5.6257,5.6285,5.6315,5.6343,5.6373,5.6401,5.6431,5.6461,5.6489,5.6519,5.6549,5.6577,5.6607,5.6637,5.6665,5.6695,5.6723,5.6752,5.6782,5.681,5.6838,5.6866,5.6895,5.6923,5.6951,5.698,5.7008,5.7036,5.7064,5.7093,5.7121,5.7149,5.7177,5.7206,5.7236,5.7264,5.7292,5.732,5.7349,5.7377,5.7405,5.7433,5.746,5.7488,5.7517,5.7543,5.757,5.7598,5.7625,5.7652,5.768,5.7707,5.7735,5.7763,5.779,5.7818,5.7847,5.7873,5.7902,5.793,5.7958,5.7985,5.8013,5.804,5.8068,5.8095,5.8123,5.815,5.8176,5.8205,5.8231,5.8258,5.8286,5.8313,5.8341,5.8368,5.8396,5.8425,5.8453,5.8481,5.8509,5.8536,5.8564,5.8593,5.8621,5.8649,5.8676,5.8704,5.8731,5.8759,5.8786,5.8813,5.8841,5.8868,5.8894,5.8923,5.8949,5.8978,5.9006,5.9034,5.9062,5.9091,5.9119,5.9146,5.9174,5.9202,5.923,5.9259,5.9285,5.9314,5.934,5.9369,5.9395,5.9422,5.945,5.9477,5.9504,5.9532,5.9559,5.9587,5.9614,5.9642,5.967,5.9697,5.9725,5.9754,5.9782,5.9809,5.9837,5.9863,5.9892,5.992,5.9947,5.9975,6.0002,6.003,6.0057,6.0085,6.0113,6.014,6.0168,6.0197,6.0225,6.0253,6.0281,6.031,6.0339,6.0368,6.0396,6.0424,6.0453,6.0481,6.0509,6.0536,6.0564,6.0592,6.0619,6.0647,6.0674,6.0702,6.0729,6.0756,6.0784,6.0811,6.0839,6.0866,6.0894,6.0922,6.0949,6.0977,6.1005,6.1034,6.1062,6.1089,6.1117,6.1144,6.1172,6.1199,6.1227,6.1252,6.1279,6.1305,6.1334,6.136,6.1387,6.1414,6.1442,6.1469,6.1496,6.1522,6.1551,6.1577,6.1606,6.1632,6.1659,6.1687,6.1714,6.1741,6.1767,6.1796,6.1822,6.1849,6.1876,6.1902,6.1929,6.1956,6.1984,6.2011,6.2037,6.2064,6.2092,6.2119,6.2147,6.2174,6.2202,6.2229,6.2257,6.2284,6.2312,6.2339,6.2366,6.2394,6.2421,6.2447,6.2474,6.2501,6.2528,6.2554,6.2581,6.2608,6.2634,6.2661,6.2688,6.2716,6.2743,6.2771,6.2798,6.2826,0.0020871,0.0049145,0.0075849,0.010255,0.013083,0.015753,0.018423,0.021094,0.023764,0.026434,0.029105,0.031775,0.034445,0.037116,0.039786,0.042457,0.045127,0.047797,0.050468,0.053295,0.055965,0.058636,0.061306,0.064134,0.066804,0.069474,0.072302,0.074972,0.077642,0.080313,0.082983,0.085653,0.088167,0.090837,0.093507,0.096178,0.098848,0.10168,0.10435,0.10702,0.10984,0.11251,0.11534,0.11801,0.12084,0.12367,0.12634,0.12916,0.13183,0.13466,0.13733,0.14,0.14267,0.14534,0.14801,0.15068,0.15335,0.15603,0.15854,0.16121,0.16388,0.16655,0.16922,0.17173,0.1744,0.17707,0.17974,0.18241,0.18524,0.18791,0.19058,0.19325,0.19592,0.19859,0.20111,0.20378,0.20645,0.20912,0.21163,0.2143,0.21681,0.21949,0.222,0.22467,0.22718,0.22985,0.23237,0.23504,0.23755,0.24022,0.24273,0.2454,0.24807,0.25074,0.25326,0.25593,0.2586,0.26127,0.26378,0.26645,0.26897,0.27164,0.27415,0.27666,0.27933,0.28185,0.28436,0.28703,0.28954,0.29221,0.29473,0.2974,0.30007,0.30274,0.30525,0.30792,0.31059,0.31326,0.31593,0.3186,0.32127,0.32394,0.32661,0.32928,0.3318,0.33447,0.33714,0.33965,0.34232,0.34499,0.34751,0.35018,0.35269,0.35536,0.35803,0.36054,0.36321,0.36588,0.36855,0.37122,0.37389,0.37656,0.37924,0.38191,0.38458,0.38709,0.38976,0.39243,0.3951,0.39777,0.40028,0.40295,0.40547,0.40814,0.41081,0.41332,0.41599,0.41851,0.42118,0.42369,0.42636,0.42903,0.4317,0.43421,0.43688,0.43955,0.44222,0.44489,0.44741,0.45008,0.45275,0.45526,0.45793,0.46045,0.46312,0.46563,0.4683,0.47081,0.47348,0.47615,0.47882,0.48134,0.48401,0.48668,0.48935,0.49202,0.49469,0.49736,0.50019,0.50286,0.50553,0.5082,0.51087,0.51354,0.51621,0.51888,0.52139,0.52406,0.52658,0.52925,0.53176,0.53443,0.53694,0.53961,0.54213,0.5448,0.54731,0.54998,0.55249,0.55516,0.55783,0.56051,0.56302,0.56569,0.56836,0.57087,0.57354,0.57606,0.57873,0.58124,0.58375,0.58642,0.58894,0.59145,0.59396,0.59663,0.59915,0.60166,0.60417,0.60669,0.60936,0.61187,0.61438,0.61705,0.61957,0.62208,0.62475,0.62726,0.62978,0.63229,0.6348,0.63747,0.63999,0.6425,0.64501,0.64753,0.65004,0.65255,0.65507,0.65758,0.66009,0.66276,0.66528,0.66779,0.67046,0.67297,0.67549,0.67816,0.68067,0.68334,0.68601,0.68853,0.6912,0.69371,0.69622,0.69889,0.70141,0.70392,0.70643,0.70895,0.71162,0.71413,0.71664,0.71916,0.72167,0.72418,0.7267,0.72921,0.73172,0.73439,0.73691,0.73942,0.74209,0.7446,0.74712,0.74979,0.7523,0.75497,0.75748,0.76,0.76267,0.76518,0.76769,0.77021,0.77272,0.77523,0.77775,0.78026,0.78277,0.78529,0.7878,0.79031,0.79283,0.79534,0.79785,0.80037,0.80288,0.80539,0.80791,0.81042,0.81293,0.81545,0.81812,0.82063,0.82314,0.8255,0.82801,0.83053,0.83304,0.83555,0.83806,0.84058,0.84293,0.84545,0.84796,0.85047,0.85299,0.8555,0.85801,0.86053,0.86304,0.86571,0.86822,0.87074,0.87325,0.87592,0.87843,0.88095,0.88346,0.88597,0.88849,0.891,0.89351,0.89587,0.89838,0.9009,0.90325,0.90577,0.90812,0.91064,0.91299,0.91551,0.91786,0.92022,0.92273,0.92509,0.9276,0.92996,0.93247,0.93483,0.93734,0.9397,0.94221,0.94456,0.94708,0.94943,0.95195,0.9543,0.95666,0.95902,0.96137,0.96373,0.96608,0.96844,0.9708,0.97315,0.97551,0.97787,0.98022,0.98274,0.98509,0.98745,0.9898,0.99216,0.99452,0.99687,0.99923,1.0016,1.0041,1.0065,1.0088,1.0112,1.0135,1.0159,1.0182,1.0206,1.0229,1.0253,1.0275,1.0299,1.0322,1.0346,1.0369,1.0393,1.0416,1.0438,1.0462,1.0486,1.0509,1.0533,1.0558,1.0581,1.0605,1.0628,1.0652,1.0677,1.0701,1.0724,1.0748,1.0771,1.0795,1.0819,1.0842,1.0866,1.0889,1.0913,1.0936,1.096,1.0983,1.1005,1.1029,1.1053,1.1076,1.11,1.1123,1.1147,1.1169,1.1192,1.1216,1.1239,1.1263,1.1287,1.1312,1.1335,1.1359,1.1381,1.1404,1.1428,1.1452,1.1475,1.1499,1.1522,1.1544,1.1568,1.1591,1.1615,1.1638,1.1662,1.1684,1.1708,1.1731,1.1755,1.1778,1.1802,1.1825,1.1849,1.1873,1.1896,1.192,1.1943,1.1967,1.199,1.2014,1.2037,1.2059,1.2083,1.2107,1.213,1.2154,1.2177,1.2201,1.2224,1.2248,1.2272,1.2295,1.2319,1.2342,1.2367,1.2391,1.2414,1.244,1.2463,1.2488,1.2512,1.2537,1.2561,1.2584,1.2609,1.2633,1.2656,1.2681,1.2705,1.2729,1.2752,1.2776,1.2799,1.2823,1.2846,1.287,1.2894,1.2917,1.2941,1.2964,1.2988,1.3011,1.3033,1.3057,1.3082,1.3106,1.3129,1.3153,1.3176,1.32,1.3223,1.3247,1.3271,1.3294,1.3316,1.334,1.3363,1.3387,1.3409,1.3432,1.3456,1.3478,1.3501,1.3525,1.3547,1.3571,1.3593,1.3616,1.364,1.3663,1.3685,1.3709,1.3732,1.3756,1.3779,1.3801,1.3825,1.3849,1.3872,1.3894,1.3918,1.394,1.3963,1.3985,1.4009,1.4031,1.4054,1.4076,1.41,1.4122,1.4145,1.4167,1.4191,1.4213,1.4237,1.426,1.4284,1.4306,1.4329,1.4353,1.4376,1.44,1.4424,1.4445,1.4469,1.4493,1.4515,1.4538,1.456,1.4584,1.4606,1.4628,1.4651,1.4673,1.4695,1.4719,1.4741,1.4764,1.4786,1.4808,1.4832,1.4855,1.4877,1.4901,1.4923,1.4947,1.497,1.4992,1.5016,1.5039,1.5061,1.5085,1.5107,1.5129,1.5152,1.5174,1.5196,1.5218,1.5242,1.5264,1.5286,1.5308,1.533,1.5353,1.5375,1.5397,1.5419,1.5443,1.5465,1.5487,1.551,1.5532,1.5554,1.5578,1.56,1.5624,1.5646,1.5669,1.5691,1.5715,1.5737,1.5759,1.5782,1.5804,1.5826,1.5848,1.5872,1.5894,1.5916,1.5938,1.596,1.5983,1.6005,1.6027,1.6049,1.6073,1.6095,1.6117,1.614,1.6162,1.6184,1.6208,1.623,1.6253,1.6277,1.6299,1.6323,1.6345,1.6368,1.639,1.6414,1.6436,1.6458,1.648,1.6503,1.6525,1.6547,1.6569,1.6591,1.6613,1.6634,1.6656,1.6678,1.67,1.6722,1.6744,1.6766,1.6788,1.681,1.6832,1.6854,1.6876,1.6898,1.6919,1.6941,1.6963,1.6985,1.7007,1.7029,1.7051,1.7072,1.7094,1.7116,1.7136,1.7158,1.718,1.7201,1.7223,1.7245,1.7265,1.7287,1.7309,1.7329,1.7351,1.7373,1.7394,1.7416,1.7438,1.7458,1.748,1.7502,1.7524,1.7545,1.7567,1.7589,1.7611,1.7631,1.7653,1.7675,1.7697,1.7717,1.7739,1.7761,1.7782,1.7804,1.7824,1.7846,1.7867,1.7889,1.7911,1.7931,1.7953,1.7975,1.7997,1.8019,1.8039,1.8063,1.8085,1.8107,1.8129,1.8151,1.8173,1.8197,1.8219,1.8241,1.8263,1.8285,1.8307,1.8329,1.835,1.8372,1.8394,1.8416,1.8438,1.846,1.8482,1.8504,1.8525,1.8547,1.8569,1.8591,1.8613,1.8635,1.8657,1.8679,1.8701,1.8723,1.8745,1.8767,1.8789,1.8811,1.8833,1.8855,1.8877,1.8899,1.8921,1.8943,1.8965,1.8987,1.9009,1.9031,1.9053,1.9075,1.9097,1.9119,1.9141,1.9163,1.9185,1.9207,1.9229,1.9251,1.9273,1.9295,1.9317,1.9339,1.9361,1.9383,1.9404,1.9428,1.945,1.9472,1.9494,1.9516,1.954,1.9562,1.9584,1.9606,1.9628,1.9648,1.967,1.9692,1.9714,1.9736,1.9758,1.9781,1.9803,1.9825,1.9849,1.9871,1.9895,1.9918,1.994,1.9964,1.9987,2.0011,2.0034,2.0056,2.008,2.0104,2.0127,2.0149,2.0173,2.0195,2.0218,2.024,2.0264,2.0286,2.0308,2.0331,2.0353,2.0377,2.0399,2.0422,2.0444,2.0466,2.049,2.0512,2.0535,2.0557,2.0579,2.0603,2.0625,2.0649,2.0671,2.0694,2.0716,2.074,2.0763,2.0785,2.0809,2.0832,2.0854,2.0878,2.09,2.0922,2.0945,2.0967,2.0989,2.1011,2.1033,2.1057,2.1079,2.1101,2.1123,2.1145,2.1167,2.119,2.1212,2.1234,2.1258,2.128,2.1304,2.1326,2.1349,2.1371,2.1395,2.1417,2.1439,2.1462,2.1484,2.1506,2.1528,2.155,2.1572,2.1596,2.1618,2.164,2.1662,2.1685,2.1707,2.1731,2.1753,2.1776,2.18,2.1822,2.1846,2.1869,2.1893,2.1916,2.1938,2.1962,2.1985,2.2007,2.2031,2.2053,2.2075,2.2098,2.212,2.2144,2.2166,2.2188,2.2212,2.2235,2.2257,2.2281,2.2303,2.2326,2.235,2.2372,2.2395,2.2419,2.2441,2.2464,2.2488,2.251,2.2534,2.2557,2.2581,2.2603,2.2626,2.265,2.2673,2.2695,2.2719,2.2742,2.2764,2.2788,2.2812,2.2834,2.2857,2.2879,2.2903,2.2926,2.2948,2.2972,2.2995,2.3017,2.3041,2.3064,2.3088,2.311,2.3134,2.3157,2.3181,2.3204,2.3228,2.3251,2.3275,2.3299,2.332,2.3344,2.3368,2.3391,2.3413,2.3437,2.346,2.3482,2.3506,2.3529,2.3553,2.3575,2.3599,2.3622,2.3646,2.3669,2.3694,2.3718,2.3741,2.3767,2.379,2.3815,2.3839,2.3862,2.3888,2.3911,2.3935,2.3958,2.3982,2.4005,2.4029,2.4052,2.4074,2.4098,2.4122,2.4145,2.4169,2.4192,2.4216,2.4239,2.4263,2.4287,2.431,2.4334,2.4357,2.4381,2.4404,2.4428,2.4451,2.4475,2.4499,2.4522,2.4546,2.4569,2.4591,2.4615,2.4638,2.4662,2.4686,2.4708,2.4731,2.4755,2.4778,2.48,2.4824,2.4847,2.4869,2.4893,2.4916,2.4938,2.4962,2.4986,2.5009,2.5033,2.5056,2.508,2.5103,2.5127,2.515,2.5174,2.5198,2.5221,2.5245,2.5268,2.5292,2.5314,2.5337,2.5361,2.5385,2.5408,2.5432,2.5455,2.5479,2.5502,2.5526,2.5549,2.5573,2.5598,2.5622,2.5647,2.567,2.5694,2.5719,2.5743,2.5768,2.5791,2.5815,2.584,2.5864,2.5887,2.5911,2.5936,2.5959,2.5983,2.6008,2.6032,2.6055,2.608,2.6104,2.6129,2.6153,2.6178,2.6203,2.6226,2.6252,2.6277,2.6302,2.6327,2.6352,2.6377,2.6402,2.6426,2.6451,2.6476,2.6501,2.6525,2.655,2.6575,2.6599,2.6624,2.6649,2.6674,2.6698,2.6723,2.6748,2.6773,2.6798,2.6823,2.6849,2.6874,2.6899,2.6924,2.6949,2.6974,2.6999,2.7024,2.705,2.7075,2.71,2.7125,2.715,2.7175,2.72,2.7225,2.7251,2.7276,2.7301,2.7326,2.7351,2.7378,2.7403,2.7428,2.7455,2.748,2.7507,2.7532,2.7559,2.7585,2.761,2.7637,2.7662,2.7689,2.7714,2.7741,2.7766,2.7791,2.7816,2.7843,2.7868,2.7893,2.7918,2.7943,2.7968,2.7994,2.8019,2.8044,2.8069,2.8094,2.8119,2.8144,2.817,2.8196,2.8221,2.8247,2.8273,2.8298,2.8323,2.8349,2.8375,2.84,2.8426,2.8451,2.8476,2.8501,2.8526,2.8551,2.8576,2.8602,2.8627,2.8652,2.8677,2.8702,2.8727,2.8752,2.8777,2.8804,2.8829,2.8854,2.888,2.8905,2.893,2.8955,2.8982,2.9007,2.9032,2.9057,2.9082,2.9107,2.9132,2.9158,2.9183,2.9209,2.9235,2.926,2.9285,2.9312,2.9337,2.9363,2.9388,2.9415,2.9442,2.9467,2.9494,2.952,2.9546,2.9572,2.9599,2.9624,2.9651,2.9676,2.9701,2.9728,2.9753,2.9778,2.9805,2.983,2.9855,2.9882,2.9907,2.9934,2.996,2.9985,3.0012,3.0039,3.0065,3.0092,3.0119,3.0144,3.0171,3.0197,3.0223,3.0249,3.0274,3.0301,3.0326,3.0353,3.0378,3.0405,3.043,3.0455,3.0482,3.0507,3.0534,3.0559,3.0585,3.0612,3.0637,3.0664,3.0691,3.0717,3.0744,3.0769,3.0796,3.0823,3.0848,3.0874,3.0901,3.0926,3.0953,3.0978,3.1005,3.1032,3.1057,3.1083,3.111,3.1135,3.1162,3.1189,3.1215,3.1242,3.1269,3.1297,3.1324,3.135,3.1377,3.1404,3.1431,3.1457,3.1482,3.1509,3.1536,3.1562,3.1589,3.1614,3.1641,3.1666,3.1693,3.1718,3.1745,3.177,3.1797,3.1823,3.1848,3.1875,3.19,3.1927,3.1952,3.1979,3.2005,3.2031,3.2057,3.2084,3.2109,3.2136,3.2161,3.2188,3.2213,3.2238,3.2263,3.2288,3.2315,3.234,3.2365,3.239,3.2415,3.2441,3.2466,3.2492,3.2518,3.2543,3.2569,3.2594,3.2621,3.2648,3.2673,3.27,3.2725,3.2752,3.2777,3.2803,3.2829,3.2854,3.288,3.2905,3.2931,3.2957,3.2982,3.3008,3.3034,3.3059,3.3086,3.3111,3.3138,3.3165,3.319,3.3217,3.3243,3.327,3.3295,3.3322,3.3348,3.3375,3.34,3.3427,3.3452,3.3479,3.3504,3.3531,3.3556,3.3583,3.3609,3.3634,3.3661,3.3688,3.3714,3.3741,3.3768,3.3795,3.3821,3.3848,3.3875,3.3903,3.393,3.3956,3.3983,3.401,3.4036,3.4062,3.4088,3.4115,3.4142,3.4168,3.4194,3.422,3.4247,3.4272,3.4299,3.4325,3.4352,3.4379,3.4406,3.4432,3.4459,3.4486,3.4512,3.4541,3.4567,3.4594,3.4621,3.4648,3.4674,3.4701,3.4728,3.4754,3.4783,3.4809,3.4836,3.4863,3.4889,3.4916,3.4944,3.4971,3.4999,3.5026,3.5054,3.5083,3.5109,3.5138,3.5166,3.5194,3.5221,3.5249,3.5277,3.5304,3.5331,3.5359,3.5386,3.5412,3.5441,3.5467,3.5494,3.5521,3.5549,3.5576,3.5603,3.5629,3.5658,3.5684,3.5713,3.5741,3.5767,3.5796,3.5822,3.5851,3.5877,3.5906,3.5932,3.5961,3.5987,3.6014,3.6041,3.6068,3.6094,3.6121,3.6149,3.6176,3.6203,3.6229,3.6256,3.6283,3.6311,3.6338,3.6364,3.6393,3.6419,3.6448,3.6474,3.6501,3.6528,3.6554,3.6583,3.6609,3.6636,3.6663,3.669,3.6716,3.6743,3.677,3.6796,3.6825,3.6851,3.6878,3.6906,3.6933,3.6961,3.6988,3.7016,3.7043,3.7071,3.71,3.7126,3.7153,3.7181,3.7208,3.7236,3.7263,3.729,3.7318,3.7345,3.7371,3.7398,3.7426,3.7453,3.7481,3.7508,3.7536,3.7563,3.7591,3.7619,3.7646,3.7674,3.7703,3.7729,3.7758,3.7786,3.7813,3.7841,3.7868,3.7896,3.7923,3.7951,3.7978,3.8004,3.8033,3.8059,3.8088,3.8114,3.8143,3.8169,3.8198,3.8224,3.8252,3.8281,3.8307,3.8336,3.8364,3.8391,3.8419,3.8447,3.8474,3.8502,3.8531,3.8557,3.8585,3.8614,3.864,3.8669,3.8697,3.8725,3.8754,3.8782,3.881,3.8838,3.8865,3.8893,3.8922,3.895,3.8978,3.9006,3.9035,3.9063,3.909,3.9118,3.9146,3.9173,3.9201,3.9228,3.9256,3.9284,3.9311,3.9339,3.9368,3.9394,3.9423,3.9451,3.9479,3.9508,3.9536,3.9564,3.9591,3.9619,3.9647,3.9676,3.9702,3.9731,3.9757,3.9786,3.9812,3.9839,3.9866,3.9894,3.9921,3.9947,3.9974,4.0002,4.0029,4.0056,4.0084,4.0112,4.0139,4.0167,4.0196,4.0224,4.0252,4.028,4.0307,4.0335,4.0364,4.0392,4.0419,4.0445,4.0474,4.05,4.0527,4.0555,4.0582,4.061,4.0639,4.0665,4.0694,4.0722,4.075,4.0778,4.0807,4.0835,4.0863,4.0891,4.092,4.095,4.0978,4.1006,4.1034,4.1063,4.1091,4.1119,4.1146,4.1174,4.1202,4.1231,4.1259,4.1287,4.1316,4.1344,4.1372,4.1402,4.143,4.146,4.1488,4.1518,4.1546,4.1576,4.1606,4.1634,4.1663,4.1693,4.1721,4.1751,4.1779,4.1809,4.1837,4.1865,4.1895,4.1923,4.1952,4.198,4.2008,4.2038,4.2066,4.2095,4.2123,4.2153,4.2181,4.2211,4.2239,4.2269,4.2297,4.2327,4.2355,4.2385,4.2415,4.2443,4.2473,4.2503,4.2533,4.2563,4.2593,4.2622,4.2652,4.2682,4.2712,4.2742,4.2772,4.2802,4.283,4.286,4.2888,4.2918,4.2946,4.2976,4.3004,4.3032,4.3062,4.3091,4.312,4.3149,4.3178,4.3207,4.3237,4.3265,4.3295,4.3325,4.3354,4.3384,4.3413,4.3442,4.3472,4.3502,4.3532,4.3562,4.359,4.362,4.3648,4.3678,4.3706,4.3735,4.3763,4.3791,4.3819,4.3849,4.3878,4.3906,4.3936,4.3964,4.3994,4.4024,4.4053,4.4082,4.4112,4.4141,4.4171,4.4201,4.4231,4.4261,4.4292,4.4324,4.4353,4.4385,4.4415,4.4443,4.4473,4.4503,4.4531,4.4561,4.4589,4.4617,4.4646,4.4674,4.4702,4.473,4.476,4.4789,4.4818,4.4847,4.4877,4.4906,4.4936,4.4966,4.4996,4.5026,4.5057,4.5089,4.5118,4.515,4.5181,4.5213,4.5243,4.5272,4.5302,4.533,4.536,4.5389,4.5418,4.5447,4.5475,4.5503,4.5532,4.556,4.559,4.5618,4.5648,4.5676,4.5706,4.5736,4.5766,4.5795,4.5825,4.5855,4.5887,4.5916,4.5946,4.5978,4.6008,4.6039,4.6069,4.6099,4.6128,4.6158,4.6188,4.6218,4.6248,4.6276,4.6306,4.6336,4.6364,4.6394,4.6422,4.6452,4.6482,4.6512,4.6542,4.6571,4.6601,4.6631,4.6661,4.6691,4.6721,4.675,4.678,4.681,4.684,4.6871,4.6901,4.693,4.6959,4.6989,4.7018,4.7047,4.7076,4.7104,4.7134,4.7162,4.7192,4.722,4.725,4.7278,4.7308,4.7338,4.7366,4.7396,4.7426,4.7454,4.7484,4.7512,4.7542,4.7572,4.7602,4.7632,4.766,4.769,4.772,4.7748,4.7778,4.7806,4.7836,4.7864,4.7894,4.7922,4.7951,4.798,4.8009,4.8037,4.8067,4.8095,4.8123,4.8153,4.8181,4.8211,4.8241,4.8269,4.8299,4.8329,4.8359,4.8389,4.8419,4.8449,4.8478,4.8508,4.8538,4.8568,4.8598,4.8626,4.8656,4.8686,4.8714,4.8744,4.8772,4.8802,4.883,4.8858,4.8888,4.8918,4.8948,4.8978,4.9008,4.9038,4.9067,4.9097,4.9127,4.9157,4.9187,4.9217,4.9248,4.9279,4.9311,4.9342,4.9372,4.9404,4.9433,4.9462,4.9492,4.9521,4.955,4.9579,4.9609,4.9638,4.9667,4.9696,4.9726,4.9754,4.9784,4.9814,4.9843,4.9873,4.9903,4.9933,4.9963,4.9994,5.0024,5.0055,5.0085,5.0117,5.0147,5.0178,5.0209,5.0241,5.0271,5.0302,5.0332,5.0363,5.0393,5.0423,5.0453,5.0483,5.0513,5.0542,5.0572,5.0602,5.0632,5.0662,5.069,5.072,5.075,5.078,5.0809,5.0839,5.0869,5.0901,5.093,5.096,5.099,5.102,5.105,5.108,5.1111,5.1141,5.1171,5.1201,5.1232,5.1262,5.1292,5.132,5.135,5.1378,5.1408,5.1436,5.1466,5.1496,5.1524,5.1554,5.1582,5.1612,5.1642,5.167,5.17,5.173,5.176,5.179,5.1819,5.1849,5.1879,5.1909,5.1939,5.1969,5.1999,5.2028,5.2058,5.2088,5.2118,5.2148,5.2178,5.2206,5.2236,5.2266,5.2295,5.2324,5.2354,5.2383,5.2412,5.2441,5.247,5.25,5.2529,5.2558,5.2588,5.2617,5.2647,5.2677,5.2707,5.2737,5.2767,5.2796,5.2826,5.2856,5.2886,5.2916,5.2946,5.2976,5.3007,5.3037,5.3067,5.3097,5.3125,5.3155,5.3183,5.3213,5.3241,5.3269,5.3299,5.3327,5.3357,5.3386,5.3414,5.3444,5.3473,5.3502,5.3532,5.3561,5.359,5.362,5.3649,5.3679,5.3709,5.3739,5.3769,5.3799,5.3827,5.3857,5.3887,5.3916,5.3946,5.3975,5.4004,5.4034,5.4064,5.4092,5.4122,5.4151,5.418,5.4209,5.4237,5.4267,5.4295,5.4325,5.4353,5.4383,5.4411,5.4441,5.4469,5.4499,5.4528,5.4557,5.4587,5.4615,5.4645,5.4675,5.4703,5.4733,5.4762,5.479,5.482,5.4848,5.4876,5.4904,5.4933,5.4961,5.4989,5.5018,5.5044,5.5073,5.5101,5.5129,5.5157,5.5186,5.5214,5.5242,5.527,5.53,5.5329,5.5357,5.5387,5.5415,5.5443,5.5472,5.5501,5.553,5.5558,5.5586,5.5614,5.5643,5.5671,5.5699,5.5728,5.5756,5.5784,5.5812,5.5841,5.5869,5.5897,5.5926,5.5954,5.5984,5.6012,5.604,5.6068,5.6098,5.6127,5.6155,5.6183,5.6211,5.6241,5.627,5.6298,5.6326,5.6354,5.6384,5.6412,5.6441,5.6471,5.6499,5.6529,5.6557,5.6587,5.6617,5.6645,5.6673,5.6703,5.6731,5.676,5.6788,5.6818,5.6846,5.6874,5.6903,5.6931,5.6959,5.6987,5.7016,5.7044,5.7072,5.71,5.7129,5.7159,5.7187,5.7217,5.7245,5.7275,5.7303,5.7333,5.7361,5.7389,5.7419,5.7448,5.7476,5.7506,5.7534,5.7562,5.7591,5.7619,5.7647,5.7675,5.7704,5.7732,5.7762,5.779,5.782,5.7848,5.7876,5.7906,5.7935,5.7963,5.7993,5.8021,5.8049,5.8078,5.8107,5.8136,5.8164,5.8192,5.822,5.8249,5.8275,5.8304,5.8332,5.836,5.8389,5.8417,5.8445,5.8473,5.8502,5.853,5.856,5.8586,5.8616,5.8643,5.8671,5.87,5.8728,5.8756,5.8784,5.8811,5.8839,5.8866,5.8894,5.8921,5.8949,5.8978,5.9006,5.9033,5.9061,5.9089,5.9117,5.9146,5.9174,5.9202,5.923,5.9259,5.9287,5.9315,5.9342,5.937,5.9399,5.9425,5.9454,5.9482,5.9508,5.9537,5.9565,5.9592,5.962,5.9648,5.9677,5.9705,5.9733,5.9761,5.9788,5.9816,5.9845,5.9873,5.9901,5.9928,5.9956,5.9983,6.0011,6.0038,6.0066,6.0094,6.0121,6.0149,6.0178,6.0206,6.0233,6.0261,6.0289,6.0317,6.0346,6.0374,6.0402,6.0431,6.0459,6.0486,6.0514,6.0541,6.0569,6.0595,6.0624,6.065,6.0677,6.0705,6.0732,6.0759,6.0787,6.0814,6.0842,6.0869,6.0897,6.0924,6.0952,6.098,6.1009,6.1035,6.1064,6.1092,6.1119,6.1147,6.1175,6.1203
0.0057871,0.049613,0.093439,0.13726,0.18109,0.22492,0.26874,0.31257,0.35639,0.40022,0.44405,0.48787,0.5317,0.57552,0.61935,0.66318,0.707,0.75083,0.79465,0.83848,0.8823,0.92613,0.96996,1.0138,1.0576,1.1014,1.1453,1.1891,1.2329,1.2767,1.3206,1.3644,1.4082,1.452,1.4959,1.5397,1.5835,1.6273,1.6671,1.7069,1.7446,1.7823,1.82,1.8577,1.8954,1.9331,1.9708,2.0085,2.0462,2.0839,2.1174,2.153,2.1907,2.2242,2.2578,2.2913,2.3248,2.3583,2.3918,2.4232,2.4546,2.4881,2.5196,2.5489,2.5803,2.6117,2.641,2.6683,2.6976,2.7269,2.7541,2.7835,2.8107,2.8358,2.8609,2.884,2.907,2.9301,2.951,2.974,2.995,3.0117,3.0327,3.0536,3.0725,3.0892,3.106,3.1248,3.1416,3.1604,3.1772,3.1919,3.2086,3.2254,3.2442,3.2631,3.2819,3.2987,3.3154,3.3322,3.3468,3.3636,3.3804,3.395,3.4097,3.4264,3.4432,3.4599,3.4746,3.4893,3.5039,3.5186,3.5353,3.5479,3.5605,3.5751,3.5898,3.6024,3.6128,3.6254,3.638,3.6505,3.661,3.6715,3.6819,3.6924,3.7029,3.7113,3.7217,3.7322,3.7406,3.749,3.7573,3.7657,3.7741,3.7825,3.7909,3.7992,3.8055,3.8118,3.8202,3.8286,3.8348,3.839,3.8453,3.8516,3.8558,3.8621,3.8683,3.8725,3.8788,3.883,3.8872,3.8935,3.8977,3.904,3.9102,3.9144,3.9207,3.9249,3.9291,3.9354,3.9417,3.9479,3.9521,3.9584,3.9647,3.9689,3.9731,3.9752,3.9773,3.9814,3.9856,3.9877,3.9898,3.9919,3.9919,3.9919,3.994,3.9961,3.9961,3.9961,3.9961,3.9982,4.0003,4.0024,4.0045,4.0045,4.0087,4.0129,4.017,4.0233,4.0275,4.0338,4.0401,4.0464,4.0527,4.0589,4.0652,4.0715,4.0799,4.0862,4.0924,4.0987,4.105,4.1092,4.1134,4.1197,4.1239,4.1301,4.1364,4.1385,4.1406,4.1469,4.1532,4.1574,4.1616,4.1678,4.1741,4.1762,4.1804,4.1867,4.1909,4.1972,4.2035,4.2097,4.2181,4.2244,4.2307,4.2391,4.2453,4.2516,4.2579,4.2621,4.2684,4.2768,4.283,4.2872,4.2914,4.2956,4.2998,4.304,4.3082,4.3124,4.3165,4.3207,4.3249,4.3291,4.3333,4.3375,4.3438,4.3501,4.3563,4.3626,4.3689,4.3752,4.3815,4.3878,4.394,4.4003,4.4045,4.4108,4.4171,4.4192,4.4213,4.4255,4.4276,4.4296,4.4338,4.4359,4.438,4.4401,4.4422,4.4464,4.4506,4.4548,4.4569,4.4611,4.4673,4.4715,4.4778,4.4841,4.4883,4.4925,4.4967,4.5029,4.5113,4.5176,4.5218,4.526,4.5302,4.5344,4.5365,4.5386,4.5448,4.5511,4.5553,4.5595,4.5637,4.5679,4.5679,4.5679,4.5721,4.5763,4.5783,4.5804,4.5846,4.5888,4.593,4.5972,4.5993,4.6014,4.6056,4.6098,4.614,4.6181,4.6223,4.6244,4.6265,4.6307,4.6349,4.6349,4.6349,4.6391,4.6412,4.6412,4.6412,4.6412,4.6433,4.6433,4.6433,4.6454,4.6454,4.6454,4.6475,4.6517,4.6537,4.6558,4.6579,4.66,4.6621,4.6621,4.6642,4.6663,4.6663,4.6663,4.6663,4.6663,4.6642,4.6621,4.6621,4.6621,4.66,4.6579,4.6558,4.6537,4.6537,4.6537,4.6537,4.6537,4.6537,4.6537,4.6537,4.6537,4.6537,4.6537,4.6537,4.6558,4.6579,4.6558,4.6537,4.6537,4.6517,4.6496,4.6496,4.6496,4.6496,4.6496,4.6475,4.6454,4.6454,4.6454,4.6454,4.6454,4.6454,4.6454,4.6433,4.6433,4.6454,4.6454,4.6454,4.6454,4.6475,4.6496,4.6475,4.6454,4.6475,4.6496,4.6496,4.6517,4.6517,4.6517,4.6537,4.6517,4.6517,4.6537,4.6517,4.6517,4.6537,4.6537,4.6517,4.6496,4.6496,4.6517,4.6517,4.6496,4.6517,4.6537,4.6537,4.6537,4.6537,4.6558,4.6558,4.6558,4.6579,4.6558,4.6537,4.6537,4.6537,4.6537,4.6537,4.6537,4.6517,4.6496,4.6496,4.6475,4.6433,4.6412,4.6412,4.6412,4.6412,4.6412,4.6412,4.6412,4.6454,4.6496,4.6475,4.6475,4.6496,4.6496,4.6496,4.6496,4.6475,4.6475,4.6496,4.6475,4.6433,4.6391,4.637,4.6349,4.6307,4.6307,4.6286,4.6223,4.6181,4.616,4.614,4.6098,4.6077,4.6077,4.6077,4.6056,4.6014,4.5993,4.5972,4.5951,4.593,4.5888,4.5867,4.5867,4.5825,4.5783,4.5763,4.5721,4.5679,4.5658,4.5637,4.5595,4.5553,4.5532,4.5511,4.5469,4.5427,4.5386,4.5365,4.5344,4.5302,4.5281,4.526,4.5218,4.5197,4.5197,4.5176,4.5134,4.5113,4.5092,4.505,4.5029,4.5009,4.4967,4.4925,4.4883,4.4841,4.4799,4.4757,4.4694,4.4632,4.459,4.4548,4.4485,4.4422,4.4401,4.438,4.4338,4.4296,4.4276,4.4276,4.4276,4.4255,4.4213,4.4213,4.4234,4.4234,4.4213,4.4213,4.4234,4.4213,4.4192,4.4192,4.4192,4.4171,4.415,4.415,4.4129,4.4108,4.4087,4.4066,4.4066,4.4045,4.4024,4.4024,4.4024,4.4024,4.4045,4.4045,4.4045,4.4066,4.4066,4.4087,4.4108,4.4108,4.4108,4.4108,4.4129,4.415,4.415,4.415,4.415,4.415,4.415,4.415,4.415,4.415,4.415,4.415,4.4171,4.4192,4.4192,4.4192,4.4192,4.4192,4.4213,4.4234,4.4234,4.4234,4.4255,4.4296,4.4317,4.4317,4.4338,4.438,4.4401,4.4401,4.4401,4.4401,4.4422,4.4443,4.4443,4.4443,4.4443,4.4443,4.4443,4.4443,4.4443,4.4464,4.4464,4.4464,4.4506,4.4527,4.4527,4.4548,4.459,4.4611,4.4632,4.4673,4.4715,4.4736,4.4757,4.4778,4.4799,4.482,4.482,4.4841,4.4862,4.4883,4.4904,4.4904,4.4904,4.4904,4.4904,4.4904,4.4925,4.4946,4.4925,4.4925,4.4946,4.4946,4.4946,4.4946,4.4946,4.4946,4.4967,4.4988,4.4988,4.5009,4.5029,4.5029,4.505,4.5071,4.5071,4.505,4.5029,4.5029,4.5029,4.5029,4.5029,4.5009,4.4988,4.4988,4.4988,4.4967,4.4946,4.4946,4.4946,4.4925,4.4904,4.4904,4.4904,4.4925,4.4946,4.4925,4.4904,4.4904,4.4904,4.4904,4.4904,4.4883,4.4862,4.4862,4.482,4.4778,4.4757,4.4715,4.4694,4.4673,4.4632,4.459,4.4569,4.4548,4.4506,4.4464,4.4443,4.4443,4.4443,4.4422,4.4422,4.4443,4.4422,4.4401,4.4401,4.4401,4.4401,4.4401,4.438,4.4359,4.4359,4.4317,4.4276,4.4276,4.4255,4.4234,4.4234,4.4234,4.4213,4.4192,4.4192,4.4171,4.415,4.415,4.4129,4.4108,4.4108,4.4108,4.4108,4.4108,4.4108,4.4108,4.4108,4.4108,4.4108,4.4108,4.4108,4.4108,4.4108,4.4108,4.4108,4.4108,4.4087,4.4066,4.4066,4.4066,4.4066,4.4066,4.4024,4.3982,4.3982,4.3982,4.3982,4.3982,4.3982,4.3982,4.3982,4.3982,4.4003,4.4045,4.4066,4.4066,4.4066,4.4066,4.4066,4.4066,4.4066,4.4045,4.4024,4.4024,4.4024,4.4024,4.4003,4.3982,4.3961,4.3919,4.3899,4.3899,4.3899,4.3878,4.3857,4.3857,4.3857,4.3878,4.3899,4.3899,4.3919,4.3961,4.3982,4.3982,4.4003,4.4024,4.4024,4.4024,4.4024,4.4024,4.4024,4.4024,4.4024,4.4024,4.4003,4.3982,4.3961,4.3919,4.3899,4.3899,4.3878,4.3857,4.3836,4.3815,4.3815,4.3815,4.3794,4.3773,4.3773,4.3773,4.3752,4.3752,4.3773,4.3752,4.3731,4.3731,4.371,4.3689,4.3689,4.3668,4.3647,4.3626,4.3605,4.3584,4.3563,4.3542,4.3501,4.3459,4.3417,4.3375,4.3354,4.3333,4.3312,4.3291,4.327,4.3249,4.3249,4.3249,4.3228,4.3207,4.3186,4.3186,4.3165,4.3165,4.3165,4.3145,4.3145,4.3124,4.3082,4.3061,4.304,4.3019,4.2977,4.2914,4.2893,4.2872,4.2809,4.2768,4.2747,4.2705,4.2684,4.2663,4.2642,4.2642,4.2642,4.2642,4.2642,4.2642,4.2642,4.2663,4.2684,4.2684,4.2705,4.2726,4.2726,4.2747,4.2768,4.2768,4.2768,4.2768,4.2768,4.2768,4.2768,4.2768,4.2768,4.2768,4.2768,4.2768,4.2788,4.2788,4.2768,4.2788,4.283,4.283,4.283,4.2851,4.2872,4.2893,4.2914,4.2914,4.2914,4.2956,4.2977,4.2998,4.304,4.3061,4.3061,4.3061,4.3082,4.3103,4.3124,4.3145,4.3145,4.3145,4.3165,4.3186,4.3186,4.3186,4.3186,4.3207,4.3228,4.3228,4.3249,4.3291,4.3312,4.3333,4.3354,4.3375,4.3438,4.348,4.3501,4.3542,4.3563,4.3584,4.3605,4.3605,4.3626,4.3647,4.3647,4.3647,4.3647,4.3647,4.3647,4.3647,4.3647,4.3668,4.3689,4.371,4.3731,4.3752,4.3794,4.3815,4.3857,4.3919,4.3961,4.3982,4.4024,4.4087,4.4129,4.415,4.4192,4.4255,4.4276,4.4296,4.4338,4.438,4.4401,4.4422,4.4464,4.4506,4.4527,4.4548,4.4569,4.459,4.4632,4.4673,4.4694,4.4715,4.4736,4.4757,4.4778,4.482,4.4862,4.4883,4.4925,4.4946,4.4967,4.5029,4.5071,4.5092,4.5134,4.5155,4.5197,4.5239,4.526,4.5281,4.5281,4.5302,4.5323,4.5323,4.5323,4.5344,4.5365,4.5344,4.5344,4.5365,4.5386,4.5406,4.5427,4.5448,4.5469,4.5511,4.5532,4.5553,4.5574,4.5595,4.5616,4.5637,4.5658,4.5679,4.5679,4.5658,4.5658,4.5658,4.5637,4.5616,4.5616,4.5616,4.5616,4.5595,4.5595,4.5616,4.5616,4.5616,4.5637,4.5658,4.5658,4.5679,4.5679,4.5679,4.57,4.5721,4.5721,4.5721,4.5742,4.5742,4.5742,4.5742,4.5742,4.5763,4.5763,4.5763,4.5783,4.5783,4.5783,4.5804,4.5825,4.5825,4.5825,4.5825,4.5846,4.5867,4.5867,4.5888,4.5909,4.5909,4.593,4.5951,4.5972,4.5993,4.5993,4.6014,4.6035,4.6056,4.6098,4.6119,4.6119,4.614,4.6181,4.6202,4.6202,4.6202,4.6223,4.6244,4.6265,4.6286,4.6286,4.6307,4.6328,4.6349,4.637,4.6391,4.6412,4.6433,4.6454,4.6475,4.6517,4.6537,4.6558,4.66,4.66,4.66,4.6621,4.6621,4.6642,4.6663,4.6642,4.6621,4.6621,4.6621,4.6621,4.6621,4.6642,4.6684,4.6705,4.6726,4.6747,4.6789,4.6831,4.6852,4.6894,4.6914,4.6956,4.6998,4.6998,4.7019,4.704,4.704,4.7061,4.7082,4.7082,4.7082,4.7082,4.7103,4.7124,4.7103,4.7082,4.7103,4.7124,4.7124,4.7124,4.7124,4.7124,4.7124,4.7124,4.7145,4.7166,4.7166,4.7166,4.7145,4.7145,4.7166,4.7166,4.7166,4.7145,4.7145,4.7166,4.7145,4.7124,4.7103,4.7082,4.7082,4.7061,4.704,4.7019,4.6998,4.6998,4.6977,4.6956,4.6956,4.6956,4.6935,4.6914,4.6914,4.6914,4.6935,4.6956,4.6956,4.6935,4.6914,4.6914,4.6935,4.6935,4.6914,4.6914,4.6914,4.6914,4.6873,4.6831,4.6831,4.681,4.6789,4.6768,4.6747,4.6747,4.6747,4.6747,4.6726,4.6726,4.6747,4.6747,4.6768,4.6789,4.6789,4.6789,4.6789,4.681,4.6852,4.6852,4.6831,4.6852,4.6873,4.6852,4.6852,4.6873,4.6873,4.6894,4.6914,4.6914,4.6935,4.6956,4.6977,4.6998,4.7019,4.7082,4.7145,4.7166,4.7187,4.7229,4.7291,4.7333,4.7354,4.7396,4.7438,4.748,4.7522,4.7543,4.7585,4.7627,4.7647,4.7689,4.7731,4.7773,4.7815,4.7836,4.7857,4.7899,4.7941,4.7983,4.8024,4.8045,4.8066,4.8108,4.8171,4.8234,4.8276,4.8297,4.8339,4.8401,4.8422,4.8443,4.8485,4.8527,4.8569,4.8611,4.8653,4.8695,4.8737,4.8778,4.8799,4.882,4.8862,4.8925,4.8967,4.9009,4.9072,4.9093,4.9135,4.9197,4.9239,4.9281,4.9302,4.9323,4.9386,4.9428,4.9449,4.9491,4.9532,4.9553,4.9574,4.9616,4.9616,4.9616,4.9658,4.9679,4.97,4.9721,4.9721,4.9721,4.9721,4.9721,4.9742,4.9763,4.9763,4.9763,4.9784,4.9805,4.9826,4.9847,4.9868,4.9888,4.9909,4.993,4.993,4.9951,4.9972,4.9972,4.9972,4.9972,4.9993,5.0014,5.0035,5.0056,5.0035,5.0014,5.0035,5.0056,5.0056,5.0056,5.0056,5.0056,5.0077,5.0098,5.0098,5.0098,5.0098,5.0098,5.0119,5.014,5.014,5.014,5.014,5.014,5.014,5.014,5.014,5.014,5.0119,5.0119,5.0119,5.0119,5.014,5.0119,5.0119,5.014,5.014,5.014,5.0161,5.0161,5.0161,5.0182,5.0161,5.014,5.014,5.014,5.014,5.0161,5.0203,5.0224,5.0224,5.0224,5.0245,5.0286,5.0307,5.0328,5.0349,5.037,5.0391,5.0391,5.0391,5.0412,5.0433,5.0433,5.0433,5.0433,5.0433,5.0412,5.0391,5.0412,5.0433,5.0433,5.0433,5.0454,5.0475,5.0475,5.0496,5.0517,5.0517,5.0538,5.058,5.0601,5.0601,5.0601,5.0601,5.0601,5.0601,5.0601,5.0601,5.0622,5.0663,5.0684,5.0684,5.0684,5.0684,5.0684,5.0684,5.0684,5.0705,5.0726,5.0747,5.0768,5.0768,5.0789,5.0789,5.0789,5.0789,5.0789,5.081,5.0789,5.0789,5.081,5.081,5.0789,5.0768,5.0789,5.081,5.0831,5.0852,5.0831,5.081,5.081,5.081,5.0789,5.0768,5.0768,5.0768,5.0747,5.0726,5.0726,5.0705,5.0684,5.0663,5.0642,5.0642,5.0642,5.0622,5.0601,5.0601,5.0601,5.058,5.0559,5.0559,5.0559,5.0538,5.0517,5.0496,5.0475,5.0454,5.0433,5.0433,5.0391,5.0349,5.0349,5.0349,5.0307,5.0265,5.0265,5.0265,5.0265,5.0265,5.0265,5.0265,5.0245,5.0203,5.0182,5.0161,5.014,5.014,5.0119,5.0098,5.0077,5.0056,5.0035,5.0014,4.9972,4.993,4.993,4.9909,4.9888,4.9868,4.9847,4.9826,4.9805,4.9805,4.9784,4.9763,4.9763,4.9763,4.9763,4.9721,4.9679,4.9679,4.9679,4.9679,4.9679,4.9679,4.9679,4.9679,4.9679,4.9679,4.9679,4.97,4.9721,4.9742,4.9763,4.9784,4.9805,4.9805,4.9826,4.9847,4.9847,4.9847,4.9868,4.9888,4.9909,4.993,4.9951,4.9972,4.9993,5.0014,5.0035,5.0056,5.0077,5.0098,5.0098,5.0119,5.0161,5.0182,5.0203,5.0245,5.0286,5.0307,5.0328,5.0349,5.037,5.0391,5.0391,5.0433,5.0475,5.0496,5.0538,5.058,5.0601,5.0642,5.0684,5.0726,5.0768,5.0789,5.081,5.0852,5.0915,5.0957,5.0999,5.104,5.1082,5.1124,5.1166,5.1208,5.125,5.1292,5.1334,5.1376,5.1396,5.1417,5.148,5.1522,5.1543,5.1564,5.1606,5.1648,5.1669,5.169,5.1711,5.1732,5.1753,5.1794,5.1815,5.1815,5.1815,5.1836,5.1857,5.1857,5.1878,5.1899,5.1899,5.192,5.1962,5.1962,5.1941,5.1962,5.1983,5.1983,5.2004,5.2025,5.2025,5.2046,5.2067,5.2088,5.2109,5.2129,5.215,5.215,5.215,5.215,5.215,5.215,5.215,5.215,5.215,5.215,5.215,5.215,5.215,5.215,5.2129,5.2129,5.2129,5.2129,5.2129,5.2129,5.2129,5.2129,5.215,5.215,5.215,5.215,5.215,5.215,5.215,5.215,5.2129,5.2109,5.2109,5.2088,5.2067,5.2067,5.2046,5.2046,5.2046,5.2025,5.2025,5.2025,5.2025,5.2025,5.2046,5.2067,5.2088,5.2109,5.2129,5.215,5.215,5.215,5.2171,5.2192,5.2192,5.2171,5.2171,5.2192,5.2192,5.2213,5.2213,5.2192,5.2213,5.2234,5.2234,5.2255,5.2297,5.2318,5.2318,5.2339,5.236,5.2381,5.2402,5.2423,5.2444,5.2486,5.2527,5.2548,5.2569,5.259,5.2611,5.2632,5.2653,5.2674,5.2695,5.2716,5.2758,5.2779,5.28,5.2842,5.2863,5.2883,5.2925,5.2967,5.2988,5.303,5.3072,5.3072,5.3114,5.3156,5.3156,5.3156,5.3156,5.3156,5.3156,5.3177,5.3198,5.3198,5.3219,5.324,5.324,5.326,5.3281,5.3302,5.3323,5.3344,5.3365,5.3386,5.3407,5.3407,5.3407,5.3407,5.3428,5.3449,5.3449,5.3428,5.3407,5.3407,5.3407,5.3407,5.3407,5.3407,5.3386,5.3365,5.3344,5.3344,5.3344,5.3323,5.3344,5.3344,5.3323,5.3323,5.3323,5.3344,5.3365,5.3365,5.3365,5.3365,5.3365,5.3365,5.3344,5.3323,5.3323,5.3302,5.3281,5.3281,5.3281,5.326,5.324,5.324,5.324,5.324,5.324,5.324,5.324,5.324,5.324,5.324,5.324,5.326,5.326,5.326,5.3281,5.3281,5.3281,5.3281,5.3302,5.3323,5.3323,5.3323,5.3323,5.3323,5.3344,5.3365,5.3365,5.3365,5.3365,5.3386,5.3407,5.3428,5.347,5.3512,5.3554,5.3575,5.3596,5.3637,5.3679,5.37,5.3721,5.3742,5.3784,5.3847,5.3868,5.3889,5.3931,5.3973,5.3994,5.4035,5.4077,5.4119,5.4161,5.4203,5.4245,5.4266,5.4308,5.435,5.4391,5.4433,5.4475,5.4496,5.4517,5.4559,5.4601,5.4643,5.4685,5.4727,5.4768,5.481,5.4873,5.4936,5.4978,5.502,5.5083,5.5166,5.5229,5.5271,5.5313,5.5355,5.5418,5.5481,5.5522,5.5564,5.5585,5.5606,5.5627,5.5648,5.5669,5.569,5.5711,5.5711,5.5732,5.5753,5.5774,5.5816,5.5858,5.5899,5.5941,5.5983,5.6025,5.6067,5.613,5.6193,5.6214,5.6255,5.6297,5.6297,5.6297,5.6297,5.6318,5.6339,5.6339,5.6339,5.6339,5.6318,5.6318,5.6339,5.6339,5.6339,5.6339,5.6339,5.636,5.6402,5.6444,5.6486,5.6507,5.6528,5.6549,5.6591,5.6632,5.6653,5.6695,5.6716,5.6737,5.6758,5.68,5.6863,5.6884,5.6884,5.6884,5.6884,5.6884,5.6884,5.6884,5.6884,5.6863,5.6842,5.6842,5.6842,5.6821,5.68,5.68,5.68,5.68,5.68,5.68,5.6821,5.6842,5.6863,5.6905,5.6947,5.6988,5.703,5.7072,5.7114,5.7156,5.7198,5.7219,5.7219,5.7219,5.7219,5.7219,5.7219,5.7198,5.7156,5.7135,5.7114,5.7072,5.7051,5.703,5.7009,5.7009,5.7009,5.7009,5.7009,5.703,5.7051,5.7072,5.7114,5.7156,5.7198,5.724,5.7282,5.7345,5.7386,5.7407,5.7428,5.7449,5.7449,5.7428,5.7428,5.7428,5.7428,5.7428,5.7428,5.7428,5.7407,5.7386,5.7365,5.7345,5.7345,5.7324,5.7303,5.7324,5.7345,5.7345,5.7365,5.7386,5.7386,5.7407,5.7449,5.7491,5.7533,5.7554,5.7554,5.7554,5.7554,5.7554,5.7554,5.7533,5.7491,5.7449,5.7428,5.7386,5.7324,5.7282,5.724,5.7198,5.7156,5.7114,5.7093,5.7072,5.7051,5.7051,5.703,5.7009,5.7009,5.7009,5.7009,5.703,5.7051,5.7051,5.7072,5.7093,5.7093,5.7093,5.7093,5.7093,5.7072,5.7051,5.703,5.6988,5.6947,5.6884,5.6842,5.6821,5.6758,5.6695,5.6653,5.6611,5.657,5.6549,5.6528,5.6507,5.6507,5.6507,5.6507,5.6528,5.6528,5.6507,5.6507,5.6528,5.6549,5.657,5.6591,5.657,5.6549,5.6549,5.6507,5.6465,5.6465,5.6444,5.6402,5.6381,5.636,5.6339,5.6318,5.6297,5.6297,5.6318,5.6339,5.636,5.6381,5.6402,5.6423,5.6465,5.6528,5.657,5.6632,5.6695,5.6758,5.6821,5.6863,5.6884,5.6905,5.6926,5.6926,5.6926,5.6947,5.6988,5.7009,5.7009,5.7009,5.7009,5.7009,5.7009,5.7009,5.7009,5.703,5.7051,5.7072,5.7114,5.7156,5.7198,5.724,5.7282,5.7345,5.7428,5.7512,5.7575,5.7617,5.7701,5.7784,5.7826,5.7889,5.7952,5.7973,5.7994,5.8036,5.8057,5.8078,5.8099,5.8099,5.8099,5.8099,5.8119,5.8119,5.8119,5.8119,5.8119,5.814,5.8161,5.8182,5.8224,5.8287,5.8308,5.8329,5.8392,5.8434,5.8455,5.8496,5.8538,5.8538,5.8538,5.8559,5.858,5.8601,5.8601,5.858,5.8559,5.8559,5.8538,5.8496,5.8455,5.8413,5.835,5.8287,5.8266,5.8266,5.8245,5.8245,5.8266,5.8266,5.8266,5.8287,5.8308,5.8329,5.835,5.8371,5.8413,5.8455,5.8476,5.8496,5.8517,5.8517,5.8517,5.8517,5.8496,5.8496,5.8496,5.8455,5.8434,5.8392,5.835,5.8329,5.8287,5.8245,5.8203,5.8182,5.8161,5.8119,5.8119,5.8119,5.8099,5.8099,5.8099,5.8119,5.8119,5.8119,5.8161,5.8182,5.8182,5.8182,5.8203,5.8224,5.8245,5.8245,5.8245,5.8266,5.8245,5.8245,5.8245,5.8203,5.8182,5.8161,5.8119,5.8078,5.8078,5.8078,5.8036,5.7994,5.7973,5.7973,5.7973,5.7994,5.7994,5.7994,5.8015,5.8036,5.8057,5.8078,5.8119,5.8119,5.8119,5.814,5.814,5.814,5.8161,5.8161,5.814,5.814,5.8119,5.8119,5.8119,5.8099,5.8078,5.8057,5.8036,5.7994,5.7973,5.7973,5.7952,5.7931,5.791,5.7889,5.7889,5.7868,5.7847,5.7847,5.7847,5.7847,5.7826,5.7805,5.7805,5.7805,5.7805,5.7784,5.7763,5.7742,5.7722,5.7701,5.7659,5.7617,5.7575,5.7512,5.7449,5.7407,5.7365,5.7303,5.7219,5.7156,5.7114,5.7072,5.703,5.6988,5.6947,5.6926,5.6926,5.6926,5.6926,5.6926,5.6926,5.6884,5.6842,5.6842,5.6842,5.6821,5.6779,5.6758,5.6716,5.6674,5.6632,5.6591,5.6549,5.6507,5.6465,5.6402,5.6381,5.636,5.6318,5.6276,5.6255,5.6235,5.6214,5.6172,5.613,5.613,5.6109,5.6067,5.6025,5.6004,5.5983,5.5962,5.5962,5.5941,5.5899,5.5878,5.5858,5.5837,5.5837,5.5837,5.5858,5.5878,5.5858,5.5837,5.5837,5.5837,5.5837,5.5816,5.5795,5.5774,5.5753,5.5753,5.5732,5.5711,5.569,5.5669,5.5669,5.5669,5.5669,5.5669,5.569,5.5711,5.5732,5.5774,5.5795,5.5816,5.5837,5.5837,5.5858,5.5878,5.5878,5.5878,5.5878,5.5878,5.5878,5.5858,5.5858,5.5878,5.5878,5.5858,5.5837,5.5858,5.5878,5.5899,5.592,5.5941,5.5962,5.5983,5.6025,5.6067,5.6088,5.6088,5.6088,5.6109,5.613,5.613,5.613,5.6109,5.6109,5.613,5.6109,5.6088,5.6088,5.6088,5.6088,5.6088,5.6088,5.6088,5.6109,5.613,5.613,5.6151,5.6151,5.613,5.613,5.6109,5.6067,5.6046,5.6025,5.6004,5.5983,5.5941,5.5899,5.5858,5.5837,5.5816,5.5795,5.5795,5.5774,5.5774,5.5795,5.5795,5.5795,5.5795,5.5795,5.5795,5.5774,5.5753,5.5732,5.5711,5.569,5.5648,5.5627,5.5606,5.5564,5.5522,5.5481,5.5439,5.5418,5.5397,5.5376,5.5376,5.5355,5.5334,5.5334,5.5334,5.5313,5.5271,5.525,5.5229,5.5208,5.5187,5.5145,5.5083,5.5041,5.502,5.4978,5.4936,5.4894,5.4852,5.481,5.4768,5.4768,5.4768,5.4727,5.4727,5.4727,5.4727,5.4747,5.4727,5.4727,5.4727,5.4685,5.4643,5.4622,5.4601,5.4559,5.4517,5.4475,5.4433,5.4391,5.437,5.435,5.4308,5.4266,5.4245,5.4245,5.4245,5.4266,5.4287,5.4287,5.4266,5.4266,5.4287,5.4266,5.4245,5.4245,5.4224,5.4203,5.4182,5.414,5.4119,5.4119,5.4119,5.4098,5.4077,5.4098,5.4098,5.4077,5.4077,5.4077,5.4077,5.4098,5.4098,5.4077,5.4077,5.4077,5.4077,5.4056,5.4035,5.4014,5.3973,5.3952,5.3931,5.391,5.3868,5.3826,5.3826,5.3826,5.3784,5.3742,5.3742,5.3742,5.3721,5.37,5.37,5.37,5.3679,5.3658,5.3658,5.3617,5.3575,5.3554,5.3491,5.3449,5.3407,5.3344,5.3302,5.3281,5.324,5.3177,5.3135,5.3114,5.3093,5.3051,5.3009,5.2988,5.2967,5.2946,5.2946,5.2925,5.2883,5.2863,5.2821,5.2779,5.2758,5.2737,5.2695,5.2632,5.2611,5.2569,5.2506,5.2465,5.2423,5.2381,5.2339,5.2297,5.2255,5.2213,5.2171,5.2129,5.2088,5.2046,5.2025,5.2004,5.1983,5.1962,5.192,5.1899,5.1878,5.1857,5.1815,5.1753,5.1732,5.1711,5.1669,5.1669,5.1669,5.1627,5.1606,5.1606,5.1606,5.1585,5.1564,5.1585,5.1585,5.1564,5.1564,5.1585,5.1606,5.1606,5.1606,5.1606,5.1606,5.1606,5.1627,5.1648,5.1627,5.1627,5.1627,5.1627,5.1669,5.169,5.169,5.169,5.1711,5.1732,5.1753,5.1773,5.1794,5.1836,5.1836,5.1836,5.1878,5.1899,5.192,5.1962,5.1983,5.1983,5.1983,5.2004,5.2025,5.2025,5.2046,5.2067,5.2088,5.2109,5.2129,5.2171,5.2192,5.2213,5.2255,5.2276,5.2297,5.2318,5.2339,5.236,5.2381,5.2402,5.2423,5.2444,5.2465,5.2486,5.2486,5.2506,5.2527,5.2527,5.2548,5.2569,5.259,5.2611,5.2611,5.2611,5.2632,5.2632,5.2632,5.2632,5.2632,5.2653,5.2632,5.2632,5.2653,5.2632,5.2611,5.2611,5.2611,5.259,5.2569,5.2548,5.2527,5.2506,5.2486,5.2486,5.2465,5.2444,5.2444,5.2423,5.2402,5.2381,5.236,5.2339,5.2339,5.2339,5.2318,5.2297,5.2276,5.2276,5.2276,5.2255,5.2213,5.2192,5.2171,5.215,5.215,5.2129,5.2088,5.2067,5.2067,5.2046,5.2004,5.1962,5.1941,5.1941,5.192,5.1899,5.1878,5.1857,5.1836,5.1815,5.1815,5.1815,5.1794,5.1773,5.1753,5.1711,5.169,5.1669,5.1627,5.1606,5.1585,5.1543,5.1522,5.1501,5.1459,5.1417,5.1396,5.1376,5.1376,5.1376,5.1355,5.1334,5.1334,5.1334,5.1313,5.1313,5.1313,5.1292,5.1292,5.1292,5.125,5.1229,5.1229,5.1208,5.1187,5.1166,5.1145,5.1124,5.1103,5.1082,5.1061,5.104,5.1019,5.1019,5.1019,5.1019,5.1019,5.1019,5.1019,5.1019,5.1019,5.1019,5.1019,5.0999,5.0978,5.0978,5.0957,5.0936,5.0915,5.0894,5.0894,5.0894,5.0873,5.0852,5.0852,5.0852,5.0852,5.0873,5.0873,5.0852,5.0852,5.0852,5.0852,5.0852,5.0831,5.081,5.0789,5.0768,5.0747,5.0726,5.0726,5.0705,5.0684,5.0663,5.0622,5.0601,5.058,5.0559,5.0538,5.0517,5.0517,5.0496,5.0475,5.0454,5.0412,5.0391,5.0391,5.0349,5.0307,5.0265,5.0224,5.0203,5.0161,5.0119,5.0077,5.0056,5.0014,4.9951,4.993,4.9909,4.9868,4.9826,4.9784,4.9742,4.9721,4.97,4.9658,4.9616,4.9574,4.9532,4.9491,4.9449,4.9386,4.9323,4.9281,4.9239,4.9197,4.9155,4.9114,4.9072,4.9051,4.903,4.8988,4.8946,4.8904,4.8862,4.8841,4.882,4.8758,4.8695,4.8653,4.8611,4.8548,4.8485,4.8443,4.8401,4.836,4.8297,4.8234,4.8213,4.8192,4.815,4.8108,4.8066,4.8045,4.8024,4.7983,4.7941,4.792,4.7899,4.7857,4.7836,4.7815,4.7794,4.7773,4.7731,4.771,4.7689,4.7647,4.7627,4.7606,4.7564,4.7543,4.7522,4.7522,4.7522,4.748,4.7459,4.7459,4.7459,4.7459,4.7459,4.748,4.748,4.7459,4.748,4.7501,4.7501,4.7501,4.7501,4.7501,4.7501,4.7501,4.7501,4.7501,4.7501,4.7501,4.748,4.748,4.7501,4.7501,4.748,4.7459,4.7459,4.7459,4.7459,4.7459,4.7459,4.748,4.7501,4.7501,4.7501,4.7501,4.7522,4.7543,4.7543,4.7564,4.7585,4.7585,4.7585,4.7585,4.7606,4.7627,4.7627,4.7627,4.7627,4.7627,4.7647,4.7668,4.7668,4.7668,4.7689,4.771,4.7731,4.7752,4.7773,4.7794,4.7815,4.7836,4.7836,4.7836,4.7857,4.7878,4.7878,4.7878,4.7899,4.792,4.792,4.792,4.7899,4.7878,4.7878,4.7878,4.7878,4.7878,4.7857,4.7836,4.7815,4.7794,4.7794,4.7773,4.7752,4.7773,4.7794,4.7794,4.7794,4.7794,4.7794,4.7773,4.7752,4.7752,4.7752,4.7752,4.7731,4.771,4.7689,4.7668,4.7668,4.7647,4.7627,4.7606,4.7564,4.7543,4.7522,4.7501,4.7501,4.748,4.7459,4.7459,4.7459,4.7438,4.7396,4.7375,4.7354,4.7333,4.7333,4.7291,4.725,4.7229,4.7187,4.7145,4.7124,4.7082,4.704,4.7019,4.6977,4.6935,4.6914,4.6873,4.6831,4.681,4.6789,4.6768,4.6726,4.6705,4.6705,4.6663,4.6621,4.66,4.6579,4.6537,4.6496,4.6475,4.6454,4.6433,4.6412,4.6391,4.637,4.6328,4.6265,4.6244,4.6223,4.6202,4.6181,4.616,4.616,4.614,4.6098,4.6077,4.6056,4.6035,4.6035,4.6014,4.6014,4.6014,4.5993,4.5972,4.5951,4.5951,4.593,4.5909,4.5888,4.5867,4.5867,4.5846,4.5804,4.5783,4.5783,4.5763,4.5721,4.5679,4.5658,4.5637,4.5595,4.5574,4.5574,4.5574,4.5553,4.5553,4.5553,4.5532,4.5532,4.5532,4.5532,4.5511,4.5511,4.5511,4.549,4.5469,4.5448,4.5448,4.5448,4.5427,4.5406,4.5406,4.5386,4.5365,4.5344,4.5344,4.5344,4.5323,4.5344,4.5344,4.5344,4.5344,4.5344,4.5365,4.5365,4.5365,4.5365,4.5365,4.5365,4.5344,4.5344,4.5365,4.5344,4.5323,4.5302,4.5302,4.5302,4.526,4.5239,4.5218,4.5176,4.5155,4.5134,4.5092,4.5071,4.505,4.5029,4.5009,4.4988,4.5009,4.5009,4.4988,4.4988,4.4988,4.4967,4.4946,4.4946,4.4925,4.4904,4.4883,4.4841,4.482,4.482,4.4778,4.4715,4.4694,4.4653,4.4611,4.4569,4.4506,4.4464,4.4443,4.4401,4.4359,4.4317,4.4276,4.4276,4.4234,4.4192,4.4192,4.4192,4.415,4.4108,4.4087,4.4045,4.4024,4.3982,4.394,4.3919,4.3878,4.3836,4.3794,4.3752,4.3689,4.3647,4.3626,4.3584,4.3542,4.348,4.3438,4.3417,4.3396,4.3354,4.3312,4.3312,4.3291,4.327,4.327,4.327,4.327,4.3249,4.3228,4.3228,4.3228,4.3228,4.3228,4.3228,4.3228,4.3228,4.3228,4.3228,4.3228,4.3228,4.3207,4.3165,4.3145,4.3145,4.3145,4.3145,4.3145,4.3145,4.3145,4.3165,4.3186,4.3186,4.3207,4.3228,4.3249,4.3291,4.3333,4.3375,4.3417,4.3438,4.348,4.3542,4.3563,4.3563,4.3584,4.3605,4.3626,4.3647,4.3647,4.3668,4.3689,4.3689,4.3689,4.3689,4.3689,4.3689,4.371,4.3731,4.3773,4.3815,4.3815,4.3836,4.3878,4.3919,4.394,4.3982,4.4024,4.4024,4.4045,4.4066,4.4087,4.4108,4.4108,4.4108,4.4129,4.4171,4.4192,4.4192,4.4192,4.4192,4.4213,4.4234,4.4234,4.4255,4.4276,4.4296,4.4317,4.4338,4.4359,4.4359,4.438,4.4401,4.4422,4.4464,4.4485,4.4506,4.4548,4.4569,4.4569,4.459,4.4611,4.4611,4.4632,4.4653,4.4653,4.4673,4.4694,4.4694,4.4694,4.4673,4.4653,4.4653,4.4632,4.4611,4.4632,4.4632,4.4611,4.4611,4.4632,4.4653,4.4653,4.4673,4.4694,4.4694,4.4715,4.4736,4.4736,4.4736,4.4757,4.4799,4.4799,4.4799,4.4799,4.4757,4.4736,4.4736,4.4736,4.4715,4.4694,4.4694,4.4673,4.4653,4.4653,4.4653,4.4653,4.4653,4.4653,4.4673,4.4694,4.4694,4.4673,4.4653,4.4653,4.4653,4.4653,4.4632,4.4611,4.4611,4.459,4.4569,4.4548,4.4527,4.4506,4.4485,4.4506,4.4506,4.4485,4.4464,4.4422,4.4422,4.4443,4.4422,4.4422,4.4443,4.4422,4.4422,4.4443,4.4443,4.4443,4.4443,4.4443,4.4443,4.4443,4.4464,4.4485,4.4485,4.4485,4.4485,4.4485,4.4464,4.4443,4.4464,4.4485,4.4464,4.4443,4.4464,4.4464,4.4464,4.4485,4.4485,4.4506,4.4527,4.4548,4.459,4.4611,4.4632,4.4653,4.4673,4.4715,4.4736,4.4757,4.4778,4.4778,4.4778,4.4799,4.482,4.482,4.482,4.4841,4.4862,4.4862,4.4883,4.4883,4.4883,4.4904,4.4925,4.4946,4.4967,4.4988,4.5009,4.505,4.5071,4.5092,4.5134,4.5176,4.5197,4.5218,4.5239,4.526,4.5281,4.5281,4.5302,4.5323,4.5344,4.5365,4.5365,4.5386,4.5386,4.5386,4.5427,4.5427,4.5427,4.5448,4.5469,4.549,4.549,4.5511,4.5553,4.5574,4.5574,4.5595,4.5637,4.5679,4.5721,4.5742,4.5763,4.5783,4.5783,4.5804,4.5825,4.5825,4.5825,4.5825,4.5825,4.5804,4.5783,4.5783,4.5783,4.5763,4.5742,4.5742,4.5742,4.5742,4.5742,4.5763,4.5763,4.5763,4.5783,4.5804,4.5804,4.5804,4.5825,4.5846,4.5846,4.5825,4.5825,4.5825,4.5825,4.5804,4.5783,4.5763,4.5742,4.5742,4.5742,4.5721,4.5679,4.5658,4.5658,4.5637,4.5595,4.5595,4.5595,4.5595,4.5595,4.5574,4.5574,4.5574,4.5574,4.5574,4.5553,4.5532,4.5532,4.5532,4.5511,4.549,4.549,4.5469,4.5448,4.5427,4.5406,4.5406,4.5386,4.5365,4.5344,4.5344,4.5365,4.5344,4.5323,4.5323,4.5344,4.5365,4.5344,4.5344,4.5365,4.5386,4.5406,4.5406,4.5406,4.5427,4.5469,4.5469,4.5469,4.549,4.549,4.549,4.5511,4.5511,4.5511,4.5532,4.5532,4.5532,4.5532,4.5553,4.5574,4.5616,4.5658,4.5679,4.57,4.5742,4.5804,4.5867,4.5909,4.593,4.5993,4.6056,4.6098,4.614,4.616,4.6202,4.6265,4.6307,4.6349,4.637,4.6391,4.6454,4.6496,4.6517,4.6537,4.6579,4.6621,4.6663,4.6705,4.6747,4.6789,4.6831,4.6894,4.6935,4.6998,4.7061,4.7103,4.7145,4.7208,4.725,4.7291,4.7354,4.7396,4.7438,4.748,4.7522,4.7564,4.7606,4.7647,4.7689,4.7731,4.7773,4.7815,4.7878,4.792,4.7941,4.7983,4.8045,4.8129,4.8192,4.8234,4.8276,4.8339,4.8401,4.8422,4.8464,4.8527,4.8569,4.8632,4.8695,4.8737,4.8758,4.8799,4.8862,4.8904,4.8946,4.8946,4.8946,4.8988,4.903,4.9051,4.9072,4.9093,4.9093,4.9114,4.9135,4.9155,4.9176,4.9197,4.9218,4.9218,4.9239,4.926,4.9281,4.9302,4.9323,4.9323,4.9323,4.9344,4.9365,4.9365,4.9365,4.9386,4.9386,4.9386,4.9407,4.9428,4.9428,4.9428,4.9428,4.9449,4.947,4.947,4.947,4.9491,4.9512,4.9512,4.9512,4.9512,4.9512,4.9512,4.9512,4.9512,4.9512,4.9512,4.9512,4.9512,4.9491,4.947,4.9491,4.9512,4.9512,4.9491,4.947,4.9491,4.9512,4.9512,4.9491,4.947,4.9491,4.9512,4.9512,4.9491,4.947,4.9449,4.9428,4.9449,4.9449,4.9428,4.9428,4.9428,4.9449,4.947,4.947,4.947,4.947,4.947,4.947,4.9491,4.9512,4.9512,4.9512,4.9532,4.9553,4.9574,4.9595,4.9574,4.9574,4.9595,4.9595,4.9595,4.9616,4.9616,4.9616,4.9616,4.9616,4.9637,4.9616,4.9616,4.9637,4.9637,4.9637,4.9658,4.9679,4.9658,4.9637,4.9637,4.9658,4.9679,4.9679,4.9679,4.97,4.9721,4.9742,4.9763,4.9784,4.9805,4.9805,4.9826,4.9847,4.9847,4.9847,4.9868,4.9888,4.9909,4.993,4.993,4.993,4.993,4.9909,4.9909,4.993,4.9951,4.9972,4.9972,4.9972,4.9951,4.9951,4.9972,4.9993,5.0014,5.0014,5.0014,5.0014,5.0014,5.0014,5.0014,4.9993,4.9972,4.9972,4.9972,4.9972,4.9972,4.9972,4.9972,4.9972,4.9951,4.993,4.993,4.993,4.993,4.993,4.993,4.9909,4.9909,4.9909,4.9888,4.9888,4.9868,4.9868,4.9868,4.9847,4.9847,4.9847,4.9847,4.9826,4.9805,4.9805,4.9805,4.9805,4.9805,4.9805,4.9805,4.9805,4.9805,4.9784,4.9763,4.9763,4.9742,4.9721,4.9721,4.97,4.9679,4.9679,4.9658,4.9637,4.9637,4.9616,4.9595,4.9574,4.9553,4.9553,4.9553,4.9553,4.9553,4.9532,4.9512,4.9512,4.9512,4.9512,4.9512,4.9532,4.9553,4.9553,4.9553,4.9553,4.9553,4.9574,4.9595,4.9595,4.9595,4.9595,4.9616,4.9637,4.9637,4.9658,4.9679,4.9679,4.97,4.9721,4.9742,4.9784,4.9826,4.9847,4.9868,4.9888,4.9909,4.9951,4.9993,5.0014,5.0035,5.0077,5.0119,5.0161,5.0182,5.0224,5.0265,5.0286,5.0328,5.0349,5.037,5.0412,5.0454,5.0475,5.0517,5.058,5.0601,5.0622,5.0663,5.0705,5.0747,5.0789,5.081,5.0852,5.0915,5.0936,5.0978,5.1019,5.104,5.1103,5.1145,5.1166,5.1229,5.1292,5.1334,5.1376,5.1417,5.1459,5.1501,5.1543,5.1585,5.1648,5.1711,5.1753,5.1794,5.1836,5.1878,5.192,5.1962,5.1983,5.2004,5.2046,5.2088,5.2129,5.2171,5.2213,5.2234,5.2255,5.2297,5.2339,5.236,5.2381,5.2423,5.2444,5.2465,5.2465,5.2465,5.2486,5.2506,5.2506,5.2506,5.2527,5.2527,5.2527,5.2548,5.259,5.259,5.259,5.2632,5.2653,5.2653,5.2674,5.2716,5.2737,5.2758,5.28,5.2821,5.2821,5.2842,5.2863,5.2863,5.2863,5.2863,5.2863,5.2863,5.2863,5.2863,5.2883,5.2883,5.2863,5.2883,5.2883,5.2883,5.2904,5.2883,5.2883,5.2904,5.2904,5.2904,5.2904,5.2904,5.2904,5.2925,5.2946,5.2946,5.2946,5.2925,5.2883,5.2863,5.2863,5.2863,5.2863,5.2863,5.2842,5.2842,5.2863,5.2863,5.2863,5.2863,5.2863,5.2863,5.2904,5.2946,5.2946,5.2967,5.2988,5.2988,5.2988,5.2988,5.2988,5.3009,5.303,5.303,5.303,5.3051,5.3051,5.3051,5.3072,5.3072,5.3072,5.3072,5.3093,5.3114,5.3114,5.3135,5.3177,5.3198,5.3198,5.3219,5.324,5.324,5.324,5.324,5.324,5.324,5.326,5.3302,5.3323,5.3323,5.3323,5.3344,5.3365,5.3365,5.3386,5.3407,5.3428,5.347,5.3512,5.3533,5.3575,5.3617,5.3617,5.3637,5.3658,5.3658,5.3658,5.3658,5.3637,5.3617,5.3617,5.3617,5.3617,5.3617,5.3617,5.3617,5.3617,5.3617,5.3617,5.3637,5.3658,5.3658,5.3658,5.3658,5.3658,5.3658,5.3679,5.3679,5.3658,5.3637,5.3596,5.3575,5.3575,5.3554,5.3533,5.3533,5.3512,5.3491,5.347,5.3449,5.3449,5.3449,5.3449,5.3449,5.347,5.3491,5.347,5.3449,5.3449,5.3449,5.3449,5.3428,5.3407,5.3407,5.3386,5.3344,5.3323,5.3323,5.3323,5.3323,5.3302,5.326,5.324,5.324,5.3219,5.3198,5.3198,5.3198,5.3198,5.3198,5.3198,5.3177,5.3156,5.3156,5.3156,5.3135,5.3114,5.3114,5.3114,5.3114,5.3114,5.3114,5.3114,5.3114,5.3135,5.3156,5.3156,5.3156,5.3177,5.3219,5.324,5.324,5.326,5.3281,5.3302,5.3323,5.3344,5.3386,5.3407,5.3428,5.3449,5.3449,5.3449,5.347,5.3512,5.3533,5.3554,5.3575,5.3617,5.3658,5.3658,5.37,5.3742,5.3784,5.3847,5.3868,5.391,5.3973,5.4014,5.4056,5.4098,5.4161,5.4224,5.4266,5.4308,5.4329,5.435,5.4391,5.4412,5.4433,5.4496,5.4538,5.4559,5.4601,5.4643,5.4685,5.4727,5.4768,5.4831,5.4915,5.4978,5.5041,5.5104,5.5166,5.5229,5.5292,5.5355,5.5418,5.546,5.5481,5.5522,5.5564,5.5606,5.5606,5.5606,5.5627,5.5648,5.569,5.5732,5.5732,5.5732,5.5774,5.5816,5.5858,5.5878,5.5899,5.5941,5.5962,5.6004,5.6046,5.6067,5.6088,5.6088,5.6109,5.613,5.613,5.613,5.6151,5.6151,5.6151,5.6172,5.6172,5.6193,5.6193,5.6193,5.6235,5.6276,5.6318,5.6339,5.6339,5.636,5.6381,5.6402,5.6423,5.6423,5.6423,5.6423,5.6444,5.6465,5.6486,5.6528,5.6549,5.6549,5.657,5.6591,5.6591,5.6611,5.6632,5.6632,5.6632,5.6653,5.6674,5.6695,5.6695,5.6674,5.6674,5.6674,5.6674,5.6653,5.6632,5.6632,5.6632,5.6632,5.6632,5.6653,5.6674,5.6695,5.6737,5.6779,5.6821,5.6863,5.6905,5.6926,5.6926,5.6947,5.6988,5.7009,5.7009,5.7009,5.7009,5.7009,5.7009,5.7009,5.6988,5.6968,5.6968,5.6988,5.7009,5.7009,5.703,5.7072,5.7114,5.7156,5.7198,5.724,5.7303,5.7365,5.7407,5.7449,5.7491,5.7533,5.7533,5.7512,5.7512,5.7533,5.7554,5.7554,5.7533,5.7512,5.7512,5.7533,5.7554,5.7554,5.7554,5.7554,5.7575,5.7596,5.7617,5.7659,5.768,5.7701,5.7742,5.7784,5.7826,5.7868,5.7931,5.7994,5.8015,5.8036,5.8057,5.8057,5.8057,5.8057,5.8057,5.8057,5.8015,5.7973,5.7931,5.7868,5.7826,5.7805,5.7763,5.7701,5.768,5.7659,5.7638,5.7617,5.7617,5.7638,5.7659,5.7659,5.7659,5.7701,5.7742,5.7784,5.7847,5.7889,5.791,5.7931,5.7931,5.7952,5.7952,5.7931,5.791,5.7868,5.7847,5.7805,5.7742,5.7722,5.7701,5.7659,5.7617,5.7575,5.7554,5.7554,5.7533,5.7533,5.7575,5.7596,5.7596,5.7617,5.7659,5.7701,5.7742,5.7784,5.7805,5.7826,5.7826,5.7826,5.7826,5.7805,5.7805,5.7784,5.7742,5.7722,5.7722,5.7701,5.7659,5.7638,5.7617,5.7575,5.7533,5.7512,5.7512,5.7512,5.7533,5.7533,5.7533,5.7575,5.7617,5.768,5.7742,5.7805,5.7889,5.7952,5.7973,5.8015,5.8078,5.8099,5.8119,5.814,5.8161,5.8161,5.8161,5.8182,5.8182,5.8182,5.8182,5.8182,5.8182,5.8161,5.8161,5.8182,5.8203,5.8245,5.8287,5.8329,5.8371,5.8455,5.8538,5.858,5.8664,5.8748,5.879,5.8853,5.8915,5.8978,5.9041,5.9083,5.9104,5.9125,5.9146,5.9146,5.9167,5.9188,5.9188,5.9188,5.9188,5.9188,5.9188,5.9188,5.9188,5.9209,5.9229,5.925,5.9271,5.9292,5.9334,5.9397,5.946,5.9481,5.9502,5.9544,5.9565,5.9586,5.9586,5.9586,5.9586,5.9565,5.9565,5.9544,5.9544,5.9544,5.9523,5.9502,5.9481,5.9481,5.9481,5.9481,5.9481,5.9502,5.9502,5.9481,5.9523,5.9565,5.9606,5.9669,5.9711,5.9753,5.9774,5.9795,5.9816,5.9795,5.9774,5.9753,5.9711,5.969,5.9669,5.9627,5.9606,5.9565,5.9502,5.9481,5.9439,5.9397,5.9376,5.9334,5.9313,5.9313,5.9292,5.9271,5.925,5.9229,5.9229,5.9229,5.9229,5.9229,5.925,5.9271,5.9271,5.925,5.9229,5.9229,5.9209,5.9188,5.9167,5.9125,5.9104,5.9083,5.9062,5.9041,5.8999,5.8978,5.8936,5.8894,5.8873,5.8853,5.8853,5.8832,5.8811,5.8832,5.8832,5.8832,5.8853,5.8873,5.8915,5.8936,5.8957,5.8978,5.8978,5.8978,5.8978,5.8978,5.8957,5.8936,5.8915,5.8915,5.8915,5.8873,5.8832,5.879,5.8727,5.8685,5.8664,5.8622,5.8601,5.8601,5.8601,5.8601,5.8622,5.8643,5.8643,5.8664,5.8685,5.8685,5.8685,5.8706,5.8706,5.8706,5.8706,5.8706,5.8706,5.8664,5.8643,5.8622,5.858,5.8538,5.8496,5.8455,5.8413,5.8371,5.8329,5.8266,5.8203,5.8161,5.814,5.8119,5.8078,5.8057,5.8036,5.8015,5.8015,5.8015,5.8015,5.7994,5.7994,5.8015,5.7994,5.7994,5.7994,5.7973,5.7973,5.7952,5.7931,5.7931,5.791,5.7889,5.7847,5.7784,5.7742,5.7701,5.7659,5.7617,5.7575,5.7554,5.7533,5.7491,5.7449,5.7449,5.7449,5.7428,5.7428,5.7428,5.7428,5.7428,5.7407,5.7407,5.7407,5.7386,5.7386,5.7365,5.7324,5.7303,5.7303,5.7282,5.7261,5.7261,5.724,5.7219,5.7219,5.7219,5.7219,5.7219,5.7198,5.7177,5.7177,5.7177,5.7177,5.7156,5.7156,5.7177,5.7177,5.7198,5.7219,5.724,5.7261,5.7282,5.7303,5.7324,5.7345,5.7365,5.7407,5.7428,5.7449,5.747,5.7491,5.7512,5.7512,5.7512,5.7512,5.7512,5.7512,5.7512,5.7512,5.7512,5.7512,5.7512,5.7512,5.7533,5.7554,5.7554,5.7575,5.7638,5.7701,5.7742,5.7784,5.7826,5.7847,5.7868,5.791,5.7952,5.7994,5.8015,5.7994,5.7973,5.7973,5.7973,5.7973,5.7952,5.7931,5.7931,5.791,5.7889,5.7889,5.7889,5.7889,5.7889,5.791,5.791,5.7889,5.7889,5.7868,5.7868,5.7889,5.7868,5.7847,5.7826,5.7805,5.7805,5.7805,5.7784,5.7763,5.7784,5.7805,5.7784,5.7763,5.7784,5.7784,5.7763,5.7763,5.7763,5.7742,5.7722,5.7701,5.768,5.7659,5.7617,5.7596,5.7575,5.7554,5.7533,5.7512,5.7491,5.747,5.747,5.7449,5.7428,5.7449,5.7449,5.7428,5.7449,5.7449,5.7428,5.7428,5.7407,5.7386,5.7365,5.7324,5.7282,5.724,5.7198,5.7156,5.7135,5.7114,5.7072,5.7009,5.6947,5.6926,5.6926,5.6926,5.6926,5.6905,5.6884,5.6884,5.6884,5.6863,5.6842,5.6842,5.6821,5.68,5.6779,5.6758,5.6716,5.6674,5.6653,5.6632,5.6611,5.657,5.6528,5.6507,5.6507,5.6507,5.6486,5.6465,5.6465,5.6465,5.6465,5.6444,5.6423,5.6402,5.6381,5.636,5.6339,5.6318,5.6276,5.6235,5.6193,5.6172,5.6151,5.613,5.6109,5.6088,5.6088,5.6067,5.6046,5.6046,5.6046,5.6046,5.6046,5.6025,5.6004,5.6004,5.5962,5.592,5.592,5.5878,5.5816,5.5774,5.5732,5.569,5.5648,5.5606,5.5564,5.5522,5.5481,5.546,5.5439,5.5397,5.5355,5.5313,5.5313,5.5313,5.5271,5.5229,5.5187,5.5145,5.5104,5.5062,5.502,5.4978,5.4936,5.4894,5.4852,5.4789,5.4727,5.4706,5.4685,5.4664,5.4643,5.4622,5.4601,5.458,5.458,5.458,5.4559,5.4517,5.4475,5.4454,5.4412,5.435,5.4308,5.4266,5.4203,5.414,5.4098,5.4056,5.4014,5.3952,5.391,5.3889,5.3868,5.3847,5.3805,5.3784,5.3763,5.3742,5.3721,5.37,5.37,5.3679,5.3637,5.3596,5.3554,5.3512,5.3491,5.347,5.3365,5.326,5.3219,5.3177,5.3156,5.3156,5.3156,5.3135,5.3114,5.3114,5.3114,5.3114,5.3114,5.3114,5.3114,5.3114,5.3114,5.3114,5.3114,5.3093,5.3072,5.3093,5.3114,5.3114,5.3114,5.3114,5.3114,5.3093,5.3093,5.3135,5.3156,5.3156,5.3177,5.3219,5.324,5.324,5.326,5.3281,5.3302,5.3323,5.3344,5.3344,5.3323,5.3344,5.3365,5.3365,5.3365,5.3407,5.3449,5.3449,5.347,5.3512,5.3533,5.3575,5.3617,5.3637,5.37,5.3742,5.3763,5.3805,5.3868,5.391,5.3931,5.3973,5.3994,5.4014,5.4014,5.4014,5.4035,5.4035,5.4056,5.4077,5.4077,5.4077,5.4098,5.4182,5.4266,5.4287,5.4287,5.4287,5.4308,5.4329,5.4329,5.435,5.437,5.437,5.437,5.437,5.437,5.435,5.4329,5.4329,5.4329,5.4329,5.4329,5.4329,5.4308,5.4287,5.4287,5.4287,5.4287,5.4287,5.4308,5.4329,5.4329,5.4329,5.435,5.437,5.435,5.435,5.437,5.435,5.4329,5.4308,5.4287,5.4266,5.4245,5.4245,5.4224,5.4203,5.4203,5.4203,5.4182,5.4161,5.4161,5.414,5.4119,5.414,5.414,5.414,5.414,5.4098,5.4098,5.4098,5.4056,5.4035,5.4035,5.4014,5.3973,5.3952,5.3931,5.3931,5.391,5.3889,5.391,5.3889,5.3868,5.3868,5.3868,5.3868,5.3868,5.3868,5.3889,5.391,5.391,5.3889,5.3868,5.3889,5.3889,5.3868,5.3868,5.3847,5.3826,5.3826,5.3826,5.3826,5.3826,5.3826,5.3826,5.3826,5.3826,5.3826,5.3826,5.3826,5.3826,5.3847,5.3868,5.3868,5.3847,5.3847,5.3868,5.3847,5.3826,5.3826,5.3805,5.3784,5.3784,5.3763,5.3742,5.3742,5.3742,5.3742,5.3742,5.3742,5.3742,5.3742,5.3742,5.3763,5.3784,5.3784,5.3784,5.3784,5.3763,5.3742,5.3721,5.37,5.37,5.3658,5.3617,5.3617,5.3575,5.3533,5.3512,5.3491,5.347,5.3449,5.3407,5.3386,5.3386,5.3344,5.3323,5.3302,5.3281,5.3281,5.324,5.3198,5.3177,5.3135,5.3093,5.3051,5.3009,5.2988,5.2946,5.2883,5.2842,5.28,5.2779,5.2758,5.2716,5.2674,5.2653,5.2632,5.259,5.2569,5.2548,5.2527,5.2506,5.2486,5.2465,5.2444,5.2402,5.2339,5.2318,5.2297,5.2234,5.2171,5.2129,5.2088,5.2046,5.2004,5.1983,5.1962,5.1941,5.192,5.1878,5.1836,5.1815,5.1794,5.1773,5.1753,5.1732,5.1711,5.1669,5.1627,5.1585,5.1564,5.1543,5.1522,5.1501,5.1459,5.1417,5.1376,5.1376,5.1376,5.1334,5.1313,5.1292,5.1271,5.125,5.125,5.125,5.1229,5.1208,5.1187,5.1187,5.1187,5.1187,5.1187,5.1166,5.1145,5.1124,5.1103,5.1082,5.1061,5.1061,5.1061,5.104,5.1019,5.1019,5.1019,5.1019,5.104,5.1061,5.1061,5.1061,5.104,5.104,5.1061,5.104,5.104,5.104,5.1019,5.1019,5.1019,5.0999,5.0978,5.0999,5.0999,5.0978,5.0978,5.0978,5.0978,5.0978,5.0978,5.0978,5.0978,5.0978,5.0978,5.0999,5.1019,5.1019,5.1019,5.1019,5.1019,5.1019,5.1019,5.104,5.104,5.104,5.1061,5.1061,5.1061,5.104,5.104,5.1061,5.1061,5.1061,5.104,5.1019,5.1019,5.104,5.1061,5.1061,5.1061,5.104,5.1019,5.1019,5.1019,5.0999,5.0978,5.0957,5.0915,5.0873,5.0852,5.0852,5.0852,5.0852,5.0831,5.081,5.081,5.0789,5.0768,5.0747,5.0726,5.0705,5.0684,5.0663,5.0622,5.0601,5.058,5.0559,5.0538,5.0517,5.0517,5.0496,5.0454,5.0433,5.0412,5.0391,5.037,5.0349,5.0307,5.0265,5.0245,5.0224,5.0203,5.0161,5.014,5.0119,5.0077,5.0035,4.9993,4.9951,4.9909,4.9868,4.9826,4.9784,4.9763,4.9721,4.9679,4.9658,4.9595,4.9553,4.9512,4.947,4.9449,4.9407,4.9365,4.9323,4.9281,4.9239,4.9197,4.9176,4.9155,4.9114,4.9072,4.903,4.8988,4.8967,4.8946,4.8925,4.8904,4.8862,4.8841,4.882,4.8799,4.8799,4.8799,4.8778,4.8737,4.8695,4.8674,4.8674,4.8653,4.8611,4.859,4.8569,4.8548,4.8527,4.8506,4.8485,4.8443,4.8422,4.8401,4.8401,4.8401,4.836,4.8318,4.8276,4.8255,4.8255,4.8234,4.8192,4.815,4.815,4.815,4.8129,4.8108,4.8087,4.8066,4.8066,4.8066,4.8045,4.8045,4.8045,4.8024,4.8004,4.8004,4.7983,4.7962,4.7962,4.7941,4.7899,4.7878,4.7857,4.7815,4.7794,4.7794,4.7794,4.7773,4.7731,4.771,4.771,4.7689,4.7689,4.7689,4.7668,4.7647,4.7627,4.7627,4.7585,4.7543,4.7543,4.7522,4.748,4.7438,4.7417,4.7396,4.7354,4.7333,4.7312,4.727,4.7229,4.7208,4.7187,4.7166,4.7124,4.7082,4.7082,4.7061,4.704,4.7019,4.6977,4.6956,4.6935,4.6894,4.6873,4.6852,4.681,4.6747,4.6684,4.6642,4.6621,4.66,4.6537,4.6475,4.6433,4.6391,4.637,4.6328,4.6265,4.6244,4.6223,4.6181,4.616,4.6119,4.6098,4.6077,4.6014,4.5972,4.5951,4.593,4.5888,4.5846,4.5804,4.5763,4.5721,4.5679,4.5637,4.5595,4.5553,4.5511,4.5448,4.5386,4.5344,4.5302,4.5281,4.526,4.5218,4.5155,4.5134,4.5134,4.5092,4.5071,4.505,4.5029,4.5009,4.4988,4.4967,4.4946,4.4925,4.4883,4.4883,4.4883,4.4841,4.4799,4.4778,4.4778,4.4757,4.4736,4.4715,4.4694,4.4673,4.4653,4.4653,4.4632,4.4632,4.4653,4.4632,4.4632,4.4653,4.4653,4.4653,4.4673,4.4694,4.4694,4.4715,4.4715,4.4694,4.4715,4.4736,4.4736,4.4736,4.4736,4.4736,4.4736,4.4715,4.4694,4.4694,4.4694,4.4694,4.4673,4.4673,4.4694,4.4715,4.4715,4.4715,4.4736,4.4757,4.4778,4.4799,4.4841,4.4862,4.4883,4.4904,4.4904,4.4904,4.4925,4.4946,4.4946,4.4967,4.4967,4.4946,4.4967,4.4988,4.4988,4.5009,4.5029,4.5029,4.505,4.5092,4.5134,4.5134,4.5134,4.5176,4.5218,4.5239,4.5239,4.526,4.5281,4.5302,4.5344,4.5344,4.5344,4.5365,4.5386,4.5427,4.5448,4.5448,4.5448,4.5469,4.5469,4.5469,4.549,4.549,4.549,4.549,4.549,4.5469,4.5469,4.549,4.549,4.549,4.5511,4.5532,4.5532,4.5553,4.5574,4.5574,4.5574,4.5574,4.5595,4.5616,4.5616,4.5595,4.5595,4.5616,4.5595,4.5574,4.5553,4.5532,4.5511,4.549,4.5469,4.5448,4.5427,4.5406,4.5406,4.5386,4.5386,4.5406,4.5427,4.5427,4.5427,4.5448,4.5448,4.5448,4.5448,4.5448,4.5448,4.5427,4.5386,4.5365,4.5344,4.5302,4.526,4.5239,4.5239,4.5218,4.5176,4.5134,4.5134,4.5134,4.5092,4.5092,4.5092,4.5071,4.5071,4.5071,4.5071,4.5071,4.505,4.505,4.505,4.5029,4.5029,4.5029,4.5009,4.4988,4.4988,4.4988,4.4988,4.4988,4.4988,4.4988,4.4988,4.4988,4.4988,4.4988,4.4967,4.4967,4.4967,4.4967,4.4967,4.4967,4.4988,4.4988,4.4988,4.4988,4.5009,4.5009,4.5009,4.5029,4.5029,4.5029,4.505,4.5071,4.5071,4.5071,4.5071,4.5071,4.505,4.505,4.5071,4.505,4.5029,4.5009,4.5009,4.5009,4.5009,4.5009,4.4988,4.5009,4.5029,4.5029,4.505,4.5071,4.5092,4.5134,4.5155,4.5176,4.5176,4.5155,4.5176,4.5197,4.5197,4.5176,4.5176,4.5197,4.5176,4.5176,4.5176,4.5155,4.5155,4.5155,4.5155,4.5155,4.5155,4.5176,4.5197,4.5197,4.5218,4.5239,4.526,4.526,4.5239,4.5239,4.5239,4.526,4.526,4.5239,4.5218,4.5218,4.5218,4.5197,4.5197,4.5197,4.5176,4.5155,4.5155,4.5155,4.5134,4.5113,4.5113,4.5092,4.5071,4.5071,4.5071,4.5071,4.5071,4.505,4.5029,4.505,4.5071,4.5071,4.5071,4.5071,4.505,4.5029,4.5029,4.5029,4.5009,4.4967,4.4946,4.4925,4.4883,4.4862,4.4841,4.4778,4.4736,4.4715,4.4694,4.4673,4.4632,4.4632,4.4632,4.4611,4.4611,4.4611,4.4611,4.4611,4.4632,4.4632,4.4611,4.4611,4.459,4.4569,4.4569,4.4548,4.4527,4.4506,4.4485,4.4464,4.4422,4.4401,4.438,4.4338,4.4317,4.4296,4.4296,4.4317,4.4296,4.4296,4.4296,4.4276,4.4296,4.4317,4.4317,4.4317,4.4338,4.4359,4.4359,4.438,4.4401,4.438,4.438,4.4401,4.4401,4.4422,4.4443,4.4443,4.4443,4.4443,4.4443,4.4443,4.4464,4.4485,4.4464,4.4443,4.4464,4.4485,4.4485,4.4506,4.4527,4.4548,4.4569,4.4611,4.4653,4.4673,4.4715,4.4757,4.4799,4.482,4.4862,4.4904,4.4925,4.4946,4.4967,4.4988,4.4967,4.4967,4.4988,4.5009,4.5009,4.5009,4.5029,4.5029,4.505,4.5092,4.5134,4.5176,4.5218,4.526,4.5302,4.5344,4.5386,4.5427,4.5448,4.5469,4.5511,4.5553,4.5595,4.5637,4.5679,4.57,4.5721,4.5763,4.5783,4.5804,4.5846,4.5867,4.5909,4.5951,4.5972,4.6014,4.6035,4.6077,4.6119,4.616,4.6223,4.6265,4.6307,4.637,4.6412,4.6454,4.6517,4.6537,4.6579,4.6642,4.6705,4.6747,4.6768,4.6831,4.6894,4.6914,4.6956,4.7019,4.704,4.7082,4.7124,4.7145,4.7187,4.7229,4.725,4.727,4.7312,4.7333,4.7375,4.7417,4.7438,4.7459,4.748,4.7522,4.7564,4.7606,4.7627,4.7647,4.7668,4.7689,4.771,4.7731,4.7752,4.7752,4.7752,4.7752,4.7752,4.7773,4.7794,4.7794,4.7815,4.7836,4.7857,4.792,4.7962,4.7962,4.7983,4.8004,4.8024,4.8045,4.8045,4.8045,4.8045,4.8045,4.8045,4.8045,4.8066,4.8066,4.8045,4.8045,4.8045,4.8045,4.8045,4.8045,4.8045,4.8045,4.8024,4.8024,4.8024,4.8024,4.8024,4.8024,4.8045,4.8045,4.8045,4.8024,4.8004,4.8024,4.8024,4.8004,4.8004,4.7983,4.7983,4.8004,4.7983,4.7983,4.8004,4.7983,4.7983,4.8024,4.8024,4.8024,4.8045,4.8045,4.8045,4.8066,4.8108,4.8129,4.8129,4.8129,4.815,4.8171,4.8192,4.8213,4.8234,4.8255,4.8276,4.8297,4.8318,4.8339,4.836,4.8381,4.8381,4.8401,4.8422,4.8422,4.8443,4.8443,4.8422,4.8443,4.8485,4.8485,4.8485,4.8506,4.8506,4.8527,4.8548,4.8569,4.8611,4.8632,4.8653,4.8653,4.8653,4.8674,4.8695,4.8716,4.8716,4.8716,4.8737,4.8758,4.8778,4.882,4.8841,4.8862,4.8883,4.8904,4.8925,4.8946,4.8967,4.8988,4.903,4.9072,4.9093,4.9114,4.9135,4.9155,4.9197,4.9197,4.9197,4.9218,4.9218,4.9239,4.926,4.926,4.926,4.926,4.926,4.9281,4.9302,4.9302,4.9302,4.9302,4.9323,4.9323,4.9323,4.9344,4.9344,4.9344,4.9344,4.9323,4.9323,4.9323,4.9302,4.9302,4.9302,4.9281,4.926,4.926,4.9239,4.9239,4.9239,4.9218,4.9218,4.9218,4.9197,4.9176,4.9197,4.9218,4.9197,4.9197,4.9218,4.9218,4.9218,4.9197,4.9197,4.9218,4.9218,4.9218,4.9218,4.9197,4.9176,4.9176,4.9176,4.9155,4.9135,4.9114,4.9093,4.9072,4.9051,4.903,4.9009,4.9009,4.9009,4.9009,4.9009,4.8988,4.8967,4.8967,4.8967,4.8988,4.9009,4.9009,4.903,4.9051,4.9072,4.9072,4.9051,4.9072,4.9093,4.9093,4.9114,4.9135,4.9135,4.9135,4.9176,4.9218,4.9218,4.9239,4.9281,4.9302,4.9302,4.9344,4.9386,4.9407,4.9449,4.947,4.9491,4.9553,4.9595,4.9616,4.9658,4.97,4.9721,4.9742,4.9763,4.9784,4.9805,4.9847,4.9888,4.9909,4.9951,4.9972,4.9993,5.0056,5.0098,5.0119,5.0161,5.0203,5.0245,5.0265,5.0286,5.0328,5.037,5.0412,5.0454,5.0496,5.0538,5.058,5.0622,5.0663,5.0726,5.0768,5.081,5.0873,5.0936,5.0999,5.104,5.1082,5.1124,5.1166,5.1208,5.125,5.1292,5.1334,5.1355,5.1376,5.1417,5.1438,5.1459,5.148,5.1522,5.1564,5.1564,5.1585,5.1606,5.1627,5.1669,5.169,5.1711,5.1711,5.1711,5.1753,5.1753,5.1753,5.1773,5.1794,5.1794,5.1794,5.1815,5.1836,5.1857,5.1878,5.1878,5.1857,5.1878,5.1899,5.192,5.1941,5.1962,5.2004,5.2025,5.2046,5.2067,5.2067,5.2088,5.2109,5.2129,5.215,5.2129,5.2129,5.215,5.2171,5.2171,5.2171,5.2213,5.2213,5.2213,5.2234,5.2234,5.2255,5.2276,5.2297,5.2318,5.2318,5.2318,5.2318,5.2339,5.236,5.236,5.236,5.236,5.2381,5.2402,5.2381,5.2381,5.2402,5.2402,5.2402,5.2402,5.2402,5.2402,5.2402,5.2402,5.2402,5.2423,5.2444,5.2465,5.2506,5.2527,5.2548,5.2569,5.2569,5.2611,5.2653,5.2674,5.2695,5.2695,5.2737,5.2779,5.28,5.2821,5.2821,5.2821,5.2842,5.2863,5.2883,5.2904,5.2925,5.2967,5.2988,5.3009,5.303,5.3051,5.3072,5.3072,5.3093,5.3114,5.3114,5.3135,5.3177,5.3198,5.3198,5.3177,5.3177,5.3198,5.3198,5.3198,5.3219,5.324,5.324,5.326,5.3281,5.3302,5.3344,5.3365,5.3386,5.3407,5.3428,5.3491,5.3533,5.3554,5.3575,5.3575,5.3596,5.3617,5.3617,5.3596,5.3575,5.3596,5.3596,5.3596,5.3617,5.3617,5.3596,5.3596,5.3617,5.3617,5.3637,5.3658,5.3658,5.3658,5.3658,5.3658,5.3658,5.3658,5.3658,5.3658,5.3637,5.3617,5.3617,5.3596,5.3575,5.3554,5.3512,5.3491,5.347,5.347,5.347,5.3449,5.3449,5.3428,5.3407,5.3407,5.3407,5.3407,5.3407,5.3407,5.3407,5.3407,5.3407,5.3407,5.3386,5.3365,5.3365,5.3344,5.3302,5.3281,5.3281,5.3281,5.326,5.324,5.3219,5.3198,5.3198,5.3177,5.3156,5.3156,5.3135,5.3114,5.3114,5.3114,5.3114,5.3093,5.3051,5.303,5.3009,5.2988,5.2988,5.2967,5.2946,5.2925,5.2904,5.2904,5.2904,5.2883,5.2863,5.2863,5.2863,5.2883,5.2904,5.2904,5.2904,5.2925,5.2946,5.2946,5.2946,5.2946,5.2967,5.2988,5.2988,5.2988,5.2988,5.2988,5.2988,5.2967,5.2967,5.2988,5.2988,5.3009,5.303,5.3051,5.3072,5.3114,5.3156,5.3156,5.3198,5.324,5.324,5.326,5.3281,5.3302,5.3323,5.3323,5.3344,5.3365,5.3365,5.3407,5.3449,5.347,5.3491,5.3512,5.3554,5.3596,5.3637,5.3679,5.3721,5.3784,5.3826,5.3847,5.391,5.3973,5.4014,5.4035,5.4056,5.4098,5.4119,5.4119,5.414,5.4161,5.4182,5.4203,5.4224,5.4245,5.4245,5.4266,5.4308,5.4329,5.435,5.437,5.4391,5.4433,5.4454,5.4475,5.4496,5.4496,5.4517,5.4538,5.4538,5.4538,5.4538,5.4538,5.4559,5.4559,5.4538,5.4538,5.4538,5.4538,5.4559,5.458,5.4601,5.4622,5.4622,5.4643,5.4664,5.4664,5.4664,5.4685,5.4685,5.4664,5.4664,5.4643,5.4643,5.4664,5.4643,5.4622,5.4601,5.458,5.458,5.458,5.458,5.458,5.4559,5.4538,5.4538,5.4538,5.4559,5.4559,5.4559,5.4559,5.4559,5.458,5.4559,5.4559,5.4559,5.4538,5.4517,5.4475,5.4475,5.4475,5.4433,5.4391,5.437,5.435,5.4329,5.4329,5.4329,5.4308,5.4308,5.4329,5.4329,5.4329,5.435,5.437,5.4391,5.4412,5.4412,5.4433,5.4454,5.4475,5.4496,5.4475,5.4475,5.4475,5.4454,5.4454,5.4454,5.4454,5.4454,5.4454,5.4475,5.4496,5.4496,5.4496,5.4496,5.4517,5.4559,5.4601,5.4601,5.4601,5.4643,5.4685,5.4685,5.4685,5.4706,5.4727,5.4747,5.4747,5.4747,5.4747,5.4768,5.4789,5.481,5.4831,5.4831,5.4831,5.4852,5.4894,5.4936,5.4957,5.4978,5.4999,5.502,5.5041,5.5062,5.5083,5.5062,5.5062,5.5083,5.5104,5.5104,5.5104,5.5124,5.5124,5.5124,5.5124,5.5124,5.5145,5.5166,5.5166,5.5166,5.5166,5.5166,5.5166,5.5166,5.5145,5.5145,5.5145,5.5124,5.5104,5.5083,5.5083,5.5062,5.502,5.4978,5.4978,5.4999,5.4978,5.4978,5.4999,5.502,5.5041,5.5041,5.5041,5.5062,5.5062,5.5041,5.5062,5.5062,5.5041,5.5041,5.502,5.4978,5.4957,5.4936,5.4915,5.4894,5.4873,5.4873,5.4873,5.4852,5.4852,5.4852,5.4852,5.4894,5.4894,5.4894,5.4915,5.4936,5.4957,5.4978,5.4999,5.4999,5.4999,5.4999,5.4999,5.4978,5.4957,5.4957,5.4936,5.4915,5.4915,5.4915,5.4894,5.4873,5.4873,5.4873,5.4894,5.4915,5.4936,5.4978,5.502,5.5041,5.5062,5.5104,5.5124,5.5145,5.5187,5.5229,5.5271,5.5313,5.5334,5.5376,5.5418,5.5439,5.5481,5.5501,5.5522,5.5564,5.5606,5.5606,5.5606,5.5648,5.5648,5.5648,5.5669,5.569,5.5711,5.5732,5.5753,5.5774,5.5816,5.5858,5.5899,5.5962,5.6004,5.6046,5.613,5.6214,5.6318,5.6402,5.6465,5.6549,5.6611,5.6653,5.6716,5.6758,5.68,5.6842,5.6842,5.6863,5.6884,5.6905,5.6926,5.6926,5.6926,5.6926,5.6926,5.6947,5.6968,5.6968,5.7009,5.7051,5.7072,5.7135,5.7177,5.7219,5.7282,5.7345,5.7407,5.747,5.7533,5.7575,5.7617,5.7638,5.7659,5.7701,5.7722,5.7742,5.7763,5.7763,5.7763,5.7763,5.7742,5.7742,5.7763,5.7763,5.7742,5.7742,5.7763,5.7763,5.7784,5.7805,5.7826,5.7868,5.791,5.7952,5.7994,5.8057,5.8119,5.8161,5.8203,5.8245,5.8287,5.8308,5.8329,5.835,5.835,5.835,5.835,5.835,5.8329,5.8308,5.8287,5.8245,5.8224,5.8203,5.8182,5.8182,5.8203,5.8203,5.8203,5.8224,5.8245,5.8287,5.8329,5.8371,5.8392,5.8413,5.8476,5.8538,5.858,5.8601,5.8601,5.8622,5.8664,5.8664,5.8664,5.8685,5.8664,5.8664,5.8664,5.8643,5.8622,5.8601,5.8601,5.858,5.8559,5.8559,5.8559,5.8559,5.8559,5.858,5.8601,5.8622,5.8664,5.8727,5.879,5.8832,5.8853,5.8873,5.8915,5.8957,5.8957,5.8957,5.8999,5.8999,5.8999,5.8999,5.8978,5.8978,5.8978,5.8978,5.8978,5.8978,5.8978,5.8978,5.8978,5.8978,5.8999,5.902,5.9062,5.9104,5.9146,5.9209,5.925,5.9313,5.9355,5.9376,5.9397,5.9397,5.9397,5.9397,5.9376,5.9334,5.9313,5.9313,5.9292,5.9229,5.9167,5.9125,5.9083,5.9041,5.902,5.8978,5.8915,5.8894,5.8894,5.8894,5.8873,5.8853,5.8873,5.8894,5.8894,5.8915,5.8915,5.8915,5.8936,5.8957,5.8957,5.8936,5.8936,5.8915,5.8894,5.8894,5.8873,5.8832,5.879,5.8748,5.8706,5.8685,5.8643,5.858,5.8559,5.8538,5.8496,5.8476,5.8476,5.8476,5.8476,5.8476,5.8496,5.8496,5.8496,5.8517,5.8538,5.8559,5.8559,5.8559,5.8559,5.8538,5.8517,5.8517,5.8496,5.8476,5.8455,5.8413,5.8371,5.8329,5.8287,5.8266,5.8245,5.8224,5.8203,5.8182,5.8182,5.8203,5.8224,5.8245,5.8287,5.8329,5.835,5.8371,5.8434,5.8496,5.8538,5.858,5.8622,5.8643,5.8664,5.8706,5.8706,5.8706,5.8727,5.8748,5.8769,5.8769,5.8769,5.8769,5.8748,5.8769,5.8811,5.8811,5.8811,5.8832,5.8853,5.8873,5.8915,5.8936,5.8957,5.902,5.9083,5.9125,5.9188,5.925,5.9292,5.9334,5.9376,5.9418,5.946,5.9523,5.9565,5.9565,5.9586,5.9606,5.9606,5.9606,5.9606,5.9606,5.9586,5.9565,5.9544,5.9523,5.9523,5.9502,5.9502,5.9523,5.9502,5.9502,5.9523,5.9544,5.9565,5.9565,5.9565,5.9565,5.9565,5.9544,5.9523,5.9544,5.9565,5.9544,5.9523,5.9502,5.9481,5.946,5.9439,5.9418,5.9397,5.9376,5.9355,5.9334,5.9292,5.9271,5.925,5.9229,5.9229,5.9229,5.9229,5.9229,5.9229,5.9229,5.9209,5.9188,5.9188,5.9209,5.9209,5.9188,5.9188,5.9188,5.9188,5.9188,5.9188,5.9167,5.9146,5.9146,5.9104,5.9041,5.902,5.8978,5.8936,5.8894,5.8853,5.8832,5.879,5.8769,5.8748,5.8706,5.8685,5.8685,5.8685,5.8685,5.8685,5.8706,5.8727,5.8727,5.8727,5.8748,5.8748,5.8727,5.8748,5.8748,5.8706,5.8685,5.8685,5.8664,5.8622,5.8601,5.8601,5.858,5.8559,5.8538,5.8538,5.8538,5.8496,5.8476,5.8476,5.8476,5.8476,5.8476,5.8476,5.8476,5.8476,5.8476,5.8476,5.8476,5.8476,5.8496,5.8517,5.8517,5.8517,5.8517,5.8517,5.8517,5.8517,5.8496,5.8476,5.8476,5.8455,5.8434,5.8413,5.8371,5.8329,5.8287,5.8245,5.8203,5.8161,5.8119,5.8099,5.8078,5.8036,5.8015,5.8015,5.7994,5.7973,5.7973,5.7973,5.7952,5.7931,5.791,5.7868,5.7826,5.7805,5.7763,5.7701,5.7659,5.7596,5.7512,5.7449,5.7386,5.7324,5.7282,5.7219,5.7177,5.7156,5.7093,5.7051,5.7051,5.703,5.6988,5.6968,5.6968,5.6926,5.6884,5.6863,5.6821,5.6779,5.6737,5.6695,5.6653,5.6611,5.657,5.6507,5.6465,5.6423,5.6381,5.6339,5.6297,5.6276,5.6255,5.6235,5.6214,5.6172,5.6109,5.6088,5.6067,5.6025,5.5983,5.5941,5.5878,5.5837,5.5795,5.5732,5.5711,5.5669,5.5606,5.5585,5.5564,5.5543,5.5543,5.5543,5.5543,5.5543,5.5543,5.5522,5.5501,5.5501,5.5501,5.5501,5.5481,5.5439,5.5397,5.5376,5.5355,5.5313,5.5292,5.5271,5.5229,5.5229,5.5229,5.5208,5.5208,5.5229,5.525,5.525,5.5271,5.5292,5.5313,5.5313,5.5292,5.5292,5.5292,5.5292,5.5292,5.5292,5.5271,5.525,5.525,5.525,5.5271,5.5271,5.5271,5.5292,5.5313,5.5355,5.5376,5.5397,5.546,5.5501,5.5522,5.5543,5.5564,5.5585,5.5585,5.5564,5.5543,5.5543,5.5543,5.5543,5.5522,5.5501,5.5481,5.546,5.546,5.546,5.546,5.546,5.5481,5.5501,5.5501,5.5522,5.5543,5.5564,5.5585,5.5564,5.5543,5.5522,5.5501,5.5481,5.5481,5.546,5.5397,5.5355,5.5334,5.5334,5.5313,5.5292,5.5292,5.5292,5.5292,5.5271,5.5271,5.5292,5.5292,5.5292,5.5271,5.5271,5.5271,5.5229,5.5208,5.5208,5.5187,5.5145,5.5124,5.5104,5.5083,5.5062,5.5041,5.5041,5.502,5.4999,5.4999,5.4999,5.4999,5.4978,5.4978,5.4978,5.4957,5.4936,5.4915,5.4894,5.4852,5.481,5.4768,5.4727,5.4685,5.4643,5.4601,5.4559,5.4538,5.4517,5.4475,5.4454,5.4433,5.4433,5.4433,5.4433,5.4454,5.4454,5.4454,5.4454,5.4454,5.4433,5.4412,5.4412,5.4391,5.435,5.4308,5.4266,5.4245,5.4224,5.4203,5.4182,5.4161,5.414,5.414,5.4161,5.4161,5.4161,5.4161,5.4161,5.4161,5.4161,5.4161,5.4161,5.4182,5.4182,5.4161,5.414,5.4119,5.4119,5.4077,5.4035,5.4035,5.4035,5.4014,5.4014,5.4035,5.4035,5.4056,5.4077,5.4098,5.4098,5.4098,5.414,5.4161,5.4161,5.4161,5.4161,5.4161,5.414,5.4119,5.4098,5.4077,5.4056,5.4035,5.4035,5.3994,5.3952,5.3952,5.3952,5.3952,5.3931,5.391,5.391,5.391,5.391,5.3931,5.3952,5.3931,5.391,5.3889,5.3868,5.3826,5.3784,5.3763,5.3742,5.3721,5.3679,5.3637,5.3617,5.3596,5.3575,5.3554,5.3533,5.3512,5.3491,5.347,5.3449,5.3428,5.3407,5.3407,5.3407,5.3365,5.3323,5.3323,5.3323,5.3281,5.324,5.3219,5.3177,5.3135,5.3093,5.3072,5.3051,5.3009,5.3009,5.3009,5.2988,5.2967,5.2946,5.2925,5.2904,5.2883,5.2842,5.2821,5.28,5.2779,5.2758,5.2716,5.2695,5.2674,5.2653,5.2611,5.2569,5.2569,5.2548,5.2527,5.2527,5.2506,5.2486,5.2465,5.2465,5.2486,5.2465,5.2444,5.2444,5.2465,5.2486,5.2486,5.2486,5.2486,5.2465,5.2444,5.2423,5.2402,5.2402,5.2402,5.2423,5.2423,5.2402,5.2381,5.2381,5.2402,5.2402,5.2402,5.2402,5.2402,5.2402,5.2402,5.2423,5.2444,5.2444,5.2444,5.2465,5.2486,5.2486,5.2465,5.2465,5.2486,5.2465,5.2444,5.2444,5.2444,5.2444,5.2444,5.2444,5.2465,5.2486,5.2506,5.2527,5.2527,5.2548,5.2569,5.259,5.2611,5.2611,5.2632,5.2674,5.2695,5.2695,5.2695,5.2695,5.2695,5.2695,5.2674,5.2653,5.2632,5.2632,5.2632,5.2611,5.2611,5.2611,5.259,5.259,5.259,5.259,5.259,5.2569,5.259,5.2611,5.259,5.2569,5.2569,5.2548,5.2527,5.2506,5.2486,5.2465,5.2444,5.2444,5.2423,5.2381,5.2339,5.2339,5.2339,5.2318,5.2297,5.2255,5.2255,5.2255,5.2234,5.2234,5.2234,5.2213,5.2192,5.2171,5.215,5.2129,5.2088,5.2067,5.2046,5.2025,5.2004,5.1962,5.1941,5.192,5.1899,5.1878,5.1857,5.1857,5.1857,5.1836,5.1815,5.1794,5.1773,5.1773,5.1753,5.1732,5.1732,5.1711,5.169,5.1648,5.1585,5.1564,5.1543,5.1501,5.1459,5.1417,5.1396,5.1396,5.1376,5.1355,5.1334,5.1313,5.1292,5.1271,5.125,5.125,5.125,5.1229,5.1229,5.1229,5.1208,5.1187,5.1166,5.1166,5.1166,5.1124,5.1124,5.1124,5.1103,5.1082,5.1061,5.1061,5.104,5.1019,5.1019,5.1019,5.0999,5.0978,5.0978,5.0978,5.0978,5.0957,5.0936,5.0936,5.0915,5.0894,5.0894,5.0873,5.0873,5.0894,5.0894,5.0873,5.0831,5.081,5.081,5.081,5.081,5.081,5.0789,5.0768,5.0768,5.0768,5.0747,5.0726,5.0726,5.0705,5.0684,5.0705,5.0705,5.0684,5.0663,5.0642,5.0642,5.0622,5.0601,5.0601,5.058,5.0559,5.0559,5.0538,5.0517,5.0496,5.0454,5.0433,5.0412,5.0391,5.037,5.0349,5.0328,5.0286,5.0245,5.0203,5.0182,5.014,5.0098,5.0077,5.0035,4.9993,4.9951,4.9909,4.9888,4.9847,4.9805,4.9784,4.9742,4.97,4.9658,4.9616,4.9574,4.9532,4.9491,4.9449,4.9407,4.9365,4.9323,4.9302,4.9281,4.9239,4.9197,4.9155,4.9114,4.9072,4.903,4.8967,4.8925,4.8904,4.8883,4.8862,4.882,4.8778,4.8737,4.8695,4.8653,4.8632,4.859,4.8527,4.8485,4.8443,4.8401,4.836,4.8318,4.8255,4.8171,4.8108,4.8066,4.8024,4.7983,4.7941,4.7899,4.7857,4.7815,4.7794,4.7773,4.7731,4.771,4.7689,4.7647,4.7627,4.7606,4.7585,4.7564,4.7543,4.7522,4.7501,4.7501,4.7459,4.7417,4.7396,4.7375,4.7354,4.7333,4.7312,4.727,4.7229,4.7208,4.7187,4.7166,4.7145,4.7145,4.7166,4.7166,4.7145,4.7124,4.7124,4.7124,4.7124,4.7124,4.7124,4.7103,4.7082,4.7061,4.704,4.704,4.704,4.7019,4.6998,4.6998,4.6998,4.6998,4.6977,4.6956,4.6956,4.6956,4.6956,4.6956,4.6956,4.6956,4.6956,4.6956,4.6977,4.6977,4.6956,4.6956,4.6956,4.6956,4.6956,4.6977,4.6998,4.6998,4.6998,4.6998,4.6977,4.6956,4.6977,4.6998,4.6998,4.6998,4.6998,4.7019,4.704,4.7061,4.7082,4.7082,4.7103,4.7124,4.7124,4.7145,4.7166,4.7166,4.7166,4.7187,4.7208,4.7208,4.7208,4.7208,4.7208,4.7208,4.7229,4.725,4.725,4.725,4.7229,4.7208,4.7208,4.7208,4.7208,4.7229,4.725,4.725,4.725,4.725,4.725,4.725,4.725,4.725,4.725,4.725,4.7229,4.7208,4.7229,4.7229,4.7208,4.7208,4.7187,4.7166,4.7145,4.7124,4.7124,4.7124,4.7103,4.7082,4.7082,4.7082,4.7082,4.7061,4.7061,4.7082,4.7082,4.7061,4.704,4.7019,4.6998,4.6977,4.6956,4.6935,4.6914,4.6894,4.6873,4.6831,4.6789,4.6768,4.6726,4.6684,4.6642,4.6621,4.66,4.6558,4.6537,4.6517,4.6496,4.6496,4.6475,4.6433,4.6412,4.6412,4.6391,4.637,4.6349,4.6328,4.6307,4.6265,4.6244,4.6223,4.6181,4.616,4.614,4.614,4.614,4.6077,4.6035,4.6035,4.6014,4.5993,4.5972,4.5951,4.5951,4.593,4.5909,4.593,4.593,4.5909,4.5888,4.5867,4.5867,4.5846,4.5825,4.5804,4.5783,4.5783,4.5763,4.5742,4.5721,4.57,4.5679,4.5658,4.5637,4.5616,4.5595,4.5553,4.5553,4.5553,4.5511,4.549,4.549,4.549,4.549,4.549,4.549,4.549,4.549,4.5469,4.5469,4.5469,4.5448,4.5427,4.5427,4.5427,4.5406,4.5386,4.5344,4.5323,4.5323,4.5302,4.526,4.5239,4.5218,4.5176,4.5176,4.5176,4.5134,4.5134,4.5134,4.5134,4.5155,4.5155,4.5176,4.5176,4.5176,4.5197,4.5197,4.5197,4.5176,4.5155,4.5176,4.5176,4.5134,4.5113,4.5092,4.5071,4.5029,4.4967,4.4946,4.4925,4.4883,4.4862,4.4841,4.482,4.482,4.4799,4.4778,4.4778,4.4778,4.4757,4.4736,4.4736,4.4736,4.4736,4.4715,4.4694,4.4673,4.4653,4.4632,4.459,4.4569,4.4548,4.4506,4.4485,4.4464,4.4422,4.438,4.4359,4.4317,4.4276,4.4255,4.4213,4.4192,4.4171,4.4129,4.4108,4.4108,4.4087,4.4045,4.4024,4.4024,4.4024,4.3982,4.394,4.394,4.394,4.3899,4.3857,4.3857,4.3815,4.3773,4.3752,4.371,4.3668,4.3626,4.3584,4.3542,4.3501,4.348,4.3459,4.3438,4.3396,4.3375,4.3396,4.3396,4.3375,4.3354,4.3354,4.3375,4.3396,4.3396,4.3417,4.3438,4.3438,4.3438,4.3438,4.3438,4.3438,4.3438,4.3438,4.3438,4.3438,4.3438,4.3417,4.3396,4.3396,4.3396,4.3396,4.3396,4.3396,4.3396,4.3417,4.3438,4.3438,4.3459,4.348,4.348,4.3501,4.3522,4.3522,4.3542,4.3563,4.3563,4.3584,4.3605,4.3605,4.3626,4.3647,4.3647,4.3668,4.3689,4.3689,4.3689,4.371,4.3731,4.3731,4.3731,4.3752,4.3773,4.3773,4.3773,4.3794,4.3815,4.3815,4.3857,4.3899,4.3919,4.394,4.3961,4.4003,4.4024,4.4045,4.4066,4.4066,4.4045,4.4024,4.4045,4.4045,4.4024,4.4024,4.4045,4.4066,4.4066,4.4066,4.4066,4.4087,4.4129,4.415,4.4171,4.4213,4.4255,4.4296,4.4317,4.4338,4.438,4.4422,4.4443,4.4464,4.4506,4.4548,4.4569,4.459,4.4611,4.4611,4.4632,4.4653,4.4673,4.4694,4.4715,4.4736,4.4736,4.4757,4.4778,4.4799,4.482,4.482,4.4841,4.4862,4.4883,4.4904,4.4925,4.4946,4.4967,4.5009,4.5029,4.505,4.5092,4.5113,4.5134,4.5155,4.5155,4.5176,4.5197,4.5197,4.5197,4.5197,4.5218,4.5239,4.5239,4.5218,4.5197,4.5197,4.5218,4.5239,4.5218,4.5218,4.5239,4.526,4.5281,4.5323,4.5365,4.5386,4.5406,4.5406,4.5427,4.5427,4.5406,4.5406,4.5386,4.5365,4.5365,4.5344,4.5323,4.5302,4.5281,4.526,4.5239,4.5239,4.5239,4.5239,4.5218,4.5218,4.5239,4.526,4.5281,4.5281,4.5281,4.5302,4.5323,4.5323,4.5323,4.5302,4.5302,4.5302,4.5302,4.5323,4.5302,4.5302,4.5323,4.5323,4.5344,4.5344,4.5344,4.5365,4.5365,4.5365,4.5386,4.5386,4.5365,4.5386,4.5386,4.5365,4.5386,4.5406,4.5406,4.5427,4.5448,4.5469,4.549,4.5511,4.5553,4.5553,4.5553,4.5595,4.5616,4.5637,4.5658,4.5658,4.5679,4.57,4.57,4.5721,4.5721,4.5721,4.5742,4.5763,4.5763,4.5763,4.5804,4.5825,4.5846,4.5888,4.593,4.5972,4.6014,4.6014,4.6014,4.6056,4.6098,4.6098,4.6098,4.6119,4.6119,4.6119,4.6119,4.614,4.614,4.6119,4.6119,4.6119,4.614,4.6181,4.6202,4.6223,4.6265,4.6307,4.637,4.6412,4.6433,4.6475,4.6517,4.6558,4.6579,4.6579,4.66,4.6621,4.6642,4.6642,4.6621,4.6642,4.6663,4.6663,4.6684,4.6705,4.6705,4.6726,4.6747,4.6747,4.6747,4.6768,4.6789,4.6789,4.6789,4.681,4.6831,4.6831,4.6852,4.6873,4.6873,4.6873,4.6873,4.6894,4.6914,4.6914,4.6914,4.6914,4.6914,4.6935,4.6935,4.6914,4.6914,4.6914,4.6914,4.6914,4.6894,4.6873,4.6873,4.6873,4.6873,4.6873,4.6894,4.6914,4.6914,4.6914,4.6935,4.6956,4.6956,4.6977,4.6998,4.6998,4.6977,4.6977,4.6998,4.6998,4.6998,4.6998,4.6977,4.6956,4.6956,4.6935,4.6914,4.6894,4.6894,4.6914,4.6914,4.6914,4.6914,4.6935,4.6956,4.6977,4.6998,4.6998,4.704,4.7082,4.7082,4.7082,4.7103,4.7124,4.7124,4.7145,4.7166,4.7166,4.7187,4.7208,4.7229,4.725,4.727,4.7312,4.7333,4.7354,4.7396,4.7438,4.748,4.7522,4.7585,4.7647,4.7668,4.7689,4.7731,4.7794,4.7836,4.7857,4.7899,4.7941,4.7983,4.8024,4.8087,4.8129,4.815,4.8213,4.8276,4.8318,4.836,4.8401,4.8443,4.8485,4.8527,4.8569,4.8611,4.8653,4.8695,4.8737,4.8778,4.882,4.8862,4.8925,4.8988,4.903,4.9072,4.9114,4.9155,4.9197,4.9239,4.9281,4.9344,4.9407,4.9449,4.9491,4.9532,4.9574,4.9616,4.9679,4.9742,4.9784,4.9826,4.9868,4.993,4.9972,5.0014,5.0077,5.0119,5.014,5.0182,5.0245,5.0265,5.0286,5.0328,5.0349,5.037,5.0391,5.0412,5.0433,5.0433,5.0454,5.0475,5.0475,5.0496,5.0517,5.0517,5.0538,5.0559,5.058,5.0601,5.0622,5.0642,5.0663,5.0684,5.0684,5.0705,5.0726,5.0726,5.0726,5.0747,5.0768,5.0768,5.0768,5.0768,5.0768,5.0768,5.0768,5.0789,5.081,5.081,5.081,5.081,5.081,5.081,5.0831,5.0852,5.0852,5.0852,5.0852,5.0852,5.0852,5.0852,5.0852,5.0873,5.0894,5.0894,5.0873,5.0873,5.0894,5.0894,5.0894,5.0894,5.0915,5.0915,5.0894,5.0915,5.0915,5.0915,5.0936,5.0936,5.0936,5.0936,5.0936,5.0957,5.0957,5.0936,5.0957,5.0978,5.0978,5.0999,5.1019,5.104,5.1082,5.1103,5.1124,5.1166,5.1208,5.125,5.1271,5.1271,5.1292,5.1313,5.1313,5.1334,5.1355,5.1355,5.1355,5.1376,5.1396,5.1417,5.1438,5.1438,5.1459,5.148,5.1501,5.1522,5.1543,5.1585,5.1606,5.1627,5.1669,5.1711,5.1732,5.1732,5.1753,5.1794,5.1815,5.1836,5.1878,5.1878,5.1878,5.1899,5.192,5.1962,5.1983,5.2004,5.2046,5.2067,5.2067,5.2088,5.2129,5.2171,5.2192,5.2234,5.2276,5.2297,5.2318,5.2318,5.2339,5.236,5.2339,5.2339,5.236,5.236,5.2381,5.2381,5.2381,5.2402,5.2402,5.2402,5.2423,5.2423,5.2423,5.2465,5.2465,5.2465,5.2465,5.2444,5.2444,5.2444,5.2444,5.2423,5.2402,5.2402,5.2402,5.2402,5.2381,5.2381,5.2381,5.236,5.2339,5.2318,5.2318,5.2318,5.2297,5.2276,5.2276,5.2255,5.2234,5.2234,5.2234,5.2213,5.2192,5.2192,5.2192,5.2192,5.2171,5.215,5.215,5.215,5.2129,5.2129,5.2129,5.2088,5.2088,5.2088,5.2067,5.2067,5.2046,5.2025,5.2025,5.2004,5.2004,5.2004,5.1983,5.1983,5.1962,5.1941,5.192,5.1899,5.1878,5.1857,5.1857,5.1857,5.1836,5.1836,5.1836,5.1815,5.1794,5.1773,5.1773,5.1773,5.1794,5.1794,5.1794,5.1815,5.1836,5.1857,5.1857,5.1878,5.1899,5.192,5.1941,5.1983,5.2025,5.2025,5.2046,5.2067,5.2067,5.2067,5.2067,5.2088,5.2109,5.2129,5.215,5.2171,5.2213,5.2213,5.2213,5.2255,5.2297,5.2339,5.2381,5.2423,5.2444,5.2465,5.2506,5.2548,5.259,5.2611,5.2611,5.2632,5.2653,5.2674,5.2695,5.2716,5.2758,5.28,5.2842,5.2863,5.2883,5.2925,5.2967,5.3009,5.3072,5.3114,5.3156,5.3219,5.326,5.3302,5.3344,5.3407,5.3449,5.347,5.3512,5.3554,5.3575,5.3596,5.3617,5.3637,5.3679,5.3721,5.3742,5.3763,5.3805,5.3847,5.3868,5.3868,5.391,5.3952,5.3973,5.4014,5.4035,5.4056,5.4077,5.4098,5.4119,5.414,5.414,5.414,5.4161,5.4161,5.4161,5.4161,5.4182,5.4203,5.4224,5.4245,5.4245,5.4266,5.4287,5.4287,5.4329,5.437,5.437,5.4391,5.4412,5.4433,5.4454,5.4454,5.4454,5.4454,5.4454,5.4454,5.4454,5.4454,5.4454,5.4454,5.4454,5.4454,5.4454,5.4454,5.4454,5.4454,5.4475,5.4496,5.4517,5.4517,5.4517,5.4517,5.4517,5.4538,5.4517,5.4496,5.4496,5.4475,5.4454,5.4454,5.4433,5.4412,5.4412,5.4412,5.4391,5.4391,5.4412,5.4412,5.4412,5.4433,5.4454,5.4454,5.4475,5.4496,5.4517,5.4538,5.4538,5.4538,5.4538,5.4538,5.4538,5.4538,5.4538,5.4538,5.4538,5.4538,5.4517,5.4517,5.4538,5.4559,5.458,5.4601,5.4622,5.4622,5.4622,5.4643,5.4685,5.4706,5.4727,5.4747,5.4747,5.4768,5.4789,5.4789,5.4789,5.481,5.4831,5.4852,5.4894,5.4894,5.4894,5.4936,5.4978,5.502,5.5062,5.5104,5.5145,5.5166,5.5166,5.5187,5.5229,5.525,5.5271,5.5292,5.5313,5.5313,5.5313,5.5334,5.5313,5.5313,5.5334,5.5334,5.5355,5.5355,5.5355,5.5397,5.5397,5.5397,5.5439,5.5481,5.5501,5.5522,5.5543,5.5543,5.5543,5.5564,5.5585,5.5564,5.5564,5.5564,5.5543,5.5543,5.5522,5.5481,5.5481,5.5481,5.546,5.5439,5.5439,5.5439,5.5418,5.5439,5.546,5.546,5.546,5.5481,5.5501,5.5522,5.5543,5.5543,5.5543,5.5543,5.5564,5.5564,5.5522,5.5522,5.5522,5.5481,5.5481,5.5481,5.546,5.5481,5.5481,5.546,5.5481,5.5501,5.5501,5.5501,5.5501,5.5501,5.5501,5.5501,5.5543,5.5585,5.5585,5.5585,5.5585,5.5585,5.5585,5.5564,5.5564,5.5585,5.5585,5.5606,5.5627,5.5648,5.5669,5.5669,5.5711,5.5753,5.5774,5.5816,5.5858,5.5878,5.5899,5.5941,5.5962,5.5962,5.6004,5.6046,5.6067,5.6088,5.613,5.6172,5.6193,5.6235,5.6276,5.6318,5.636,5.6381,5.6423,5.6486,5.6528,5.6549,5.6591,5.6653,5.6695,5.6716,5.6758,5.68,5.6821,5.6842,5.6863,5.6905,5.6947,5.6988,5.703,5.7072,5.7135,5.7219,5.7282,5.7345,5.7428,5.7491,5.7554,5.7617,5.7659,5.7701,5.7742,5.7763,5.7784,5.7805,5.7826,5.7847,5.7847,5.7868,5.7889,5.7889,5.7889,5.791,5.7931,5.7952,5.7973,5.7994,5.8057,5.8119,5.8161,5.8182,5.8203,5.8245,5.8287,5.8329,5.8371,5.8371,5.8371,5.8371,5.8371,5.8371,5.835,5.8329,5.8287,5.8266,5.8287,5.8287,5.8266,5.8266,5.8266,5.8266,5.8287,5.8329,5.8329,5.8329,5.8371,5.8413,5.8455,5.8476,5.8496,5.8559,5.8643,5.8685,5.8727,5.8769,5.8769,5.8769,5.879,5.879,5.879,5.879,5.8748,5.8727,5.8706,5.8664,5.8622,5.8601,5.858,5.8559,5.8538,5.8517,5.8517,5.8517,5.8517,5.8517,5.8538,5.858,5.8643,5.8685,5.8727,5.879,5.8853,5.8915,5.8936,5.8957,5.8957,5.8957,5.8957,5.8957,5.8957,5.8936,5.8915,5.8873,5.8832,5.8811,5.8811,5.8811,5.879,5.8769,5.8769,5.8769,5.879,5.8811,5.8832,5.8873,5.8915,5.8957,5.902,5.9083,5.9146,5.9188,5.9209,5.925,5.9271,5.9292,5.9313,5.9313,5.9292,5.9292,5.9313,5.9292,5.9271,5.925,5.9229,5.9229,5.9209,5.9167,5.9146,5.9125,5.9104,5.9125,5.9146,5.9146,5.9167,5.9188,5.9209,5.925,5.9313,5.9376,5.9397,5.9418,5.9439,5.9439,5.9439,5.9439,5.9418,5.9397,5.9376,5.9355,5.9334,5.9313,5.9271,5.9209,5.9188,5.9146,5.9083,5.9041,5.8999,5.8978,5.8957,5.8957,5.8978,5.8999,5.902,5.902,5.9041,5.9083,5.9104,5.9125,5.9125,5.9125,5.9125,5.9125,5.9125,5.9083,5.9062,5.9041,5.8999,5.8978,5.8936,5.8873,5.8853,5.8811,5.8769,5.8748,5.8706,5.8685,5.8685,5.8685,5.8685,5.8685,5.8685,5.8706,5.8727,5.8727,5.8748,5.8769,5.8769,5.8769,5.8769,5.8748,5.8727,5.8706,5.8685,5.8664,5.8622,5.8601,5.8601,5.8601,5.8601,5.8601,5.8601,5.858,5.8559,5.858,5.8601,5.8601,5.8622,5.8664,5.8727,5.8811,5.8873,5.8915,5.8957,5.8999,5.8999,5.8999,5.902,5.8999,5.8999,5.902,5.8999,5.8999,5.8999,5.8999,5.8999,5.8978,5.8978,5.8978,5.8999,5.902,5.902,5.9041,5.9083,5.9125,5.9167,5.9209,5.925,5.9292,5.9355,5.9418,5.9481,5.9544,5.9586,5.9627,5.969,5.9732,5.9753,5.9774,5.9774,5.9795,5.9816,5.9816,5.9816,5.9816,5.9816,5.9795,5.9774,5.9774,5.9774,5.9774,5.9774,5.9795,5.9837,5.9858,5.9879,5.99,5.9921,5.9942,5.9963,6.0025,6.0067,6.0067,6.0067,6.0088,6.0109,6.0109,6.0088,6.0067,6.0046,6.0025,6.0004,5.9983,5.9963,5.99,5.9837,5.9774,5.9732,5.9711,5.9669,5.9669,5.969,5.969,5.9711,5.9732,5.9732,5.9753,5.9774,5.9795,5.9816,5.9837,5.9858,5.9858,5.9858,5.9858,5.9858,5.9858,5.9837,5.9795,5.9774,5.9753,5.9711,5.9669,5.9648,5.9606,5.9544,5.9481,5.9439,5.9418,5.9376,5.9334,5.9313,5.9313,5.9313,5.9313,5.9313,5.9313,5.9313,5.9313,5.9313,5.9313,5.9334,5.9355,5.9355,5.9376,5.9397,5.9397,5.9397,5.9355,5.9313,5.9292,5.9271,5.925,5.9209,5.9188,5.9146,5.9104,5.9083,5.9041,5.8999,5.8978,5.8957,5.8957,5.8978,5.8978,5.8978,5.8999,5.902,5.902,5.9041,5.9062,5.9083,5.9083,5.9062,5.9083,5.9104,5.9104,5.9083,5.9062,5.9062,5.9062,5.9041,5.902,5.8999,5.8978,5.8957,5.8915,5.8894,5.8873,5.8853,5.8832,5.8811,5.8811,5.8811,5.879,5.8769,5.8769,5.8769,5.8769,5.8769,5.8769,5.879,5.879,5.8769,5.8769,5.8748,5.8727,5.8706,5.8664,5.8622,5.858,5.8538,5.8496,5.8455,5.8392,5.8329,5.8287,5.8245,5.8203,5.814,5.8078,5.8036,5.7994,5.7994,5.7994,5.7973,5.7973,5.7973,5.7973,5.7952,5.7952,5.7952,5.7931,5.7931,5.791,5.7868,5.7847,5.7826,5.7784,5.7763,5.7742,5.7701,5.7659,5.7617,5.7575,5.7533,5.7491,5.7491,5.7491,5.7449,5.7407,5.7386,5.7386,5.7365,5.7324,5.7282,5.7282,5.7282,5.7261,5.724,5.7219,5.724,5.724,5.7219,5.7219,5.7219,5.7219,5.7219,5.7219,5.724,5.724,5.7219,5.7219,5.7198,5.7177,5.7156,5.7135,5.7135,5.7114,5.7093,5.7093,5.7072,5.7051,5.7051,5.7051,5.7051,5.7051,5.7051,5.7072,5.7114,5.7156,5.7177,5.7198,5.7219,5.724,5.7261,5.7261,5.7282,5.7282,5.7261,5.7282,5.7282,5.7261,5.7261,5.7261,5.724,5.7219,5.7219,5.7219,5.724,5.7261,5.7282,5.7303,5.7303,5.7324,5.7345,5.7345,5.7365,5.7386,5.7386,5.7386,5.7407,5.7407,5.7386,5.7386,5.7386,5.7365,5.7324,5.7303,5.7303,5.7303,5.7282,5.7261,5.7261,5.7261,5.7261,5.724,5.724,5.724,5.7219,5.7198,5.7156,5.7135,5.7114,5.7072,5.7051,5.703,5.6988,5.6947,5.6926,5.6905,5.6863,5.6842,5.6842,5.6821,5.68,5.68,5.68,5.68,5.68,5.68,5.68,5.68,5.6779,5.6758,5.6716,5.6674,5.6653,5.6611,5.657,5.6549,5.6528,5.6486,5.6465,5.6444,5.6402,5.6381,5.6381,5.6381,5.6381,5.6381,5.636,5.6339,5.6339,5.6318,5.6297,5.6255,5.6214,5.6193,5.6151,5.6109,5.6088,5.6067,5.6025,5.6004,5.6004,5.5983,5.5941,5.592,5.592,5.592,5.592,5.5941,5.5962,5.5962,5.5962,5.5941,5.592,5.5899,5.5878,5.5858,5.5837,5.5795,5.5753,5.5732,5.5711,5.569,5.5669,5.5648,5.5627,5.5606,5.5606,5.5606,5.5606,5.5627,5.5648,5.5648,5.5627,5.5627,5.5627,5.5627,5.5627,5.5627,5.5627,5.5618,5.5608,5.5598,5.5589,5.5579,5.557,5.556,5.5551,5.5541,5.5532,5.5522,5.5512,5.5503,5.5493,5.5484,5.5474,5.5465,5.5455,5.5445,5.5436,5.5426,5.5417,5.5407,5.5398,5.5388,5.5378,5.5369,5.5359,5.535,5.534,5.5331,5.5321,5.5312,5.5302,5.5292,5.5283,5.5273
96.278,95.757,95.237,94.717,94.197,93.676,93.156,92.636,92.116,91.596,91.075,90.555,90.035,89.515,88.994,88.474,87.954,87.434,86.913,86.393,85.873,85.353,84.833,84.312,83.792,83.272,82.752,82.231,81.711,81.191,80.671,80.15,79.63,79.11,78.59,78.069,77.549,77.029,76.475,75.92,75.338,74.756,74.174,73.508,72.842,72.231,71.593,70.899,70.177,69.483,68.789,68.095,67.402,66.652,65.902,65.18,64.486,63.82,63.154,62.46,61.738,61.016,60.266,59.517,58.795,58.045,57.267,56.517,55.795,55.074,54.324,53.546,52.768,51.991,51.241,50.517,49.791,49.121,48.506,47.864,47.166,46.468,45.797,45.127,44.429,43.703,42.977,42.307,41.664,40.938,40.24,39.626,38.984,38.313,37.643,36.973,36.331,35.716,35.074,34.432,33.817,33.175,32.533,31.947,31.388,30.774,30.131,29.545,28.931,28.316,27.786,27.255,26.752,26.278,25.775,25.328,24.881,24.435,24.1,23.736,23.318,22.927,22.564,22.256,21.949,21.642,21.307,20.972,20.721,20.441,20.106,19.715,19.268,18.85,18.487,18.123,17.733,17.37,16.979,16.532,16.141,15.806,15.415,14.968,14.521,14.13,13.795,13.46,13.125,12.734,12.399,12.175,11.924,11.673,11.449,11.282,11.142,10.975,10.807,10.667,10.556,10.444,10.36,10.276,10.193,10.109,9.9972,9.8855,9.7738,9.6901,9.6063,9.5225,9.4667,9.355,9.1874,9.1036,9.1036,9.0478,8.9361,8.8802,8.9082,8.8802,8.7965,8.7965,8.7965,8.7685,8.7965,8.8244,8.8802,8.964,8.9919,9.0478,9.1036,9.1036,9.1316,9.1316,9.1316,9.2153,9.2712,9.2433,9.1874,9.1595,9.1316,9.0757,9.0478,9.0478,9.0757,9.1316,9.1595,9.1595,9.1874,9.2433,9.327,9.4667,9.6342,9.7738,9.8855,10.025,10.193,10.36,10.5,10.612,10.695,10.779,10.919,10.975,10.919,10.891,10.835,10.751,10.695,10.612,10.5,10.388,10.276,10.193,10.137,10.053,9.9414,9.8576,9.8297,9.8018,9.8018,9.8576,9.8576,9.8297,9.8018,9.7738,9.8576,9.9972,10.025,9.9693,9.9414,9.9414,9.8855,9.7738,9.7738,9.8576,9.8576,9.8297,9.8018,9.7459,9.6342,9.4387,9.2991,9.2433,9.1316,8.9919,8.9082,8.8523,8.8244,8.7965,8.6848,8.5451,8.4893,8.4893,8.4893,8.4893,8.4893,8.4614,8.4055,8.3776,8.3776,8.3217,8.21,8.1542,8.1263,8.0146,7.847,7.6794,7.5398,7.4002,7.2326,7.093,6.9534,6.7858,6.6462,6.5904,6.5345,6.4228,6.367,6.367,6.339,6.2832,6.2553,6.2273,6.1715,6.1156,6.0598,6.0039,5.8922,5.7247,5.5851,5.5013,5.3896,5.1941,4.9986,4.8031,4.6077,4.468,4.3563,4.2446,4.105,3.9095,3.7141,3.5744,3.4627,3.351,3.2393,3.1835,3.1835,3.0718,2.8484,2.6808,2.5412,2.3736,2.234,2.1782,2.1782,2.1223,1.9827,1.8431,1.7593,1.6755,1.5638,1.4521,1.3404,1.2566,1.1729,1.0612,0.97738,0.89361,0.78191,0.67021,0.61436,0.61436,0.53058,0.36303,0.30718,0.36303,0.3351,0.27925,0.27925,0.27925,0.30718,0.27925,0.2234,0.25133,0.2234,0.16755,0.19548,0.19548,0.083776,-0.055851,-0.13963,-0.16755,-0.19548,-0.27925,-0.30718,-0.27925,-0.30718,-0.3351,-0.3351,-0.30718,-0.27925,-0.25133,-0.16755,-0.13963,-0.19548,-0.19548,-0.13963,-0.083776,-0.027925,1.2434e-12,-0.027925,-0.083776,-0.1117,-0.13963,-0.2234,-0.30718,-0.3351,-0.3351,-0.3351,-0.3351,-0.36303,-0.41888,-0.36303,-0.19548,-0.13963,-0.13963,-0.055851,2.3738e-14,-1.2316e-12,-1.2434e-12,-0.027925,-0.027925,0.055851,0.083776,-6.2773e-13,-0.1117,-0.19548,-0.25133,-0.3351,-0.36303,-0.36303,-0.50265,-0.67021,-0.75398,-0.80983,-0.92153,-1.0612,-1.0891,-1.0332,-1.0612,-1.2008,-1.3125,-1.3963,-1.48,-1.5359,-1.6476,-1.7314,-1.7314,-1.8151,-1.9268,-1.9827,-2.0944,-2.234,-2.2899,-2.2899,-2.3457,-2.4853,-2.597,-2.625,-2.7088,-2.8763,-3.0159,-3.0997,-3.1556,-3.2673,-3.379,-3.4348,-3.5465,-3.6303,-3.6024,-3.6024,-3.6861,-3.7699,-3.8258,-3.9095,-3.9654,-3.9654,-4.0212,-4.105,-4.1329,-4.1609,-4.2446,-4.3563,-4.496,-4.6635,-4.8031,-4.9148,-5.1103,-5.3896,-5.5292,-5.5571,-5.6688,-5.8085,-5.8922,-5.9202,-5.8922,-5.8922,-6.0039,-6.0598,-5.9481,-5.8085,-5.7526,-5.7247,-5.613,-5.5571,-5.5851,-5.5013,-5.3617,-5.3058,-5.3058,-5.25,-5.1941,-5.222,-5.2779,-5.3058,-5.25,-5.1941,-5.1941,-5.1662,-5.1103,-5.0265,-4.9148,-4.859,-4.8031,-4.6635,-4.5518,-4.4401,-4.2726,-4.1609,-4.105,-4.0212,-3.8816,-3.742,-3.6582,-3.5744,-3.4627,-3.351,-3.2673,-3.2114,-3.1276,-3.0439,-2.988,-2.9042,-2.7925,-2.7088,-2.6529,-2.5691,-2.4853,-2.4295,-2.3178,-2.1782,-2.0944,-2.0106,-1.871,-1.6755,-1.48,-1.3404,-1.2008,-0.97738,-0.72606,-0.55851,-0.4468,-0.30718,-0.1117,0.055851,0.13963,0.2234,0.3351,0.41888,0.4468,0.4468,0.47473,0.58643,0.67021,0.64228,0.67021,0.78191,0.83776,0.83776,0.92153,1.0612,1.1449,1.2287,1.3683,1.508,1.5917,1.6755,1.7872,1.8989,1.9827,2.0385,2.1223,2.234,2.3178,2.3457,2.3457,2.3178,2.2899,2.2899,2.2899,2.3178,2.2899,2.2061,2.2061,2.234,2.234,2.2061,2.1502,2.1223,2.1502,2.2061,2.234,2.2619,2.3178,2.3457,2.3736,2.4295,2.4574,2.4016,2.2899,2.234,2.234,2.234,2.234,2.1782,2.0665,2.0106,2.0106,1.9548,1.8151,1.7034,1.6755,1.6197,1.48,1.3683,1.3404,1.3683,1.4242,1.3963,1.2846,1.2287,1.2287,1.2287,1.2287,1.2008,1.1449,1.117,1.0332,0.89361,0.80983,0.67021,0.50265,0.41888,0.30718,0.1117,-0.055851,-0.16755,-0.3351,-0.55851,-0.72606,-0.80983,-0.86568,-0.94946,-1.0332,-1.0332,-1.0612,-1.1729,-1.2566,-1.3125,-1.3404,-1.3404,-1.3683,-1.4242,-1.4521,-1.5359,-1.7034,-1.7593,-1.7593,-1.8431,-1.8989,-1.8989,-1.9268,-1.9827,-2.0106,-2.0665,-2.1782,-2.234,-2.2899,-2.4016,-2.4574,-2.4853,-2.5412,-2.5691,-2.5412,-2.4853,-2.4574,-2.4574,-2.4574,-2.4574,-2.4295,-2.3736,-2.3457,-2.3457,-2.3178,-2.2619,-2.2619,-2.3178,-2.3178,-2.2619,-2.234,-2.234,-2.3178,-2.4853,-2.5412,-2.4853,-2.4574,-2.4574,-2.4574,-2.4574,-2.4295,-2.3736,-2.3178,-2.1782,-1.9827,-1.871,-1.7872,-1.7034,-1.6476,-1.5638,-1.4521,-1.3963,-1.3963,-1.3404,-1.2287,-1.1449,-1.1449,-1.2008,-1.2287,-1.2846,-1.3963,-1.4242,-1.3683,-1.3683,-1.4242,-1.4521,-1.4521,-1.3963,-1.2846,-1.2287,-1.1449,-0.94946,-0.80983,-0.75398,-0.67021,-0.58643,-0.55851,-0.53058,-0.47473,-0.4468,-0.41888,-0.36303,-0.3351,-0.30718,-0.27925,-0.30718,-0.36303,-0.4468,-0.53058,-0.55851,-0.58643,-0.64228,-0.69813,-0.75398,-0.78191,-0.78191,-0.80983,-0.86568,-0.89361,-0.89361,-0.92153,-0.92153,-0.83776,-0.80983,-0.86568,-0.89361,-0.92153,-0.92153,-0.83776,-0.80983,-0.86568,-0.92153,-0.97738,-1.0332,-1.0891,-1.1449,-1.2287,-1.3683,-1.5638,-1.7593,-1.871,-1.9268,-1.9827,-2.0385,-2.0944,-2.1502,-2.1502,-2.0944,-2.0944,-2.1502,-2.2061,-2.2061,-2.1782,-2.1502,-2.0665,-2.0106,-2.0106,-2.0385,-2.0944,-2.1223,-2.1502,-2.2061,-2.3178,-2.5133,-2.6529,-2.7367,-2.9322,-3.1556,-3.2673,-3.379,-3.5186,-3.6024,-3.6582,-3.6861,-3.6861,-3.6861,-3.6861,-3.6861,-3.6861,-3.6303,-3.5186,-3.4348,-3.3231,-3.1835,-3.1276,-3.0718,-2.9601,-2.8763,-2.8205,-2.7925,-2.7925,-2.7646,-2.7088,-2.6808,-2.6808,-2.6529,-2.625,-2.6529,-2.625,-2.5412,-2.5412,-2.5133,-2.3736,-2.2899,-2.2619,-2.1782,-2.0665,-1.9548,-1.8431,-1.7593,-1.7034,-1.5638,-1.3683,-1.2008,-1.0053,-0.83776,-0.75398,-0.69813,-0.61436,-0.50265,-0.39095,-0.30718,-0.27925,-0.25133,-0.16755,-0.055851,-1.2554e-12,0.027925,0.055851,0.083776,0.16755,0.2234,0.27925,0.4468,0.61436,0.72606,0.83776,0.97738,1.2287,1.48,1.6197,1.8151,2.0385,2.1782,2.3178,2.4295,2.5133,2.625,2.6808,2.6808,2.6808,2.6808,2.6808,2.6808,2.6529,2.625,2.6529,2.6808,2.6808,2.7088,2.7646,2.7925,2.8484,2.988,3.1276,3.2114,3.2952,3.4348,3.5744,3.6582,3.742,3.8816,3.9933,4.0212,4.0771,4.2167,4.3005,4.2726,4.3005,4.4122,4.468,4.468,4.468,4.468,4.5239,4.6356,4.6635,4.6356,4.6356,4.6077,4.5797,4.6356,4.7473,4.8031,4.8311,4.859,4.859,4.9428,5.0824,5.1382,5.1662,5.222,5.3058,5.4175,5.4734,5.4734,5.4734,5.4734,5.4454,5.3896,5.3337,5.3058,5.3058,5.1941,5.0265,4.9707,4.9428,4.9148,4.9148,4.9148,4.9428,4.9986,5.0265,5.0545,5.1103,5.1662,5.222,5.2779,5.3337,5.3896,5.3896,5.3058,5.222,5.1662,5.0824,4.9428,4.8311,4.7473,4.6077,4.4401,4.3284,4.2726,4.1609,4.0212,3.9654,3.9375,3.8258,3.742,3.7141,3.6303,3.5465,3.5186,3.4907,3.4069,3.3231,3.2673,3.2114,3.1556,3.0997,3.0439,2.9601,2.8763,2.8484,2.8205,2.7646,2.7367,2.7088,2.625,2.5412,2.4574,2.4016,2.4016,2.3178,2.2061,2.1782,2.1223,2.0665,2.0385,1.9827,1.9548,1.9268,1.9268,1.9548,1.9548,2.0106,2.0944,2.0944,2.0665,2.1502,2.2619,2.2619,2.2061,2.1782,2.1782,2.1782,2.1782,2.1223,2.0665,2.0665,2.0665,2.0665,2.0665,2.0665,2.0665,2.0665,2.0944,2.2061,2.3178,2.3736,2.4853,2.597,2.625,2.6529,2.6808,2.7367,2.8205,2.7925,2.7088,2.6808,2.6529,2.597,2.5691,2.5691,2.625,2.7088,2.7367,2.7367,2.7925,2.9042,2.9601,3.0159,3.0997,3.1835,3.2952,3.3231,3.3231,3.379,3.379,3.379,3.4348,3.4348,3.379,3.351,3.379,3.4348,3.4069,3.2952,3.2673,3.2952,3.2673,3.2393,3.2114,3.1556,3.0997,3.0439,3.0439,3.0718,3.0439,2.988,2.8763,2.7646,2.7646,2.7646,2.6808,2.5691,2.5133,2.5412,2.5133,2.4016,2.2899,2.1782,2.1223,2.0665,1.9548,1.8431,1.7314,1.6476,1.5638,1.4521,1.3683,1.3125,1.2008,1.0612,0.97738,0.89361,0.86568,0.92153,0.92153,0.86568,0.78191,0.69813,0.72606,0.80983,0.80983,0.78191,0.78191,0.78191,0.69813,0.50265,0.36303,0.27925,0.16755,0.027925,-0.13963,-0.25133,-0.3351,-0.41888,-0.53058,-0.67021,-0.69813,-0.69813,-0.72606,-0.69813,-0.69813,-0.75398,-0.78191,-0.75398,-0.67021,-0.64228,-0.72606,-0.72606,-0.61436,-0.61436,-0.69813,-0.69813,-0.67021,-0.64228,-0.58643,-0.55851,-0.53058,-0.50265,-0.50265,-0.47473,-0.41888,-0.27925,-0.083776,5.8038e-13,0.027925,0.1117,0.27925,0.4468,0.50265,0.58643,0.75398,0.92153,1.0891,1.2008,1.3125,1.48,1.6197,1.7593,1.8989,2.0385,2.2061,2.3178,2.3736,2.4853,2.6529,2.7925,2.9042,2.9601,2.9601,3.0159,3.1835,3.4069,3.5744,3.6303,3.6861,3.8537,3.9933,4.0492,4.1329,4.3005,4.5239,4.6914,4.8311,4.9986,5.1662,5.3337,5.4454,5.5013,5.5851,5.7526,5.9202,6.0039,6.1156,6.1994,6.2273,6.339,6.4787,6.5904,6.6462,6.6183,6.6741,6.8417,6.9255,6.9534,7.0651,7.1768,7.2047,7.2606,7.2885,7.2326,7.2606,7.3164,7.3164,7.3164,7.2885,7.2326,7.1209,6.9534,6.8696,6.8696,6.8138,6.6741,6.5624,6.5345,6.5066,6.4507,6.3949,6.339,6.3111,6.2832,6.1994,6.1436,6.1156,6.0319,5.9202,5.8085,5.7526,5.7526,5.7247,5.6688,5.5571,5.3896,5.3058,5.3058,5.25,5.1103,4.9428,4.8031,4.7473,4.7194,4.6077,4.496,4.4401,4.3563,4.2726,4.2167,4.1329,4.0212,3.9095,3.7978,3.6861,3.6024,3.5465,3.4627,3.2952,3.1276,3.0159,2.8763,2.7925,2.7088,2.5412,2.4295,2.3457,2.2619,2.234,2.1502,2.0106,1.9548,1.871,1.7034,1.5917,1.5359,1.4521,1.4242,1.508,1.5359,1.48,1.4242,1.3963,1.4521,1.5359,1.5917,1.6476,1.6755,1.6755,1.6755,1.6755,1.6755,1.6755,1.6476,1.5917,1.5359,1.48,1.3963,1.2846,1.2566,1.2846,1.2566,1.2287,1.2566,1.3125,1.3125,1.2846,1.2846,1.2566,1.2846,1.4242,1.508,1.48,1.4521,1.4521,1.4521,1.4521,1.4242,1.3683,1.3683,1.4521,1.5359,1.5638,1.5359,1.48,1.4521,1.4521,1.4521,1.48,1.5359,1.5917,1.6476,1.6755,1.7314,1.7872,1.7872,1.7872,1.7593,1.7872,1.8151,1.7593,1.7593,1.7872,1.7314,1.6476,1.6476,1.6755,1.7314,1.8431,1.871,1.8151,1.7872,1.7593,1.6476,1.508,1.4521,1.4521,1.3963,1.2566,1.1449,1.0612,0.94946,0.83776,0.72606,0.67021,0.67021,0.61436,0.50265,0.4468,0.4468,0.41888,0.36303,0.36303,0.41888,0.39095,0.27925,0.19548,0.13963,0.055851,-0.055851,-0.1117,-0.19548,-0.36303,-0.4468,-0.47473,-0.61436,-0.80983,-0.89361,-0.89361,-0.89361,-0.89361,-0.89361,-0.89361,-0.92153,-1.0332,-1.2008,-1.3404,-1.4242,-1.4521,-1.48,-1.5359,-1.5917,-1.6476,-1.7314,-1.8431,-1.9827,-2.1502,-2.234,-2.2899,-2.3736,-2.4295,-2.4853,-2.5412,-2.625,-2.6529,-2.6529,-2.7367,-2.7925,-2.7646,-2.7088,-2.7646,-2.9322,-3.0439,-3.0997,-3.0997,-3.0439,-3.0159,-3.0159,-2.988,-2.9322,-2.9042,-2.9042,-2.8484,-2.7367,-2.6529,-2.5691,-2.4574,-2.3457,-2.2619,-2.2061,-2.1502,-2.0944,-2.0385,-1.9827,-1.9268,-1.8431,-1.7314,-1.6476,-1.5917,-1.508,-1.3963,-1.2846,-1.1729,-1.0612,-0.94946,-0.89361,-0.80983,-0.61436,-0.47473,-0.41888,-0.27925,-0.055851,0.083776,0.13963,0.19548,0.25133,0.30718,0.3351,0.41888,0.61436,0.78191,0.92153,1.0891,1.2008,1.3125,1.48,1.6476,1.8151,1.9548,2.0665,2.234,2.4853,2.6808,2.8205,2.988,3.1556,3.3231,3.4907,3.6582,3.7978,3.9375,4.105,4.2446,4.3284,4.3843,4.5518,4.8031,4.9428,4.9986,5.0824,5.1941,5.2779,5.3337,5.3896,5.4454,5.5013,5.5851,5.6409,5.613,5.5571,5.5292,5.5292,5.5013,5.5013,5.5292,5.5013,5.5013,5.5851,5.613,5.5292,5.4734,5.4734,5.4454,5.4175,5.4175,5.3896,5.3617,5.3617,5.3617,5.3617,5.3896,5.4175,5.3617,5.2779,5.222,5.1382,5.0265,4.9428,4.8869,4.8311,4.7752,4.7194,4.6914,4.6356,4.5239,4.4122,4.3005,4.1888,4.105,4.0212,3.9095,3.7978,3.6861,3.6303,3.6024,3.5186,3.379,3.2393,3.1276,3.0159,2.9042,2.7646,2.597,2.4574,2.3178,2.1502,2.0106,1.871,1.7593,1.7034,1.5638,1.3963,1.3125,1.2566,1.1729,1.0891,1.0612,1.0612,1.0612,1.0612,1.0612,1.0053,0.92153,0.92153,0.97738,0.97738,0.89361,0.83776,0.83776,0.80983,0.80983,0.80983,0.69813,0.64228,0.72606,0.75398,0.72606,0.78191,0.83776,0.80983,0.80983,0.83776,0.83776,0.83776,0.83776,0.83776,0.86568,0.94946,1.0332,1.0891,1.1449,1.2008,1.2566,1.3125,1.3683,1.4242,1.48,1.5638,1.6476,1.7034,1.8151,1.9268,1.9827,2.0665,2.1782,2.2619,2.3457,2.4574,2.4853,2.5133,2.625,2.6808,2.6808,2.6808,2.6808,2.6808,2.7367,2.8484,2.9042,2.9601,3.0718,3.1276,3.1835,3.2673,3.3231,3.4069,3.4907,3.5465,3.6024,3.6582,3.6582,3.6024,3.5465,3.5186,3.5186,3.4907,3.4348,3.379,3.3231,3.2673,3.2393,3.2673,3.2952,3.2393,3.1556,3.0718,3.0159,3.0439,3.0159,2.9601,2.9601,2.9042,2.7925,2.7088,2.7088,2.7367,2.7088,2.6529,2.597,2.5412,2.4853,2.3736,2.2061,2.0944,2.0106,1.8989,1.8151,1.7593,1.6755,1.5638,1.48,1.4242,1.3404,1.2566,1.2008,1.117,1.0332,0.97738,0.89361,0.78191,0.72606,0.67021,0.55851,0.53058,0.50265,0.39095,0.3351,0.36303,0.41888,0.4468,0.4468,0.41888,0.36303,0.36303,0.39095,0.36303,0.3351,0.30718,0.27925,0.27925,0.27925,0.30718,0.36303,0.41888,0.4468,0.47473,0.55851,0.67021,0.72606,0.72606,0.75398,0.86568,1.0612,1.2008,1.2566,1.3404,1.4521,1.5359,1.6476,1.8151,1.9827,2.1223,2.234,2.3736,2.4574,2.5133,2.6529,2.7925,2.9042,2.988,3.0159,3.0439,3.1276,3.2393,3.351,3.4627,3.6024,3.7699,3.9095,4.0771,4.3005,4.468,4.5797,4.7473,4.9986,5.222,5.3617,5.4734,5.5851,5.7247,5.8922,6.0319,6.1436,6.2273,6.2832,6.3111,6.339,6.3949,6.4228,6.4507,6.4787,6.5066,6.5345,6.5345,6.5904,6.7021,6.8138,6.9255,7.0092,7.0651,7.1489,7.2885,7.456,7.5398,7.5677,7.6236,7.5957,7.484,7.3723,7.3164,7.3164,7.2606,7.1489,7.0651,6.9813,6.8975,6.8417,6.73,6.6183,6.5624,6.4787,6.3949,6.3949,6.4228,6.4228,6.3949,6.339,6.2832,6.2553,6.2832,6.2832,6.2553,6.2273,6.1715,6.1156,6.1156,6.1994,6.2273,6.1436,6.0319,5.9202,5.8085,5.6968,5.5851,5.4454,5.25,5.0545,4.9148,4.7752,4.5518,4.3005,4.1329,4.0212,3.9095,3.7699,3.6024,3.4907,3.4348,3.4069,3.4348,3.4907,3.5465,3.6024,3.6582,3.7141,3.7978,3.8816,3.9095,3.8816,3.7978,3.6861,3.5744,3.4627,3.3231,3.1276,2.9322,2.7367,2.4853,2.2899,2.1502,1.9827,1.8989,1.8989,1.8989,1.871,1.8431,1.871,1.9268,2.0106,2.1502,2.2899,2.3736,2.4574,2.597,2.7367,2.8205,2.8484,2.8205,2.7367,2.597,2.4853,2.4295,2.3736,2.2899,2.1782,2.0944,1.9827,1.8431,1.7314,1.6197,1.508,1.3404,1.1729,1.1449,1.2008,1.2287,1.2566,1.3125,1.3404,1.3683,1.48,1.6476,1.7872,1.871,1.9268,1.9827,2.0106,2.0106,2.0106,1.9827,1.8989,1.7593,1.6197,1.48,1.2566,1.0053,0.78191,0.55851,0.3351,0.1117,-0.083776,-0.25133,-0.39095,-0.4468,-0.47473,-0.53058,-0.55851,-0.55851,-0.53058,-0.41888,-0.27925,-0.19548,-0.083776,0.055851,0.13963,0.19548,0.2234,0.2234,0.19548,0.13963,0.055851,-0.083776,-0.25133,-0.47473,-0.72606,-0.92153,-1.1449,-1.4242,-1.7034,-1.9548,-2.1502,-2.2899,-2.4016,-2.4853,-2.4853,-2.4574,-2.4574,-2.4295,-2.4016,-2.4295,-2.4574,-2.4016,-2.2899,-2.1782,-2.0665,-2.0385,-2.0665,-2.0385,-2.0944,-2.2619,-2.3457,-2.4016,-2.5412,-2.6529,-2.7367,-2.8763,-3.0439,-3.2114,-3.3231,-3.3231,-3.2673,-3.2114,-3.1556,-3.0997,-3.0159,-2.8484,-2.597,-2.3736,-2.1502,-1.8431,-1.5359,-1.2566,-1.0053,-0.80983,-0.64228,-0.50265,-0.41888,-0.36303,-0.30718,-0.19548,-0.055851,-4.973e-13,-1.1368e-12,-5.0915e-13,-0.027925,-0.083776,-0.1117,-0.13963,-0.16755,-0.13963,-0.083776,-5.449e-13,0.1117,0.25133,0.41888,0.58643,0.80983,1.117,1.48,1.8151,2.0385,2.3178,2.7088,3.0159,3.2673,3.5465,3.742,3.8537,3.9933,4.105,4.1609,4.2167,4.2167,4.1888,4.2167,4.2726,4.2726,4.2167,4.1609,4.105,4.1329,4.2446,4.3284,4.468,4.7194,4.8869,4.9707,5.1662,5.3896,5.5292,5.6688,5.8364,5.9481,5.976,5.976,5.976,5.976,5.9481,5.8643,5.7526,5.6409,5.4734,5.25,4.9986,4.7194,4.4122,4.0771,3.8258,3.7141,3.6303,3.5465,3.5465,3.5744,3.5465,3.4907,3.4627,3.4907,3.5465,3.6024,3.6861,3.7978,3.8816,3.9375,3.9654,3.9375,3.8816,3.7978,3.6582,3.5186,3.4069,3.2393,3.0159,2.7367,2.4016,2.1223,1.8989,1.6197,1.2846,1.0332,0.83776,0.58643,0.41888,0.36303,0.25133,0.13963,0.083776,0.055851,0.055851,0.055851,0.1117,0.16755,0.16755,0.16755,0.19548,0.25133,0.27925,0.25133,0.19548,0.13963,6.5119e-13,-0.13963,-0.19548,-0.36303,-0.58643,-0.72606,-0.89361,-1.117,-1.2287,-1.2287,-1.3125,-1.48,-1.6197,-1.6755,-1.6476,-1.5638,-1.508,-1.48,-1.3683,-1.2008,-1.0332,-0.83776,-0.58643,-0.41888,-0.39095,-0.3351,-0.27925,-0.30718,-0.30718,-0.27925,-0.3351,-0.41888,-0.50265,-0.58643,-0.64228,-0.75398,-0.92153,-1.0612,-1.1729,-1.3125,-1.4242,-1.4521,-1.48,-1.508,-1.5359,-1.5917,-1.5638,-1.508,-1.48,-1.3963,-1.3125,-1.2287,-1.1449,-1.0891,-1.0332,-0.97738,-0.89361,-0.86568,-0.92153,-0.94946,-0.97738,-1.0332,-1.1449,-1.2846,-1.3963,-1.5917,-1.8431,-2.0106,-2.1223,-2.2899,-2.5412,-2.7925,-2.9601,-3.0718,-3.2114,-3.3231,-3.4069,-3.4907,-3.4627,-3.379,-3.3231,-3.2393,-3.1276,-3.1276,-3.2393,-3.2393,-3.1276,-3.0718,-3.1276,-3.2114,-3.3231,-3.4627,-3.5744,-3.7141,-3.8816,-4.0492,-4.2167,-4.4401,-4.6077,-4.6635,-4.7752,-4.9148,-4.9986,-5.0824,-5.1662,-5.222,-5.3058,-5.3337,-5.3337,-5.4175,-5.5013,-5.5292,-5.5292,-5.5292,-5.4734,-5.4175,-5.4734,-5.5292,-5.5292,-5.5292,-5.5013,-5.4734,-5.4175,-5.3058,-5.2779,-5.3337,-5.3617,-5.3337,-5.2779,-5.2779,-5.3337,-5.3896,-5.4175,-5.3896,-5.3617,-5.3617,-5.3617,-5.3337,-5.25,-5.1382,-4.9986,-4.8311,-4.6635,-4.496,-4.3005,-4.0212,-3.742,-3.5465,-3.379,-3.2393,-3.0997,-2.9322,-2.8205,-2.7925,-2.7925,-2.7925,-2.7925,-2.8205,-2.7925,-2.6529,-2.5691,-2.597,-2.625,-2.5412,-2.4016,-2.2619,-2.0944,-1.9268,-1.7593,-1.5917,-1.3963,-1.1729,-0.94946,-0.80983,-0.75398,-0.64228,-0.47473,-0.36303,-0.30718,-0.27925,-0.2234,-0.083776,-0.027925,-0.055851,-6.1548e-13,0.1117,0.19548,0.25133,0.30718,0.3351,0.39095,0.53058,0.64228,0.72606,0.80983,0.80983,0.78191,0.72606,0.58643,0.50265,0.50265,0.47473,0.41888,0.3351,0.25133,0.19548,0.16755,0.16755,0.13963,0.13963,0.16755,0.19548,0.27925,0.3351,0.3351,0.3351,0.3351,0.30718,0.2234,0.1117,-0.027925,-0.16755,-0.27925,-0.41888,-0.53058,-0.61436,-0.75398,-0.89361,-1.0053,-1.117,-1.2008,-1.2566,-1.2846,-1.2846,-1.3404,-1.4242,-1.4242,-1.3683,-1.3963,-1.5359,-1.6755,-1.7872,-1.8989,-2.0106,-2.1502,-2.3736,-2.625,-2.7925,-2.9042,-3.0159,-3.1556,-3.3231,-3.4627,-3.5744,-3.6024,-3.5744,-3.6582,-3.7141,-3.6582,-3.6303,-3.6024,-3.6024,-3.6303,-3.6303,-3.6861,-3.8258,-3.9654,-4.0492,-4.1609,-4.3005,-4.3843,-4.468,-4.5518,-4.5518,-4.5239,-4.5518,-4.6077,-4.6356,-4.5797,-4.468,-4.3284,-4.1888,-4.105,-4.0771,-4.0771,-4.0212,-3.9933,-4.0771,-4.1329,-4.1609,-4.2167,-4.2726,-4.3563,-4.4122,-4.3843,-4.3284,-4.3005,-4.3005,-4.2167,-4.105,-4.0771,-4.0212,-3.9095,-3.7978,-3.6582,-3.5465,-3.5186,-3.4907,-3.4627,-3.4348,-3.4069,-3.4348,-3.4907,-3.5465,-3.5465,-3.5186,-3.5186,-3.5465,-3.6024,-3.5744,-3.4348,-3.351,-3.379,-3.351,-3.2393,-3.1556,-3.0997,-3.0159,-2.9042,-2.8763,-2.9322,-2.9042,-2.9042,-3.0159,-3.0997,-3.2393,-3.379,-3.4627,-3.6024,-3.6861,-3.6582,-3.6582,-3.742,-3.7978,-3.7699,-3.7141,-3.6861,-3.6861,-3.6861,-3.6861,-3.6582,-3.5744,-3.5186,-3.5744,-3.6582,-3.7699,-3.9375,-4.0492,-4.0771,-4.1329,-4.3005,-4.4122,-4.4401,-4.5518,-4.6635,-4.7194,-4.7752,-4.8031,-4.8311,-4.9148,-5.0265,-5.1103,-5.1662,-5.2779,-5.4175,-5.4734,-5.5013,-5.5571,-5.613,-5.7247,-5.8364,-5.8643,-5.8922,-5.976,-6.1156,-6.1994,-6.1994,-6.2273,-6.1994,-6.1156,-6.1156,-6.1436,-6.0877,-5.976,-5.9481,-6.0039,-5.9481,-5.8085,-5.7805,-5.8085,-5.7526,-5.6409,-5.5851,-5.5851,-5.5571,-5.5013,-5.4734,-5.3896,-5.222,-5.1382,-5.0545,-4.9148,-4.8031,-4.6077,-4.3843,-4.2726,-4.1888,-4.0212,-3.8258,-3.6861,-3.5744,-3.4348,-3.2393,-3.0997,-3.0439,-2.9322,-2.8205,-2.7367,-2.5691,-2.4016,-2.2899,-2.1782,-2.0665,-1.9548,-1.8431,-1.6755,-1.508,-1.3683,-1.1729,-0.97738,-0.78191,-0.58643,-0.41888,-0.2234,-0.027925,0.13963,0.30718,0.47473,0.64228,0.80983,0.94946,1.0612,1.1729,1.2846,1.4242,1.5359,1.6197,1.7314,1.8431,2.0106,2.1782,2.2899,2.4295,2.5133,2.5133,2.597,2.7088,2.7367,2.7367,2.7646,2.8484,2.8484,2.7925,2.8484,2.8763,2.7925,2.7088,2.6808,2.6529,2.597,2.5412,2.4853,2.4016,2.2899,2.2619,2.2619,2.2061,2.1782,2.0944,1.9548,1.871,1.8151,1.7314,1.6476,1.5917,1.508,1.3963,1.2566,1.1729,1.1729,1.0891,0.92153,0.78191,0.64228,0.50265,0.4468,0.41888,0.30718,0.16755,0.1117,0.055851,-0.083776,-0.25133,-0.39095,-0.47473,-0.58643,-0.72606,-0.83776,-0.97738,-1.117,-1.2287,-1.3125,-1.3683,-1.4521,-1.5638,-1.6755,-1.8151,-1.9548,-2.0665,-2.2061,-2.3178,-2.4016,-2.5412,-2.6529,-2.7367,-2.8763,-3.0439,-3.1835,-3.2673,-3.2952,-3.3231,-3.379,-3.4348,-3.4627,-3.4627,-3.5186,-3.5465,-3.5186,-3.5744,-3.6024,-3.5465,-3.5744,-3.6582,-3.6582,-3.6303,-3.6303,-3.6303,-3.6303,-3.6303,-3.6582,-3.6861,-3.6861,-3.7141,-3.742,-3.7141,-3.6582,-3.6024,-3.5465,-3.5186,-3.5186,-3.4907,-3.4348,-3.379,-3.351,-3.379,-3.4069,-3.351,-3.2952,-3.2952,-3.2952,-3.3231,-3.3231,-3.2393,-3.1835,-3.2114,-3.2114,-3.1276,-3.0159,-2.9042,-2.8484,-2.8484,-2.8205,-2.7646,-2.7088,-2.6529,-2.625,-2.6529,-2.7088,-2.7367,-2.7367,-2.7367,-2.6808,-2.625,-2.625,-2.597,-2.597,-2.625,-2.597,-2.5691,-2.5691,-2.5412,-2.4574,-2.4016,-2.4016,-2.4295,-2.5133,-2.5691,-2.5412,-2.5691,-2.6808,-2.7646,-2.8484,-2.9322,-2.988,-3.0718,-3.1835,-3.2114,-3.2114,-3.3231,-3.4069,-3.4069,-3.4348,-3.4907,-3.5465,-3.6024,-3.6303,-3.6303,-3.6582,-3.7141,-3.7978,-3.9095,-4.0212,-4.1329,-4.2726,-4.4401,-4.5797,-4.6914,-4.8031,-4.9148,-4.9986,-5.0545,-5.1103,-5.1382,-5.1662,-5.222,-5.2779,-5.3617,-5.4454,-5.4734,-5.5292,-5.6688,-5.8085,-5.9202,-6.0877,-6.2832,-6.3949,-6.4787,-6.5904,-6.73,-6.8975,-6.9813,-6.9813,-7.0092,-7.0651,-7.1209,-7.1489,-7.1768,-7.2326,-7.2885,-7.3164,-7.2885,-7.2885,-7.3164,-7.3164,-7.3164,-7.3164,-7.3723,-7.4281,-7.4281,-7.456,-7.456,-7.4281,-7.484,-7.5119,-7.456,-7.3723,-7.2606,-7.2326,-7.2326,-7.1489,-7.0372,-6.9534,-6.8696,-6.7021,-6.5624,-6.5345,-6.4507,-6.2832,-6.1436,-6.0319,-5.9481,-5.8922,-5.8085,-5.6968,-5.5851,-5.4734,-5.3617,-5.25,-5.1382,-4.9986,-4.8311,-4.6914,-4.6077,-4.5518,-4.468,-4.3563,-4.2726,-4.2167,-4.1329,-3.9933,-3.8258,-3.6861,-3.6024,-3.5465,-3.4069,-3.1835,-3.0159,-2.8763,-2.6808,-2.4853,-2.3457,-2.234,-2.0944,-1.8989,-1.7034,-1.5917,-1.5359,-1.4521,-1.3125,-1.1449,-1.0332,-0.97738,-0.86568,-0.69813,-0.55851,-0.4468,-0.30718,-0.16755,-0.055851,0.055851,0.13963,0.2234,0.3351,0.4468,0.55851,0.64228,0.72606,0.86568,0.97738,1.0332,1.0332,0.97738,1.0053,1.0891,1.117,1.117,1.0891,1.0332,0.94946,0.86568,0.86568,0.83776,0.72606,0.69813,0.75398,0.78191,0.78191,0.78191,0.78191,0.75398,0.69813,0.67021,0.67021,0.69813,0.69813,0.61436,0.53058,0.50265,0.53058,0.53058,0.47473,0.41888,0.3351,0.25133,0.16755,0.055851,2.5577e-12,-0.027925,-0.083776,-0.13963,-0.19548,-0.25133,-0.36303,-0.50265,-0.58643,-0.64228,-0.67021,-0.75398,-0.92153,-1.0332,-1.117,-1.2287,-1.3125,-1.4242,-1.5917,-1.7034,-1.7872,-1.9268,-2.0665,-2.2061,-2.3736,-2.5133,-2.625,-2.7367,-2.8763,-2.988,-3.0159,-3.0997,-3.2673,-3.379,-3.4348,-3.5465,-3.7141,-3.8258,-3.8816,-3.9095,-3.9095,-3.9375,-3.9933,-4.0771,-4.2167,-4.3005,-4.3005,-4.3005,-4.3005,-4.3284,-4.3284,-4.3005,-4.3843,-4.5239,-4.6077,-4.6635,-4.6914,-4.7194,-4.7194,-4.6635,-4.6635,-4.7194,-4.7752,-4.7752,-4.7473,-4.7473,-4.7473,-4.7752,-4.7752,-4.7473,-4.7752,-4.7752,-4.7194,-4.6914,-4.7194,-4.8031,-4.859,-4.859,-4.9148,-4.9986,-4.9986,-4.9148,-4.859,-4.8311,-4.7752,-4.7752,-4.7473,-4.6356,-4.5518,-4.496,-4.4122,-4.3284,-4.2726,-4.2167,-4.1888,-4.1329,-4.0212,-3.9654,-3.9375,-3.8537,-3.7978,-3.7978,-3.7978,-3.742,-3.6582,-3.6582,-3.6024,-3.4627,-3.379,-3.3231,-3.2393,-3.0997,-2.988,-2.9322,-2.8763,-2.8205,-2.7646,-2.7367,-2.6808,-2.5133,-2.4016,-2.4016,-2.4016,-2.3736,-2.3178,-2.3457,-2.4016,-2.3736,-2.3736,-2.4016,-2.4016,-2.4574,-2.5133,-2.5412,-2.597,-2.625,-2.625,-2.5691,-2.5133,-2.5133,-2.4853,-2.4295,-2.4016,-2.4295,-2.4295,-2.3736,-2.3457,-2.3736,-2.4295,-2.4295,-2.3457,-2.3178,-2.4016,-2.4295,-2.4295,-2.5133,-2.625,-2.7367,-2.8484,-2.9322,-2.988,-3.0718,-3.1835,-3.2952,-3.3231,-3.351,-3.4627,-3.4907,-3.4348,-3.4348,-3.5186,-3.6024,-3.6582,-3.6861,-3.742,-3.8258,-3.8537,-3.8816,-3.9654,-4.0771,-4.1609,-4.3005,-4.468,-4.5518,-4.6356,-4.7473,-4.9148,-5.0824,-5.1662,-5.222,-5.3058,-5.4175,-5.4454,-5.4454,-5.5292,-5.5571,-5.5013,-5.4454,-5.4454,-5.5013,-5.4734,-5.3896,-5.3337,-5.25,-5.1662,-5.1103,-5.0265,-4.9428,-4.8869,-4.8311,-4.7752,-4.7473,-4.8311,-4.9428,-4.9428,-4.9148,-4.9148,-4.8869,-4.8311,-4.8031,-4.7473,-4.6356,-4.5518,-4.4401,-4.3005,-4.2167,-4.0771,-3.8258,-3.6024,-3.4069,-3.2114,-3.0159,-2.7367,-2.4853,-2.3736,-2.2619,-2.0944,-1.9268,-1.7593,-1.6755,-1.5917,-1.4242,-1.3404,-1.3404,-1.2846,-1.1729,-1.0891,-0.97738,-0.83776,-0.67021,-0.4468,-0.30718,-0.19548,-4.7342e-14,0.2234,0.41888,0.64228,0.89361,1.0332,1.1449,1.3125,1.508,1.7034,1.8151,1.871,1.9827,2.1782,2.3178,2.3736,2.4295,2.4574,2.4853,2.5412,2.597,2.6808,2.7646,2.8205,2.8763,2.9322,2.988,3.0159,3.0439,3.0997,3.1556,3.2393,3.3231,3.4069,3.5744,3.742,3.7978,3.8258,3.8816,3.9095,3.9375,3.9933,3.9933,3.9654,3.9933,3.9933,3.9375,3.8537,3.7141,3.5744,3.4348,3.2673,3.1835,3.1276,2.9601,2.8205,2.8205,2.8484,2.8205,2.7925,2.7925,2.7925,2.7925,2.7925,2.7925,2.7925,2.8205,2.9042,2.9601,2.9322,2.8763,2.7367,2.5412,2.4574,2.4295,2.3178,2.1502,2.0385,1.9268,1.7593,1.6755,1.6476,1.5917,1.5359,1.48,1.48,1.5359,1.5359,1.4242,1.2846,1.2287,1.2287,1.2287,1.1729,1.0612,1.0053,0.94946,0.83776,0.72606,0.61436,0.50265,0.39095,0.36303,0.36303,0.27925,0.16755,2.5343e-12,-0.13963,-0.16755,-0.25133,-0.36303,-0.36303,-0.39095,-0.47473,-0.47473,-0.47473,-0.53058,-0.55851,-0.58643,-0.64228,-0.67021,-0.64228,-0.55851,-0.47473,-0.4468,-0.41888,-0.36303,-0.39095,-0.47473,-0.4468,-0.36303,-0.39095,-0.50265,-0.53058,-0.53058,-0.58643,-0.58643,-0.58643,-0.61436,-0.58643,-0.53058,-0.47473,-0.47473,-0.47473,-0.41888,-0.36303,-0.2234,-0.055851,0.027925,0.083776,0.13963,0.19548,0.25133,0.3351,0.41888,0.4468,0.47473,0.53058,0.55851,0.58643,0.58643,0.53058,0.53058,0.61436,0.72606,0.80983,0.86568,0.92153,1.0332,1.1729,1.2566,1.3683,1.5359,1.6755,1.7872,1.8989,2.0106,2.0665,2.0665,2.1223,2.234,2.3736,2.4853,2.4853,2.5133,2.5691,2.5412,2.597,2.6808,2.6529,2.6529,2.7088,2.7646,2.7925,2.8205,2.9042,2.9601,2.9322,2.9322,3.0159,3.1276,3.2393,3.351,3.4627,3.5186,3.4907,3.5186,3.6303,3.6582,3.6303,3.6303,3.6024,3.5465,3.4627,3.379,3.3231,3.2114,3.0718,2.988,2.9322,2.8763,2.7925,2.7367,2.7088,2.6529,2.6529,2.7088,2.7088,2.6529,2.6529,2.7088,2.7088,2.625,2.5691,2.5412,2.5133,2.4853,2.4016,2.2899,2.1782,2.0944,2.0385,1.9548,1.7872,1.6197,1.5359,1.4242,1.2287,1.0891,1.0332,0.97738,0.92153,0.83776,0.78191,0.75398,0.69813,0.64228,0.55851,0.47473,0.41888,0.39095,0.36303,0.25133,0.16755,0.13963,0.055851,-0.055851,-0.16755,-0.2234,-0.27925,-0.41888,-0.55851,-0.61436,-0.61436,-0.69813,-0.86568,-1.0053,-1.0612,-1.0612,-1.117,-1.1729,-1.1729,-1.1729,-1.1449,-1.117,-1.117,-1.0891,-0.97738,-0.86568,-0.83776,-0.80983,-0.75398,-0.69813,-0.64228,-0.61436,-0.61436,-0.58643,-0.58643,-0.61436,-0.61436,-0.61436,-0.61436,-0.55851,-0.4468,-0.39095,-0.39095,-0.3351,-0.16755,0.027925,0.16755,0.25133,0.39095,0.61436,0.80983,0.97738,1.0891,1.1729,1.3404,1.5638,1.7593,1.871,1.9548,2.1502,2.3457,2.4295,2.4853,2.5691,2.7088,2.8484,2.9601,3.0718,3.1835,3.3231,3.5186,3.6861,3.8258,4.0212,4.2167,4.3563,4.5239,4.7194,4.8869,5.0824,5.25,5.3896,5.5571,5.7247,5.8643,5.9481,6.0598,6.2273,6.367,6.4507,6.5066,6.6462,6.8138,6.8696,6.8975,6.9813,7.1489,7.3443,7.456,7.484,7.5677,7.7353,7.8191,7.8749,8.0146,8.1263,8.238,8.4055,8.5172,8.5731,8.6568,8.7965,8.9082,8.964,8.9361,8.8244,8.7965,8.8523,8.8523,8.7685,8.6568,8.5451,8.4893,8.4334,8.3217,8.238,8.1821,8.1542,8.0983,7.9866,7.9029,7.847,7.8191,7.8191,7.7353,7.5957,7.5398,7.5398,7.484,7.3723,7.2885,7.2047,7.093,7.0092,6.9534,6.8417,6.7021,6.5624,6.4228,6.339,6.2553,6.1156,6.0039,5.9481,5.8364,5.6968,5.5851,5.4734,5.3617,5.25,5.1382,5.0265,4.9148,4.8031,4.6914,4.5518,4.3563,4.2167,4.1888,4.1329,3.9654,3.7141,3.5186,3.4348,3.351,3.1835,2.9601,2.8484,2.8205,2.7088,2.5412,2.3457,2.1223,1.9268,1.8431,1.7872,1.6197,1.4521,1.3404,1.3125,1.3683,1.3404,1.2287,1.1449,1.0891,1.0332,1.0332,1.0612,1.0332,0.97738,0.94946,0.94946,0.94946,0.97738,0.94946,0.86568,0.83776,0.80983,0.75398,0.75398,0.78191,0.75398,0.69813,0.67021,0.69813,0.67021,0.61436,0.64228,0.64228,0.58643,0.58643,0.64228,0.64228,0.55851,0.47473,0.47473,0.53058,0.53058,0.47473,0.47473,0.53058,0.58643,0.64228,0.69813,0.75398,0.78191,0.80983,0.86568,0.89361,0.89361,0.94946,1.0612,1.117,1.117,1.117,1.1449,1.2008,1.1729,1.0891,1.0891,1.1729,1.2846,1.3125,1.2566,1.2008,1.2008,1.2846,1.3963,1.508,1.5359,1.508,1.5359,1.5638,1.5638,1.5359,1.4521,1.3683,1.3404,1.3404,1.3404,1.3404,1.3125,1.2566,1.2287,1.2008,1.117,1.0332,0.97738,0.92153,0.92153,0.94946,0.89361,0.83776,0.83776,0.78191,0.72606,0.69813,0.67021,0.67021,0.61436,0.58643,0.61436,0.58643,0.53058,0.47473,0.41888,0.36303,0.36303,0.41888,0.4468,0.41888,0.36303,0.3351,0.30718,0.2234,0.13963,0.055851,-0.055851,-0.13963,-0.2234,-0.30718,-0.36303,-0.4468,-0.53058,-0.55851,-0.61436,-0.72606,-0.83776,-0.94946,-1.0053,-1.0053,-1.0053,-0.97738,-0.97738,-1.0612,-1.1449,-1.2008,-1.2287,-1.2287,-1.1729,-1.0891,-1.0891,-1.1449,-1.2008,-1.2287,-1.2008,-1.1449,-1.117,-1.117,-1.117,-1.0612,-0.94946,-0.89361,-0.86568,-0.80983,-0.78191,-0.75398,-0.69813,-0.64228,-0.53058,-0.36303,-0.25133,-0.19548,-0.13963,-0.083776,1.2433e-12,0.13963,0.25133,0.30718,0.41888,0.55851,0.69813,0.80983,0.89361,1.0332,1.1449,1.2287,1.3125,1.3963,1.5359,1.6755,1.7593,1.8431,1.9827,2.0944,2.1502,2.234,2.3457,2.4853,2.6529,2.7646,2.8763,3.0718,3.2114,3.3231,3.4907,3.6024,3.742,3.9375,4.0492,4.1888,4.4122,4.6077,4.7752,4.9148,5.0265,5.1382,5.25,5.3896,5.5851,5.7805,5.9202,6.0319,6.1436,6.2273,6.2832,6.367,6.4507,6.5066,6.5904,6.6741,6.73,6.8138,6.9255,7.0092,7.0372,7.0651,7.1489,7.2047,7.2047,7.2606,7.3164,7.3164,7.2885,7.2047,7.1209,7.093,7.0651,7.0092,6.9813,6.9255,6.8138,6.7579,6.7858,6.7579,6.6462,6.5904,6.5904,6.5345,6.4507,6.4507,6.4507,6.4228,6.4507,6.4507,6.367,6.3111,6.2832,6.1715,6.0598,6.0039,5.9202,5.8085,5.6968,5.5851,5.5292,5.4734,5.3058,5.1941,5.1382,5.0265,4.9707,4.859,4.6914,4.6356,4.5518,4.3843,4.2446,4.1329,4.0212,3.9375,3.8816,3.7978,3.6861,3.5186,3.2673,3.0439,2.9042,2.7925,2.6808,2.5691,2.4295,2.3178,2.2899,2.234,2.1223,2.0106,1.8989,1.7872,1.7593,1.8151,1.7872,1.7034,1.6755,1.6476,1.5638,1.48,1.4242,1.4242,1.48,1.48,1.4242,1.4242,1.4521,1.4242,1.4242,1.4521,1.4242,1.3404,1.3125,1.3683,1.3404,1.2846,1.3404,1.3963,1.3404,1.2846,1.2846,1.2287,1.1449,1.117,1.0891,1.0332,1.0332,1.117,1.2008,1.2287,1.2287,1.2566,1.3125,1.3125,1.3125,1.3963,1.4521,1.508,1.6197,1.6755,1.7593,1.8989,1.9268,1.9268,1.9827,2.0106,2.0106,2.0106,1.9548,1.8431,1.7872,1.7872,1.8151,1.8989,1.9827,2.0106,2.0106,2.0106,2.0106,2.0665,2.1502,2.1502,2.1223,2.1223,2.1223,2.1223,2.1502,2.1223,1.9827,1.871,1.7593,1.6197,1.5638,1.5359,1.48,1.4521,1.3963,1.2846,1.2008,1.1449,1.0891,1.0612,1.0612,1.0332,1.0332,1.0891,1.0891,1.0053,0.92153,0.89361,0.86568,0.75398,0.61436,0.55851,0.50265,0.36303,0.25133,0.2234,0.2234,0.2234,0.19548,0.083776,-0.083776,-0.19548,-0.25133,-0.30718,-0.36303,-0.41888,-0.4468,-0.47473,-0.53058,-0.61436,-0.75398,-0.89361,-0.97738,-1.0891,-1.2566,-1.3404,-1.3683,-1.4242,-1.4521,-1.4521,-1.4521,-1.4242,-1.3404,-1.2566,-1.2287,-1.2287,-1.2008,-1.117,-1.0332,-1.0053,-0.97738,-0.92153,-0.89361,-0.89361,-0.86568,-0.78191,-0.69813,-0.64228,-0.58643,-0.58643,-0.61436,-0.55851,-0.41888,-0.25133,-0.1117,-0.027925,0.083776,0.25133,0.3351,0.41888,0.58643,0.75398,0.94946,1.0891,1.1729,1.3125,1.4521,1.5359,1.5917,1.7314,1.9548,2.1223,2.234,2.3178,2.4016,2.5412,2.6529,2.7367,2.9322,3.1556,3.2673,3.351,3.4627,3.6024,3.7978,3.9933,4.1609,4.3843,4.6356,4.8311,4.9986,5.1662,5.3337,5.5013,5.6968,5.9202,6.0877,6.1715,6.2832,6.4507,6.5904,6.6462,6.6462,6.6741,6.73,6.8138,6.9255,6.9534,6.8975,6.9255,7.0372,7.1209,7.1209,7.093,7.1489,7.2047,7.2326,7.2885,7.3164,7.3164,7.2606,7.2047,7.2047,7.1768,7.1489,7.1768,7.1768,7.093,7.0372,7.0092,6.9813,6.9255,6.8138,6.8138,6.8696,6.8696,6.8417,6.73,6.6462,6.6183,6.5345,6.4507,6.367,6.2553,6.1156,5.976,5.8922,5.8364,5.8364,5.8643,5.8085,5.7526,5.7526,5.6688,5.5571,5.5292,5.4734,5.3617,5.2779,5.222,5.1662,5.0545,4.8311,4.6077,4.4401,4.2726,4.0771,3.8537,3.6582,3.4907,3.3231,3.1835,3.1276,3.0997,3.0439,3.0159,3.0718,3.1835,3.2673,3.3231,3.3231,3.2393,3.2114,3.2952,3.3231,3.2393,3.1276,3.0439,2.988,2.9042,2.8205,2.7088,2.5412,2.4295,2.4016,2.4295,2.4295,2.4016,2.4574,2.5691,2.6529,2.7367,2.8484,2.9601,3.0997,3.2114,3.2952,3.4069,3.4627,3.4069,3.2673,3.1556,3.1556,3.1835,3.1556,3.0718,2.9601,2.9042,2.9322,2.988,2.988,2.9322,2.8763,2.8205,2.7925,2.8205,2.8763,2.9042,2.9322,2.988,3.0439,3.1276,3.2393,3.351,3.4627,3.5186,3.5465,3.6303,3.6861,3.6861,3.6861,3.7141,3.7699,3.742,3.6303,3.5186,3.379,3.2114,3.0718,2.9322,2.7088,2.4853,2.3178,2.1502,1.9827,1.871,1.871,1.8989,1.8431,1.7593,1.7872,1.8989,2.0106,2.1502,2.2899,2.3736,2.4574,2.5412,2.597,2.597,2.5133,2.4295,2.3178,2.1502,1.9548,1.7034,1.48,1.3125,1.0891,0.80983,0.55851,0.36303,0.2234,0.083776,2.5697e-12,0.083776,0.19548,0.19548,0.16755,0.2234,0.36303,0.53058,0.67021,0.72606,0.72606,0.72606,0.72606,0.72606,0.67021,0.58643,0.50265,0.3351,0.16755,0.083776,-0.027925,-0.2234,-0.41888,-0.58643,-0.80983,-1.0891,-1.2846,-1.3683,-1.4242,-1.4242,-1.3963,-1.3963,-1.3404,-1.2287,-1.0332,-0.75398,-0.47473,-0.13963,0.19548,0.39095,0.55851,0.83776,1.0612,1.1729,1.2846,1.3963,1.4521,1.4242,1.3963,1.3963,1.3963,1.3404,1.2287,1.117,0.94946,0.78191,0.72606,0.72606,0.78191,0.86568,0.94946,1.0891,1.3125,1.6197,1.871,2.1223,2.4853,2.7646,2.9601,3.2114,3.4907,3.7699,3.9933,4.105,4.1888,4.2726,4.2446,4.1888,4.2167,4.2167,4.1329,4.0212,3.9095,3.7978,3.7141,3.6582,3.6582,3.7141,3.7699,3.8537,3.9375,4.0492,4.2726,4.5239,4.6635,4.7473,4.9148,5.0824,5.1941,5.3058,5.4175,5.5013,5.5013,5.4734,5.4175,5.3617,5.3617,5.2779,5.1103,4.9148,4.7194,4.5518,4.3563,4.1609,4.0771,4.0212,3.8537,3.7699,3.8258,3.8816,3.9654,4.0771,4.1888,4.2446,4.2726,4.3284,4.3284,4.2726,4.2167,4.1609,4.105,4.0212,3.8816,3.7141,3.5186,3.2673,3.0439,2.7925,2.4574,2.2061,1.9548,1.6476,1.4521,1.2846,1.0612,0.83776,0.61436,0.4468,0.36303,0.30718,0.25133,0.25133,0.27925,0.25133,0.19548,0.13963,0.1117,0.083776,0.027925,-0.027925,-0.1117,-0.2234,-0.3351,-0.4468,-0.55851,-0.69813,-0.86568,-1.0891,-1.3683,-1.5638,-1.6755,-1.7872,-1.8989,-2.0106,-2.0385,-2.0106,-2.0106,-1.9548,-1.871,-1.7593,-1.6476,-1.5917,-1.508,-1.4242,-1.3683,-1.3404,-1.3404,-1.3683,-1.4242,-1.508,-1.5638,-1.5359,-1.6197,-1.8431,-2.0665,-2.3457,-2.625,-2.8205,-2.988,-3.1276,-3.2114,-3.2114,-3.1556,-3.0718,-2.9322,-2.8205,-2.7367,-2.597,-2.4853,-2.4016,-2.234,-2.0944,-2.0106,-1.8989,-1.8151,-1.7314,-1.7034,-1.7593,-1.7872,-1.8151,-1.871,-1.9268,-2.0106,-2.1223,-2.234,-2.3457,-2.5133,-2.7367,-2.9042,-2.9601,-2.9601,-3.0159,-3.0718,-3.0718,-3.0718,-3.0159,-2.9322,-2.8763,-2.8484,-2.8205,-2.7088,-2.625,-2.5691,-2.4574,-2.4016,-2.3736,-2.3736,-2.4016,-2.3736,-2.4016,-2.4853,-2.5691,-2.7367,-2.9322,-3.1276,-3.3231,-3.4907,-3.6582,-3.7699,-3.8258,-3.9095,-4.0212,-4.0492,-3.9933,-3.9654,-3.9654,-3.9654,-3.9095,-3.7978,-3.7141,-3.6024,-3.4627,-3.4069,-3.351,-3.2952,-3.351,-3.4348,-3.4627,-3.5186,-3.6303,-3.6861,-3.742,-3.8537,-3.9095,-3.9095,-3.9375,-3.9654,-3.9933,-4.0492,-4.0771,-4.0771,-4.0212,-3.9654,-3.9375,-3.8258,-3.6861,-3.5465,-3.379,-3.2114,-3.0439,-2.8763,-2.6808,-2.4574,-2.2619,-2.1223,-1.9827,-1.8151,-1.6755,-1.5638,-1.4521,-1.3683,-1.3404,-1.3404,-1.3125,-1.2846,-1.3125,-1.3125,-1.2846,-1.2846,-1.2566,-1.2287,-1.2008,-1.117,-1.0332,-0.97738,-0.89361,-0.69813,-0.39095,-0.1117,0.1117,0.3351,0.53058,0.69813,0.86568,1.0332,1.2287,1.4242,1.48,1.4242,1.4242,1.4521,1.4521,1.4242,1.3683,1.3683,1.3683,1.3125,1.3125,1.3404,1.3683,1.4521,1.5638,1.6197,1.6197,1.6476,1.6476,1.6476,1.7314,1.7593,1.7034,1.6476,1.5917,1.5917,1.6476,1.6476,1.5917,1.5917,1.6755,1.7034,1.6197,1.5917,1.5917,1.508,1.4242,1.3683,1.2846,1.1729,1.0612,0.94946,0.83776,0.67021,0.50265,0.39095,0.27925,0.16755,0.055851,-0.027925,-0.083776,-0.1117,-0.13963,-0.19548,-0.19548,-0.16755,-0.19548,-0.19548,-0.16755,-0.19548,-0.25133,-0.3351,-0.41888,-0.50265,-0.69813,-0.97738,-1.2287,-1.4521,-1.6755,-1.8431,-1.9548,-2.1223,-2.3736,-2.6529,-2.8484,-2.8763,-2.8205,-2.7925,-2.8205,-2.8763,-2.8763,-2.8205,-2.8205,-2.8484,-2.8205,-2.8205,-2.8763,-2.9322,-2.988,-3.0997,-3.2393,-3.2952,-3.3231,-3.351,-3.4069,-3.5465,-3.6303,-3.6024,-3.5465,-3.5186,-3.5465,-3.5744,-3.5465,-3.4907,-3.5186,-3.6303,-3.6861,-3.6861,-3.742,-3.8258,-3.8537,-3.9095,-4.0212,-4.105,-4.1329,-4.1329,-4.1329,-4.1329,-4.105,-4.0492,-4.0212,-4.0212,-3.9933,-3.9375,-3.8816,-3.8258,-3.8258,-3.8537,-3.8258,-3.8816,-4.0212,-4.0492,-4.105,-4.2726,-4.3843,-4.468,-4.5518,-4.6077,-4.6635,-4.6914,-4.6914,-4.6914,-4.6635,-4.6077,-4.6077,-4.6635,-4.6914,-4.6077,-4.4401,-4.3843,-4.468,-4.5797,-4.6914,-4.7752,-4.8311,-4.9148,-5.0265,-5.1103,-5.1662,-5.25,-5.3617,-5.4734,-5.5292,-5.5292,-5.5013,-5.4454,-5.4175,-5.4175,-5.4175,-5.3617,-5.25,-5.1941,-5.25,-5.3617,-5.4175,-5.4454,-5.5571,-5.6968,-5.8085,-5.9202,-6.0319,-6.1156,-6.1715,-6.2273,-6.3111,-6.3949,-6.3949,-6.339,-6.2832,-6.2832,-6.3111,-6.3111,-6.3111,-6.3111,-6.339,-6.339,-6.3111,-6.367,-6.4787,-6.5904,-6.7021,-6.7579,-6.7579,-6.8975,-7.1209,-7.2047,-7.2606,-7.2885,-7.1768,-7.0372,-6.9534,-6.8975,-6.8138,-6.7021,-6.5904,-6.4787,-6.367,-6.2832,-6.2273,-6.1436,-6.0319,-5.9202,-5.8922,-5.9481,-5.8922,-5.7247,-5.5851,-5.4734,-5.3617,-5.25,-5.1662,-5.0824,-4.9148,-4.7194,-4.5797,-4.4122,-4.1609,-3.9654,-3.8816,-3.7978,-3.6861,-3.5744,-3.4627,-3.351,-3.2952,-3.3231,-3.2952,-3.1556,-3.0159,-2.9322,-2.7925,-2.5412,-2.3457,-2.2061,-1.9827,-1.7314,-1.508,-1.2846,-1.0891,-0.83776,-0.55851,-0.39095,-0.25133,-0.055851,0.16755,0.3351,0.47473,0.61436,0.72606,0.80983,0.83776,0.89361,1.0053,1.1449,1.3125,1.4521,1.5359,1.6197,1.9268,2.4295,2.7646,2.9042,2.988,3.0439,3.0997,3.1556,3.2393,3.3231,3.351,3.351,3.351,3.351,3.3231,3.2673,3.2393,3.2393,3.2393,3.2673,3.3231,3.2952,3.1835,3.1276,3.1276,3.1276,3.1276,3.1835,3.2673,3.2393,3.1556,3.1556,3.1835,3.0997,2.988,2.988,2.9601,2.8484,2.7367,2.625,2.5133,2.4295,2.4295,2.4016,2.2899,2.234,2.234,2.1502,1.9827,1.8989,1.8431,1.7034,1.6197,1.5638,1.4521,1.3683,1.2008,1.0053,0.92153,0.78191,0.55851,0.39095,0.27925,0.1117,-0.055851,-0.16755,-0.2234,-0.25133,-0.3351,-0.36303,-0.39095,-0.50265,-0.55851,-0.55851,-0.58643,-0.72606,-0.94946,-1.0612,-1.0332,-1.0053,-1.0612,-1.1729,-1.2008,-1.2008,-1.2846,-1.3404,-1.3683,-1.4242,-1.4521,-1.4242,-1.3683,-1.3404,-1.3404,-1.3404,-1.3404,-1.3404,-1.3125,-1.2566,-1.2287,-1.2287,-1.2008,-1.1449,-1.1449,-1.2287,-1.2846,-1.2566,-1.2846,-1.3963,-1.4242,-1.4242,-1.508,-1.5359,-1.508,-1.508,-1.48,-1.4242,-1.3683,-1.3404,-1.3125,-1.2566,-1.2287,-1.2287,-1.1729,-1.0612,-1.0053,-0.97738,-0.92153,-0.94946,-1.0332,-1.0891,-1.1449,-1.117,-1.117,-1.2287,-1.2287,-1.2008,-1.2846,-1.3404,-1.3125,-1.2846,-1.2846,-1.3404,-1.3963,-1.3683,-1.4242,-1.508,-1.508,-1.5359,-1.5638,-1.6197,-1.7314,-1.8151,-1.9268,-2.0944,-2.234,-2.3178,-2.3457,-2.4295,-2.597,-2.7088,-2.7925,-2.8484,-2.8484,-2.9042,-3.0159,-3.0997,-3.1556,-3.2393,-3.3231,-3.379,-3.4348,-3.4907,-3.5465,-3.6024,-3.6582,-3.7699,-3.9654,-4.105,-4.1329,-4.2167,-4.4122,-4.5518,-4.6077,-4.6914,-4.7752,-4.8031,-4.8311,-4.859,-4.859,-4.9148,-5.0265,-5.1103,-5.1662,-5.222,-5.2779,-5.3337,-5.3896,-5.5013,-5.6688,-5.8085,-5.8922,-5.9481,-5.976,-5.976,-6.0039,-6.0598,-6.1436,-6.1436,-6.0319,-6.0319,-6.0598,-6.0039,-5.976,-5.976,-5.9481,-5.8922,-5.8364,-5.8085,-5.8364,-5.8085,-5.7247,-5.6688,-5.613,-5.613,-5.613,-5.5571,-5.5292,-5.5013,-5.4454,-5.3617,-5.25,-5.1941,-5.1662,-5.0545,-4.9148,-4.8031,-4.6914,-4.5797,-4.468,-4.3563,-4.3005,-4.2726,-4.1609,-4.0771,-4.0492,-3.9933,-3.9654,-3.9375,-3.8816,-3.8537,-3.8258,-3.6861,-3.5465,-3.5186,-3.4348,-3.2673,-3.1276,-3.0159,-2.9042,-2.7925,-2.7088,-2.6529,-2.597,-2.5133,-2.3736,-2.234,-2.1502,-2.0944,-2.0385,-1.9827,-1.9268,-1.8431,-1.7314,-1.6197,-1.48,-1.3683,-1.3125,-1.2846,-1.2566,-1.1449,-1.0053,-0.89361,-0.86568,-0.92153,-0.89361,-0.78191,-0.67021,-0.58643,-0.53058,-0.53058,-0.58643,-0.58643,-0.53058,-0.50265,-0.53058,-0.58643,-0.67021,-0.78191,-0.83776,-0.80983,-0.75398,-0.69813,-0.67021,-0.67021,-0.67021,-0.69813,-0.72606,-0.72606,-0.75398,-0.80983,-0.86568,-0.94946,-1.0891,-1.2008,-1.2566,-1.2846,-1.3125,-1.3963,-1.4242,-1.4242,-1.508,-1.5638,-1.5917,-1.6476,-1.6755,-1.6755,-1.7593,-1.8989,-1.9548,-1.9827,-2.0385,-2.1223,-2.2061,-2.2619,-2.3457,-2.4574,-2.5691,-2.6808,-2.8205,-2.988,-3.1276,-3.2393,-3.3231,-3.4069,-3.5186,-3.6024,-3.742,-3.9095,-4.0212,-4.1609,-4.2726,-4.3563,-4.4401,-4.5239,-4.6635,-4.8031,-4.9148,-4.9707,-4.9707,-5.0265,-5.1662,-5.3337,-5.4734,-5.5571,-5.5851,-5.5851,-5.613,-5.6968,-5.7526,-5.7526,-5.7526,-5.6968,-5.5851,-5.5292,-5.5851,-5.6968,-5.7805,-5.7805,-5.7526,-5.8085,-5.8643,-5.8643,-5.8643,-5.8643,-5.8643,-5.8643,-5.8922,-5.8922,-5.8643,-5.8364,-5.7805,-5.7805,-5.8364,-5.9202,-5.976,-5.9202,-5.8643,-5.8922,-5.9481,-5.9481,-5.8922,-5.8364,-5.7805,-5.7526,-5.7526,-5.7247,-5.6409,-5.5851,-5.5571,-5.4734,-5.3896,-5.3337,-5.25,-5.1662,-5.1103,-5.0265,-4.9428,-4.9428,-4.9428,-4.8869,-4.8869,-4.859,-4.7473,-4.6356,-4.5518,-4.5518,-4.5518,-4.468,-4.3843,-4.3005,-4.1888,-4.105,-4.0771,-4.0771,-4.0212,-3.9654,-3.9654,-3.9095,-3.8537,-3.8816,-3.9375,-3.9654,-3.9375,-3.9375,-3.9654,-3.9654,-4.0212,-4.1329,-4.1888,-4.1609,-4.105,-4.105,-4.1888,-4.2167,-4.1609,-4.1329,-4.1329,-4.1609,-4.1888,-4.1888,-4.2167,-4.2167,-4.1888,-4.2167,-4.3284,-4.496,-4.5797,-4.5518,-4.496,-4.5239,-4.6635,-4.7752,-4.8031,-4.7752,-4.8031,-4.9428,-5.0265,-5.0265,-5.0545,-5.0824,-5.1382,-5.222,-5.25,-5.3337,-5.4734,-5.5292,-5.5292,-5.5851,-5.6688,-5.7247,-5.8085,-5.8922,-5.9202,-5.9481,-6.0039,-6.0319,-6.0598,-6.1715,-6.339,-6.4507,-6.4787,-6.4787,-6.5066,-6.5624,-6.6741,-6.7858,-6.7858,-6.7858,-6.8138,-6.8417,-6.8417,-6.7858,-6.7858,-6.8138,-6.7858,-6.73,-6.73,-6.73,-6.6462,-6.6183,-6.6741,-6.6741,-6.5904,-6.5345,-6.5345,-6.5345,-6.5066,-6.4507,-6.4507,-6.4507,-6.4228,-6.3949,-6.2832,-6.1994,-6.1715,-6.0598,-5.9481,-5.8922,-5.7805,-5.5851,-5.3896,-5.222,-5.1103,-5.0824,-4.9707,-4.7473,-4.5797,-4.468,-4.3843,-4.3005,-4.1609,-4.0771,-4.0771,-4.0212,-3.9375,-3.8537,-3.7978,-3.7699,-3.6303,-3.4348,-3.3231,-3.2673,-3.1556,-2.988,-2.8205,-2.6529,-2.4574,-2.2619,-2.0944,-1.9268,-1.7872,-1.6755,-1.508,-1.2846,-1.117,-0.97738,-0.86568,-0.83776,-0.75398,-0.55851,-0.41888,-0.36303,-0.25133,-0.13963,-0.055851,0.083776,0.25133,0.36303,0.41888,0.53058,0.69813,0.86568,0.94946,0.97738,1.0891,1.2566,1.4242,1.508,1.5359,1.6197,1.7314,1.871,2.0106,2.0944,2.1223,2.1782,2.234,2.2061,2.234,2.2899,2.2619,2.234,2.234,2.1782,2.0944,2.0944,2.0944,2.0665,2.1223,2.1782,2.1502,2.1502,2.2061,2.234,2.234,2.234,2.2899,2.4016,2.4574,2.4295,2.4016,2.4574,2.4853,2.4016,2.2899,2.2061,2.1502,2.0665,1.9548,1.8431,1.7314,1.5917,1.48,1.3963,1.3125,1.3125,1.3683,1.3683,1.3125,1.3125,1.3125,1.2846,1.3125,1.3125,1.2566,1.2008,1.0891,0.94946,0.86568,0.75398,0.55851,0.36303,0.27925,0.25133,0.1117,-0.1117,-0.25133,-0.27925,-0.36303,-0.47473,-0.53058,-0.64228,-0.72606,-0.72606,-0.75398,-0.80983,-0.92153,-1.0332,-1.0612,-1.0891,-1.1449,-1.1729,-1.2008,-1.2846,-1.3404,-1.3404,-1.3404,-1.3404,-1.3125,-1.2846,-1.3125,-1.3404,-1.3404,-1.3683,-1.4521,-1.508,-1.5359,-1.5917,-1.6197,-1.6197,-1.5917,-1.5917,-1.6476,-1.6755,-1.6197,-1.5638,-1.5917,-1.5638,-1.48,-1.4242,-1.3404,-1.2287,-1.1449,-1.0891,-1.0332,-0.97738,-0.94946,-0.94946,-0.89361,-0.86568,-0.94946,-1.0612,-1.117,-1.117,-1.1449,-1.1729,-1.2008,-1.2008,-1.1449,-1.117,-1.0612,-0.92153,-0.78191,-0.64228,-0.47473,-0.30718,-0.19548,-0.19548,-0.16755,-0.027925,0.1117,0.13963,0.1117,0.19548,0.25133,0.2234,0.25133,0.25133,0.2234,0.2234,0.2234,0.25133,0.27925,0.30718,0.39095,0.4468,0.47473,0.55851,0.67021,0.72606,0.69813,0.67021,0.67021,0.69813,0.72606,0.69813,0.64228,0.61436,0.61436,0.61436,0.61436,0.61436,0.58643,0.53058,0.50265,0.47473,0.41888,0.36303,0.3351,0.27925,0.19548,0.16755,0.13963,0.1117,0.1117,0.055851,-0.055851,-0.083776,-0.027925,-4.7363e-14,3.7658e-12,0.027925,0.027925,-0.055851,-0.083776,-0.027925,-1.2789e-12,-0.055851,-0.13963,-0.19548,-0.27925,-0.3351,-0.39095,-0.55851,-0.72606,-0.83776,-0.94946,-1.0612,-1.2287,-1.3683,-1.4242,-1.48,-1.48,-1.48,-1.5359,-1.5638,-1.508,-1.4521,-1.508,-1.5359,-1.5359,-1.5917,-1.5917,-1.5917,-1.6476,-1.7034,-1.7593,-1.8151,-1.9268,-2.0665,-2.1502,-2.2619,-2.4016,-2.5133,-2.5691,-2.5133,-2.4853,-2.5133,-2.5412,-2.597,-2.5691,-2.4574,-2.4016,-2.4016,-2.3457,-2.2619,-2.234,-2.1782,-2.0665,-2.0385,-2.0665,-2.0106,-1.9268,-1.871,-1.7872,-1.7034,-1.6755,-1.6755,-1.6755,-1.6755,-1.6197,-1.508,-1.508,-1.6197,-1.6476,-1.5917,-1.5638,-1.508,-1.3963,-1.3125,-1.2566,-1.1449,-0.94946,-0.78191,-0.64228,-0.4468,-0.25133,-0.1117,0.083776,0.3351,0.50265,0.61436,0.72606,0.86568,0.92153,0.89361,0.94946,1.0332,1.0612,1.0612,1.0891,1.0891,1.0891,1.2008,1.3404,1.48,1.6476,1.7872,1.9268,2.0944,2.2619,2.4295,2.5691,2.7088,2.8763,3.0439,3.2393,3.4348,3.6024,3.7141,3.742,3.8258,3.9375,3.9933,4.105,4.1888,4.2167,4.3005,4.3843,4.4401,4.468,4.5239,4.6077,4.6635,4.8031,4.9707,5.0545,5.1662,5.2779,5.3337,5.4454,5.5571,5.6409,5.7805,5.9481,6.0598,6.0877,6.1994,6.4228,6.5345,6.5624,6.6741,6.7579,6.7858,6.8417,6.8696,6.8696,6.8696,6.8696,6.8417,6.8138,6.7858,6.7858,6.8138,6.7858,6.7579,6.7579,6.7858,6.8417,6.9534,7.0651,7.093,7.093,7.1209,7.1768,7.2047,7.2326,7.2326,7.1489,7.0372,6.9255,6.8417,6.7858,6.7021,6.6183,6.5624,6.5066,6.5345,6.6183,6.5904,6.5066,6.4507,6.3949,6.339,6.2832,6.2273,6.1436,6.0598,6.0039,5.9202,5.8643,5.8085,5.6688,5.5571,5.4734,5.3896,5.3058,5.1941,5.0824,4.9428,4.7752,4.6356,4.496,4.3563,4.2446,4.105,4.0212,3.9654,3.8258,3.6303,3.4348,3.351,3.2673,3.0718,2.9322,2.8205,2.6529,2.5691,2.4853,2.3457,2.2899,2.2061,2.0665,2.0385,2.0385,1.9548,1.8989,1.8431,1.7314,1.6755,1.7034,1.7314,1.6755,1.5638,1.48,1.4521,1.4521,1.4521,1.4521,1.4521,1.4521,1.4521,1.48,1.5359,1.5917,1.6476,1.6476,1.6197,1.6476,1.6476,1.6197,1.5917,1.4521,1.3125,1.3404,1.3683,1.3125,1.2846,1.2566,1.2566,1.3125,1.3683,1.4521,1.5359,1.5917,1.5917,1.5638,1.6197,1.7034,1.7593,1.7872,1.7872,1.8151,1.871,1.9268,2.0385,2.1502,2.2061,2.2619,2.3178,2.3736,2.4016,2.4295,2.4853,2.597,2.7646,2.8484,2.8763,2.9601,3.0439,3.1556,3.2393,3.2114,3.2393,3.2952,3.2952,3.351,3.4069,3.351,3.2952,3.2952,3.2952,3.3231,3.351,3.3231,3.2393,3.1835,3.1835,3.1835,3.1835,3.1556,3.0997,3.0439,2.9601,2.8763,2.8205,2.7367,2.6529,2.597,2.5133,2.4016,2.3457,2.2899,2.2061,2.1782,2.1223,2.0665,2.0944,2.0665,1.9268,1.871,1.9268,1.8989,1.8431,1.8431,1.8151,1.7593,1.6476,1.5359,1.508,1.508,1.508,1.48,1.3963,1.2846,1.2287,1.2287,1.1729,1.0612,0.94946,0.80983,0.67021,0.55851,0.4468,0.3351,0.25133,0.19548,0.13963,0.083776,-0.027925,-0.19548,-0.30718,-0.36303,-0.39095,-0.39095,-0.4468,-0.47473,-0.41888,-0.39095,-0.39095,-0.4468,-0.50265,-0.47473,-0.4468,-0.41888,-0.36303,-0.36303,-0.41888,-0.39095,-0.27925,-0.2234,-0.2234,-0.16755,-0.083776,-0.083776,-0.055851,0.055851,0.13963,0.25133,0.36303,0.41888,0.55851,0.72606,0.80983,0.92153,1.0891,1.2008,1.2846,1.3683,1.4242,1.508,1.6197,1.7314,1.8431,1.9827,2.0665,2.0665,2.1782,2.3457,2.4016,2.4574,2.5691,2.7088,2.8205,2.8484,2.9042,3.0159,3.1276,3.2673,3.4348,3.5744,3.6861,3.8258,3.9933,4.1888,4.3843,4.5518,4.7473,4.9707,5.1941,5.3617,5.4734,5.5851,5.6968,5.8364,6.0039,6.1436,6.2553,6.3111,6.3111,6.367,6.4228,6.4228,6.4228,6.4787,6.6183,6.6741,6.6462,6.6741,6.7021,6.73,6.7858,6.8417,6.8138,6.7021,6.7021,6.73,6.6462,6.5904,6.6183,6.5904,6.4787,6.4228,6.3949,6.367,6.367,6.2832,6.1156,6.0319,6.0039,5.9481,5.9202,5.9202,5.9481,5.976,5.976,5.9481,5.8643,5.8085,5.7805,5.7526,5.7526,5.6409,5.4734,5.4175,5.3896,5.3058,5.1941,5.1662,5.1662,5.0824,4.9986,4.9148,4.8311,4.7752,4.7194,4.6635,4.5797,4.468,4.3284,4.2167,4.1609,4.0492,3.8816,3.7141,3.6024,3.5465,3.4348,3.2952,3.2114,3.1276,3.0159,2.9042,2.8205,2.7646,2.6808,2.597,2.5412,2.5133,2.4853,2.4295,2.4574,2.5133,2.5133,2.5133,2.4574,2.4295,2.4853,2.5412,2.597,2.5691,2.5691,2.6808,2.7367,2.7367,2.7367,2.7367,2.7367,2.7367,2.7367,2.7367,2.7646,2.8763,2.9601,2.9601,2.9601,2.9601,2.9601,2.9042,2.8484,2.8484,2.8205,2.8205,2.8763,2.9042,2.8763,2.7925,2.7646,2.8205,2.8205,2.7646,2.7646,2.8205,2.7925,2.7646,2.8205,2.8484,2.9042,2.9601,2.9601,2.9601,2.9601,3.0439,3.1835,3.2673,3.2952,3.2673,3.2673,3.3231,3.351,3.2952,3.1835,3.1835,3.2393,3.2114,3.2114,3.2393,3.2114,3.1835,3.2114,3.2393,3.2673,3.3231,3.3231,3.2673,3.2114,3.1276,3.0439,2.988,2.9322,2.9042,2.8205,2.6529,2.5412,2.4574,2.3736,2.2619,2.0665,1.8989,1.7872,1.7314,1.7314,1.6755,1.5917,1.508,1.3963,1.3125,1.2287,1.1449,1.0891,1.0332,0.97738,0.92153,0.89361,0.86568,0.78191,0.69813,0.64228,0.53058,0.36303,0.25133,0.25133,0.27925,0.2234,0.13963,0.083776,2.3664e-14,-0.083776,-0.13963,-0.2234,-0.30718,-0.39095,-0.53058,-0.64228,-0.69813,-0.75398,-0.83776,-1.0332,-1.2566,-1.3963,-1.508,-1.5638,-1.6197,-1.7314,-1.8151,-1.8431,-1.8151,-1.8151,-1.871,-1.9268,-1.9827,-2.0106,-1.9548,-1.871,-1.871,-1.8989,-1.8989,-1.8989,-1.8989,-1.8989,-1.8989,-1.871,-1.8151,-1.7872,-1.7872,-1.7872,-1.7593,-1.7034,-1.7034,-1.7034,-1.6197,-1.5359,-1.4242,-1.2846,-1.1729,-1.0891,-1.0053,-0.86568,-0.78191,-0.69813,-0.53058,-0.4468,-0.41888,-0.36303,-0.30718,-0.25133,-0.2234,-0.19548,-0.13963,-0.1117,-0.027925,0.13963,0.25133,0.3351,0.47473,0.64228,0.78191,0.89361,1.0332,1.2008,1.3963,1.5917,1.7034,1.8431,2.0665,2.234,2.3457,2.4574,2.5691,2.6529,2.6808,2.7367,2.8763,3.0159,3.1276,3.2393,3.3231,3.379,3.4627,3.6024,3.742,3.8258,3.8816,3.9654,4.105,4.2167,4.2726,4.3005,4.2726,4.2726,4.3284,4.3284,4.2726,4.2446,4.2446,4.2726,4.2726,4.1888,4.1329,4.1329,4.1329,4.1609,4.2167,4.3005,4.3843,4.3843,4.3843,4.4122,4.3843,4.3284,4.3005,4.2446,4.105,4.0212,3.9375,3.7978,3.7699,3.742,3.6303,3.5186,3.4069,3.351,3.3231,3.2673,3.2393,3.1556,2.988,2.8763,2.8205,2.7925,2.7367,2.625,2.5133,2.4016,2.3178,2.1782,2.0106,1.9268,1.7872,1.5638,1.3404,1.2008,1.1449,1.0053,0.80983,0.69813,0.61436,0.50265,0.41888,0.36303,0.27925,0.19548,0.19548,0.19548,0.1117,0.055851,0.055851,0.055851,0.055851,3.5654e-14,-0.055851,-0.055851,-0.055851,-0.027925,-0.055851,-0.13963,-0.16755,-0.19548,-0.2234,-0.2234,-0.25133,-0.27925,-0.25133,-0.19548,-0.13963,-0.1117,-0.13963,-0.19548,-0.2234,-0.19548,-0.1117,-0.083776,-0.13963,-0.1117,-5.9129e-14,0.027925,-8.2697e-14,0.055851,0.13963,0.2234,0.27925,0.25133,0.25133,0.3351,0.4468,0.55851,0.64228,0.67021,0.67021,0.69813,0.80983,0.97738,1.0891,1.1449,1.1729,1.2008,1.2566,1.3125,1.3683,1.3404,1.3125,1.3683,1.4242,1.48,1.5359,1.6476,1.7314,1.7314,1.7872,1.8989,2.0106,2.1223,2.2061,2.234,2.234,2.2619,2.2899,2.2619,2.2061,2.1782,2.1502,2.0665,1.9548,1.8431,1.7872,1.7314,1.5917,1.4242,1.3125,1.3404,1.3683,1.3404,1.3963,1.48,1.5359,1.5638,1.5638,1.5917,1.5917,1.508,1.48,1.508,1.48,1.4242,1.3125,1.117,0.97738,0.92153,0.80983,0.64228,0.53058,0.50265,0.47473,0.39095,0.30718,0.27925,0.27925,0.3351,0.36303,0.30718,0.27925,0.27925,0.30718,0.36303,0.39095,0.3351,0.2234,0.13963,0.083776,-2.4869e-12,-0.1117,-0.19548,-0.27925,-0.39095,-0.41888,-0.39095,-0.4468,-0.55851,-0.61436,-0.61436,-0.61436,-0.58643,-0.53058,-0.4468,-0.3351,-0.27925,-0.27925,-0.2234,-0.13963,-0.083776,-3.5736e-14,0.1117,0.2234,0.36303,0.47473,0.55851,0.69813,0.83776,0.97738,1.0891,1.1729,1.3404,1.5638,1.6755,1.6476,1.7034,1.7872,1.7593,1.7314,1.7314,1.7593,1.8151,1.8431,1.871,1.9827,2.0944,2.1782,2.3457,2.5133,2.6529,2.9042,3.2114,3.5186,3.8258,4.0771,4.3284,4.5518,4.6914,4.859,5.0265,5.1382,5.25,5.25,5.222,5.2779,5.3058,5.3058,5.2779,5.222,5.1662,5.1382,5.1662,5.222,5.25,5.3337,5.5013,5.613,5.7526,5.9481,6.0877,6.2273,6.4228,6.6462,6.8417,7.0092,7.1209,7.1768,7.2047,7.1768,7.1489,7.1489,7.1489,7.1209,7.0651,7.0092,6.9255,6.7858,6.6462,6.5624,6.5066,6.3949,6.2553,6.1994,6.1436,6.0877,6.0877,6.0598,6.0319,6.0877,6.1994,6.2553,6.339,6.5066,6.6183,6.6741,6.73,6.7858,6.8138,6.8138,6.7858,6.7021,6.5904,6.4507,6.3111,6.1715,5.9481,5.6688,5.3337,4.9986,4.7473,4.496,4.2726,4.1609,4.0492,3.9095,3.8258,3.7699,3.7978,3.8816,3.9375,3.9654,3.9654,4.0492,4.2167,4.3563,4.4401,4.4401,4.4122,4.468,4.468,4.3563,4.3005,4.1888,4.0212,3.9095,3.742,3.5186,3.2952,3.0997,2.9042,2.7088,2.5691,2.4853,2.4295,2.3457,2.2899,2.2899,2.2899,2.3457,2.4853,2.6529,2.8205,2.9322,2.9601,3.0159,3.1556,3.2393,3.2114,3.2393,3.2673,3.2114,3.1556,3.0439,2.9042,2.7925,2.6808,2.5412,2.3736,2.234,2.1223,2.0106,1.8989,1.8431,1.8431,1.871,1.9548,2.0665,2.2061,2.3457,2.5133,2.7088,2.8484,2.988,3.0997,3.1556,3.2114,3.2114,3.0997,2.988,2.9601,2.9042,2.7367,2.4853,2.234,2.0106,1.8151,1.6755,1.48,1.1729,0.92153,0.80983,0.78191,0.72606,0.58643,0.53058,0.58643,0.58643,0.61436,0.67021,0.67021,0.72606,0.83776,0.92153,0.92153,0.92153,0.94946,0.92153,0.89361,0.86568,0.78191,0.64228,0.47473,0.30718,0.13963,-0.083776,-0.39095,-0.64228,-0.78191,-0.92153,-1.0891,-1.2287,-1.2846,-1.2846,-1.3404,-1.3683,-1.3404,-1.3404,-1.2846,-1.2008,-1.1449,-1.117,-1.117,-1.117,-1.1449,-1.2008,-1.2287,-1.2566,-1.3404,-1.4521,-1.6197,-1.8431,-2.0665,-2.3178,-2.5412,-2.7367,-2.9322,-3.0718,-3.1835,-3.2393,-3.2114,-3.1556,-3.0718,-2.9042,-2.7088,-2.597,-2.5133,-2.2899,-1.9548,-1.6755,-1.4521,-1.2287,-1.0612,-0.92153,-0.69813,-0.53058,-0.50265,-0.47473,-0.39095,-0.27925,-0.25133,-0.30718,-0.3351,-0.39095,-0.41888,-0.3351,-0.30718,-0.36303,-0.36303,-0.27925,-0.19548,-0.083776,0.055851,0.13963,0.27925,0.53058,0.78191,1.0332,1.3125,1.5359,1.7314,1.9827,2.2061,2.3736,2.597,2.8205,2.9042,2.9322,2.988,3.0159,2.988,2.9601,2.9601,2.9042,2.7925,2.6808,2.597,2.5691,2.5412,2.5412,2.625,2.6529,2.6529,2.7367,2.8484,2.988,3.1276,3.2393,3.351,3.4348,3.4627,3.4627,3.5186,3.6303,3.6582,3.5744,3.4627,3.351,3.2114,3.0439,2.9042,2.7925,2.625,2.4016,2.2061,2.0106,1.8151,1.6755,1.5638,1.4521,1.3963,1.3963,1.3683,1.3125,1.2566,1.2008,1.1449,1.117,1.1729,1.2008,1.0891,1.0053,1.0053,0.97738,0.92153,0.86568,0.75398,0.61436,0.53058,0.36303,0.055851,-0.19548,-0.41888,-0.69813,-0.94946,-1.1729,-1.3683,-1.5638,-1.7593,-1.9548,-2.1782,-2.3178,-2.3736,-2.4295,-2.4574,-2.4574,-2.4295,-2.3736,-2.3178,-2.2619,-2.1782,-2.0944,-2.0944,-2.0665,-2.0106,-2.0944,-2.1782,-2.1782,-2.234,-2.3736,-2.5133,-2.5691,-2.597,-2.6529,-2.7088,-2.7088,-2.6529,-2.7088,-2.8484,-2.8763,-2.8205,-2.7646,-2.7088,-2.6529,-2.597,-2.5412,-2.4853,-2.4295,-2.3736,-2.3178,-2.2061,-2.0665,-1.9827,-1.9268,-1.8989,-1.8989,-1.8989,-1.8989,-1.9268,-1.9827,-1.9827,-1.9548,-1.9827,-2.0665,-2.1782,-2.2619,-2.3457,-2.4574,-2.5691,-2.6808,-2.7925,-2.8484,-2.8484,-2.9042,-2.9322,-2.8205,-2.7367,-2.7088,-2.625,-2.5133,-2.4295,-2.4016,-2.3736,-2.3736,-2.4295,-2.4295,-2.4295,-2.5412,-2.6808,-2.8205,-3.0159,-3.2393,-3.4627,-3.6582,-3.7978,-3.9654,-4.1329,-4.1888,-4.3005,-4.468,-4.468,-4.4122,-4.468,-4.5239,-4.468,-4.4401,-4.5239,-4.5797,-4.6077,-4.6635,-4.7473,-4.859,-4.9148,-4.9428,-5.0265,-5.1662,-5.3058,-5.4175,-5.5292,-5.6409,-5.7526,-5.8364,-5.8922,-5.9481,-6.0039,-6.1156,-6.3111,-6.4507,-6.5066,-6.5904,-6.7021,-6.8138,-6.9534,-7.0651,-7.1209,-7.2326,-7.3164,-7.3443,-7.4281,-7.456,-7.4002,-7.3443,-7.2606,-7.1489,-7.0372,-6.9255,-6.8417,-6.8138,-6.7858,-6.73,-6.7021,-6.6741,-6.6462,-6.7021,-6.8138,-6.8696,-6.8696,-6.8975,-6.8975,-6.8417,-6.8417,-6.8138,-6.6741,-6.5624,-6.4507,-6.2273,-5.976,-5.7805,-5.5851,-5.3896,-5.1941,-5.0265,-4.9707,-4.8869,-4.7473,-4.6914,-4.6635,-4.5797,-4.5239,-4.5518,-4.5239,-4.4122,-4.3005,-4.1888,-4.0771,-3.9375,-3.7699,-3.5744,-3.379,-3.2114,-2.9601,-2.6808,-2.4853,-2.3178,-2.1502,-1.9827,-1.871,-1.8431,-1.8431,-1.8151,-1.7314,-1.5917,-1.508,-1.508,-1.48,-1.4242,-1.3404,-1.2008,-1.0612,-0.94946,-0.78191,-0.61436,-0.50265,-0.3351,-0.16755,-0.055851,0.055851,0.083776,0.027925,-0.027925,-0.083776,-0.13963,-0.13963,-0.1117,-0.19548,-0.3351,-0.41888,-0.41888,-0.36303,-0.30718,-0.25133,-0.19548,-0.1117,-0.055851,-0.027925,0.083776,0.16755,0.16755,0.16755,0.16755,0.13963,0.027925,-0.083776,-0.13963,-0.2234,-0.36303,-0.47473,-0.50265,-0.53058,-0.58643,-0.64228,-0.67021,-0.69813,-0.72606,-0.69813,-0.67021,-0.67021,-0.72606,-0.78191,-0.78191,-0.83776,-0.94946,-1.0891,-1.2287,-1.3683,-1.5917,-1.8431,-2.0385,-2.2061,-2.3736,-2.5412,-2.6808,-2.7367,-2.7367,-2.7925,-2.8763,-2.9322,-2.9322,-2.8763,-2.8205,-2.7367,-2.6808,-2.6808,-2.6808,-2.6808,-2.7367,-2.8484,-2.9042,-2.9601,-3.0997,-3.2673,-3.4348,-3.5186,-3.5186,-3.5186,-3.5186,-3.5186,-3.5465,-3.5465,-3.4069,-3.2393,-3.1556,-3.1276,-3.0997,-3.0439,-3.0159,-3.0159,-3.0159,-2.9601,-2.9042,-2.9601,-3.0439,-3.0997,-3.0997,-3.1276,-3.2393,-3.2393,-3.1556,-3.1556,-3.1556,-3.0439,-2.9322,-2.8484,-2.7367,-2.625,-2.5412,-2.5133,-2.4295,-2.2899,-2.234,-2.234,-2.234,-2.2061,-2.2061,-2.2619,-2.2899,-2.2899,-2.2899,-2.2899,-2.234,-2.1782,-2.1782,-2.1223,-2.0106,-1.8989,-1.8151,-1.7593,-1.7034,-1.6476,-1.5638,-1.4521,-1.3404,-1.3125,-1.3683,-1.4242,-1.508,-1.6197,-1.7314,-1.8151,-1.871,-1.8989,-1.9268,-2.0106,-2.0665,-2.0385,-1.9827,-1.9268,-1.8989,-1.8989,-1.8989,-1.8989,-1.8989,-1.8989,-1.9268,-1.9827,-2.0106,-2.0665,-2.1782,-2.234,-2.234,-2.2899,-2.4016,-2.4853,-2.597,-2.7367,-2.8205,-2.8484,-2.8484,-2.9042,-2.9042,-2.7925,-2.7646,-2.8205,-2.8484,-2.8763,-2.9601,-3.0439,-3.1556,-3.2952,-3.4069,-3.4907,-3.5465,-3.6861,-3.8537,-3.9375,-3.9933,-4.0771,-4.1888,-4.2167,-4.1888,-4.1888,-4.1609,-4.1329,-4.1329,-4.1609,-4.1329,-3.9933,-3.9375,-3.9933,-4.0212,-3.9654,-3.8537,-3.7978,-3.7978,-3.7978,-3.8537,-3.9654,-4.0212,-4.0212,-3.9933,-3.9375,-3.8258,-3.6861,-3.6303,-3.6303,-3.6024,-3.4907,-3.351,-3.2673,-3.2114,-3.1556,-3.0997,-3.0439,-2.9601,-2.8484,-2.7646,-2.7088,-2.625,-2.5133,-2.4574,-2.4853,-2.4574,-2.3178,-2.2619,-2.3178,-2.2899,-2.1782,-2.0944,-2.0106,-1.8989,-1.7593,-1.6197,-1.508,-1.3683,-1.2846,-1.2566,-1.1729,-1.0612,-0.94946,-0.86568,-0.78191,-0.64228,-0.47473,-0.36303,-0.30718,-0.25133,-0.19548,-0.1117,-0.055851,-0.055851,-0.055851,-2.546e-12,0.1117,0.13963,0.13963,0.19548,0.19548,0.19548,0.25133,0.30718,0.3351,0.27925,0.27925,0.39095,0.41888,0.3351,0.25133,0.19548,0.13963,0.083776,0.055851,0.055851,0.055851,0.083776,0.083776,1.1724e-12,-0.13963,-0.2234,-0.19548,-0.16755,-0.19548,-0.30718,-0.39095,-0.39095,-0.41888,-0.4468,-0.4468,-0.47473,-0.55851,-0.67021,-0.75398,-0.80983,-0.92153,-1.0612,-1.1449,-1.1729,-1.2008,-1.3125,-1.3963,-1.3963,-1.4242,-1.48,-1.5359,-1.5638,-1.5638,-1.6197,-1.7314,-1.8431,-1.9548,-2.0106,-2.0665,-2.1782,-2.2619,-2.3457,-2.4295,-2.5412,-2.7646,-2.9601,-3.0439,-3.1276,-3.2393,-3.351,-3.4348,-3.4348,-3.4069,-3.4069,-3.4348,-3.4907,-3.5186,-3.5465,-3.6024,-3.6024,-3.5744,-3.6024,-3.6303,-3.6303,-3.6303,-3.6861,-3.7978,-3.8258,-3.7699,-3.7978,-3.8258,-3.7699,-3.742,-3.742,-3.742,-3.7141,-3.7141,-3.742,-3.6861,-3.5744,-3.5465,-3.6024,-3.6024,-3.5465,-3.4627,-3.4348,-3.4907,-3.4907,-3.4907,-3.5465,-3.5465,-3.5186,-3.4907,-3.4069,-3.3231,-3.2673,-3.2673,-3.2952,-3.2673,-3.2114,-3.1276,-3.0439,-3.0159,-3.0159,-2.988,-2.9322,-2.9322,-2.988,-2.988,-2.9601,-2.9601,-2.9042,-2.8484,-2.8484,-2.8484,-2.8763,-2.8763,-2.8484,-2.8205,-2.7088,-2.625,-2.625,-2.5691,-2.4853,-2.4295,-2.4016,-2.4574,-2.5133,-2.5133,-2.5133,-2.5133,-2.5133,-2.5133,-2.5412,-2.625,-2.7367,-2.7925,-2.8484,-2.9601,-3.0159,-3.0439,-3.0997,-3.1835,-3.2952,-3.3231,-3.351,-3.4627,-3.5186,-3.5465,-3.6024,-3.6861,-3.7699,-3.8258,-3.9095,-4.0212,-4.105,-4.1609,-4.2446,-4.3563,-4.4401,-4.468,-4.496,-4.5797,-4.6635,-4.7194,-4.8031,-4.8869,-4.9986,-5.1662,-5.2779,-5.3058,-5.2779,-5.2779,-5.3617,-5.4734,-5.5851,-5.6968,-5.7526,-5.7805,-5.8922,-6.0319,-6.1156,-6.1715,-6.2553,-6.339,-6.4228,-6.6183,-6.8417,-6.9534,-7.0092,-7.0651,-7.1489,-7.2326,-7.2885,-7.3723,-7.4281,-7.4281,-7.484,-7.5398,-7.5398,-7.5677,-7.5677,-7.5398,-7.5398,-7.5398,-7.5398,-7.5398,-7.5398,-7.484,-7.4281,-7.4281,-7.4281,-7.4002,-7.3443,-7.3164,-7.2885,-7.2606,-7.2606,-7.2326,-7.2047,-7.1768,-7.1209,-7.0651,-6.9534,-6.8138,-6.73,-6.6741,-6.5904,-6.4787,-6.367,-6.2553,-6.1436,-6.0598,-6.0039,-5.976,-5.976,-5.9202,-5.8085,-5.7247,-5.6688,-5.5851,-5.4734,-5.3337,-5.222,-5.1941,-5.1662,-5.1103,-5.0265,-4.9148,-4.8031,-4.6914,-4.5797,-4.496,-4.3843,-4.2167,-4.105,-4.0212,-3.9095,-3.7978,-3.6861,-3.5186,-3.2673,-3.0439,-2.9042,-2.7925,-2.7088,-2.6529,-2.5412,-2.3736,-2.234,-2.1502,-2.0944,-1.9827,-1.8431,-1.7314,-1.5917,-1.48,-1.3963,-1.2846,-1.2008,-1.117,-1.0053,-0.92153,-0.89361,-0.80983,-0.64228,-0.53058,-0.47473,-0.41888,-0.36303,-0.30718,-0.19548,-0.027925,0.083776,0.13963,0.16755,0.16755,0.16755,0.13963,0.1117,0.16755,0.27925,0.3351,0.3351,0.3351,0.3351,0.3351,0.36303,0.41888,0.47473,0.53058,0.53058,0.47473,0.50265,0.58643,0.58643,0.55851,0.53058,0.50265,0.50265,0.47473,0.4468,0.4468,0.41888,0.36303,0.3351,0.3351,0.3351,0.27925,0.2234,0.27925,0.3351,0.30718,0.25133,0.19548,0.1117,-4.7418e-14,-0.083776,-0.13963,-0.19548,-0.2234,-0.2234,-0.30718,-0.47473,-0.58643,-0.67021,-0.78191,-0.92153,-1.0612,-1.1729,-1.3125,-1.4242,-1.508,-1.6197,-1.6755,-1.7314,-1.871,-1.9827,-2.0106,-2.0665,-2.1782,-2.2619,-2.3178,-2.3736,-2.4574,-2.5412,-2.625,-2.7646,-2.8763,-2.9322,-2.9322,-2.8763,-2.9322,-3.0718,-3.1276,-3.1835,-3.2952,-3.379,-3.4348,-3.4627,-3.4907,-3.5465,-3.5465,-3.5186,-3.5465,-3.6024,-3.6303,-3.6024,-3.6303,-3.7141,-3.742,-3.7699,-3.7699,-3.742,-3.742,-3.742,-3.7699,-3.8258,-3.8537,-3.8537,-3.8816,-3.9375,-4.0212,-4.0492,-4.0212,-4.105,-4.2167,-4.2167,-4.1609,-4.105,-4.0492,-3.9933,-3.9375,-3.8816,-3.8537,-3.8258,-3.7699,-3.7141,-3.6582,-3.6024,-3.5186,-3.4348,-3.379,-3.379,-3.4069,-3.351,-3.2952,-3.3231,-3.351,-3.379,-3.4348,-3.4069,-3.3231,-3.351,-3.379,-3.3231,-3.2673,-3.1835,-3.0997,-2.988,-2.8763,-2.8205,-2.7088,-2.597,-2.5412,-2.5412,-2.597,-2.5133,-2.3457,-2.3457,-2.4016,-2.4016,-2.4016,-2.4295,-2.5412,-2.625,-2.625,-2.7088,-2.8205,-2.8484,-2.8484,-2.8205,-2.8205,-2.8484,-2.8205,-2.7646,-2.7367,-2.7646,-2.7646,-2.7088,-2.6529,-2.625,-2.625,-2.625,-2.625,-2.625,-2.6529,-2.6529,-2.6529,-2.7367,-2.7646,-2.7367,-2.7925,-2.9042,-2.988,-3.0718,-3.1835,-3.2673,-3.351,-3.4069,-3.4348,-3.5186,-3.5744,-3.5465,-3.5465,-3.6303,-3.6861,-3.6582,-3.5744,-3.5465,-3.6303,-3.6582,-3.5744,-3.5465,-3.6024,-3.5744,-3.5744,-3.6861,-3.7141,-3.742,-3.8537,-3.9654,-4.105,-4.2446,-4.3843,-4.496,-4.5518,-4.6356,-4.7473,-4.8311,-4.8031,-4.7194,-4.7473,-4.8311,-4.8031,-4.6914,-4.5797,-4.496,-4.3843,-4.1888,-4.0492,-3.9933,-3.9095,-3.8258,-3.7699,-3.7141,-3.6861,-3.6582,-3.6024,-3.5744,-3.6024,-3.6303,-3.6024,-3.5744,-3.5744,-3.5744,-3.5465,-3.4907,-3.4069,-3.2952,-3.2114,-3.0997,-2.9601,-2.8763,-2.7646,-2.625,-2.5412,-2.4295,-2.2619,-2.1502,-2.0385,-1.871,-1.7593,-1.6476,-1.508,-1.4242,-1.3125,-1.1729,-1.117,-1.0891,-0.97738,-0.83776,-0.78191,-0.78191,-0.69813,-0.53058,-0.4468,-0.4468,-0.36303,-0.19548,-0.1117,-4.7705e-14,0.2234,0.39095,0.53058,0.69813,0.89361,1.0891,1.2566,1.4242,1.5359,1.5638,1.5638,1.6476,1.7593,1.7314,1.6755,1.7314,1.8431,1.8989,1.871,1.8151,1.8151,1.871,1.8989,1.9268,2.0106,2.1223,2.234,2.3178,2.3736,2.4574,2.5691,2.6529,2.7088,2.8205,2.988,3.0997,3.1556,3.2114,3.2393,3.2673,3.3231,3.351,3.351,3.379,3.4069,3.379,3.379,3.4069,3.4069,3.4348,3.4348,3.4069,3.4348,3.4627,3.4627,3.4907,3.5186,3.5186,3.5744,3.6303,3.6303,3.6861,3.7699,3.7978,3.7978,3.7978,3.8258,3.8537,3.8258,3.7978,3.7978,3.7978,3.7978,3.7978,3.7141,3.5465,3.4348,3.4069,3.4069,3.3231,3.2114,3.1835,3.1835,3.2114,3.3231,3.4907,3.5744,3.6024,3.6582,3.7141,3.7141,3.6303,3.5744,3.5465,3.4907,3.4348,3.3231,3.1835,3.0718,2.9322,2.7646,2.597,2.4853,2.4295,2.3457,2.2061,2.0944,2.0665,2.0385,1.9827,1.9268,1.871,1.8431,1.871,1.871,1.8151,1.7314,1.6476,1.5917,1.5359,1.5359,1.508,1.4242,1.3963,1.3683,1.3683,1.3683,1.3125,1.2846,1.2566,1.2008,1.1729,1.1449,1.0332,0.94946,0.92153,0.80983,0.72606,0.72606,0.69813,0.69813,0.72606,0.72606,0.75398,0.80983,0.89361,0.92153,0.86568,0.89361,1.0053,1.117,1.2008,1.2008,1.1729,1.2287,1.2846,1.2846,1.2566,1.2008,1.1449,1.0891,1.0332,0.97738,1.0053,1.0612,1.0891,1.2008,1.3404,1.48,1.6476,1.7314,1.7593,1.871,2.0385,2.1502,2.2061,2.2899,2.3457,2.3457,2.3457,2.4016,2.4574,2.4016,2.3178,2.2619,2.2619,2.3457,2.4016,2.4016,2.4574,2.5691,2.7367,2.9042,2.988,3.0718,3.1556,3.2673,3.379,3.379,3.379,3.4069,3.4348,3.4627,3.4069,3.379,3.4348,3.4348,3.4348,3.5186,3.5465,3.5465,3.6303,3.6582,3.6024,3.6024,3.6303,3.6024,3.5465,3.5186,3.5186,3.4627,3.4348,3.4907,3.4627,3.379,3.3231,3.2952,3.3231,3.3231,3.2673,3.2393,3.2114,3.2114,3.2393,3.1835,3.0997,3.0718,3.0718,3.0159,2.9042,2.7925,2.6808,2.5691,2.4574,2.3457,2.3178,2.3736,2.3457,2.234,2.2061,2.2619,2.2619,2.2619,2.3178,2.3457,2.2899,2.234,2.2899,2.3457,2.3457,2.3178,2.2061,2.0665,1.9827,1.871,1.7034,1.508,1.3404,1.2846,1.2287,1.117,1.0053,0.94946,0.97738,1.0053,1.0053,0.97738,1.0053,1.1449,1.2008,1.1449,1.1449,1.1729,1.1449,1.1449,1.1729,1.1449,1.1449,1.2008,1.2287,1.2287,1.2566,1.3404,1.3963,1.3963,1.4521,1.5359,1.5917,1.6755,1.8151,1.9827,2.0665,2.0665,2.1223,2.2619,2.4016,2.4853,2.5412,2.625,2.7646,2.9042,3.0439,3.1835,3.2673,3.4069,3.6303,3.7978,3.9095,4.0212,4.1329,4.2167,4.2726,4.3563,4.468,4.5518,4.6077,4.6914,4.7752,4.8311,4.9148,5.0824,5.2779,5.3896,5.4734,5.5851,5.6968,5.8364,6.0039,6.1436,6.3111,6.5345,6.73,6.8696,6.9534,7.0372,7.1489,7.2885,7.4281,7.5119,7.5677,7.6236,7.7353,7.8191,7.8191,7.9029,8.0425,8.0983,8.1263,8.238,8.3217,8.3217,8.3776,8.4334,8.4334,8.4334,8.4334,8.4334,8.3776,8.3217,8.3217,8.2659,8.1821,8.1263,8.0425,7.9308,7.8191,7.7632,7.7632,7.7353,7.6515,7.5677,7.5398,7.484,7.4002,7.3443,7.2606,7.1209,7.0092,6.9813,6.8975,6.73,6.5904,6.4787,6.367,6.2553,6.1715,6.1156,6.0319,5.9202,5.8085,5.6968,5.5851,5.5013,5.4454,5.3617,5.222,5.0545,4.9148,4.8031,4.6914,4.5797,4.496,4.4401,4.3563,4.1888,3.9933,3.8816,3.7978,3.6861,3.5744,3.4907,3.379,3.1835,3.0439,2.9601,2.8484,2.7367,2.625,2.5133,2.3736,2.234,2.1782,2.1223,1.9548,1.8431,1.8431,1.7872,1.7314,1.7314,1.7314,1.7593,1.7872,1.8151,1.871,1.9268,2.0106,2.0665,2.0385,2.0385,2.0665,2.0385,2.0106,2.0106,1.9827,1.9268,1.8989,1.8989,1.9268,1.9548,1.9268,1.9268,1.9827,2.0106,2.0106,2.0385,2.1223,2.2061,2.2619,2.3457,2.4574,2.5133,2.4853,2.4853,2.5691,2.6529,2.7088,2.7925,2.8205,2.7646,2.7646,2.8205,2.9042,2.988,3.0439,3.1276,3.2114,3.2114,3.1835,3.2393,3.379,3.4907,3.5465,3.6303,3.7141,3.7699,3.7699,3.7699,3.8537,3.8537,3.7978,3.8258,3.8258,3.8258,3.8537,3.8537,3.8816,3.8816,3.8537,3.9095,3.9375,3.8816,3.9095,3.9375,3.8816,3.8258,3.7141,3.6024,3.5465,3.4627,3.3231,3.1556,3.0439,3.0159,2.988,2.9042,2.8484,2.8205,2.7367,2.6529,2.597,2.5412,2.4853,2.4016,2.2899,2.234,2.1782,2.0665,1.9827,1.9268,1.8431,1.7034,1.5917,1.5359,1.4521,1.3125,1.1729,1.117,1.0891,0.97738,0.86568,0.80983,0.67021,0.55851,0.55851,0.50265,0.41888,0.30718,0.16755,0.083776,-0.027925,-0.13963,-0.16755,-0.2234,-0.3351,-0.47473,-0.61436,-0.75398,-0.92153,-1.0612,-1.1729,-1.2287,-1.2566,-1.3404,-1.3683,-1.3404,-1.3963,-1.48,-1.5638,-1.6197,-1.6197,-1.6197,-1.6197,-1.6197,-1.6197,-1.5917,-1.5359,-1.5638,-1.5917,-1.5359,-1.48,-1.3963,-1.2846,-1.1729,-1.117,-1.0612,-0.94946,-0.89361,-0.89361,-0.89361,-0.83776,-0.75398,-0.69813,-0.61436,-0.50265,-0.36303,-0.27925,-0.27925,-0.19548,-0.027925,0.1117,0.25133,0.41888,0.53058,0.58643,0.69813,0.86568,1.0053,1.0891,1.117,1.1729,1.2846,1.3683,1.4242,1.508,1.6197,1.7314,1.8989,2.0385,2.0944,2.2061,2.3457,2.4853,2.6808,2.8484,2.988,3.1556,3.2952,3.4348,3.5744,3.742,3.9375,4.0771,4.2167,4.3843,4.5239,4.6077,4.6635,4.7473,4.859,4.9707,5.0824,5.1941,5.3337,5.4734,5.5571,5.5571,5.5851,5.6968,5.7526,5.7805,5.8085,5.8364,5.8643,5.8643,5.8643,5.8643,5.8085,5.6968,5.6688,5.6688,5.613,5.5851,5.613,5.6688,5.6968,5.6968,5.6688,5.6409,5.6409,5.5851,5.5851,5.6968,5.6968,5.613,5.5571,5.5013,5.4454,5.3896,5.3337,5.25,5.1382,5.0265,4.9428,4.9148,4.8869,4.8311,4.7752,4.7194,4.6635,4.5797,4.468,4.3563,4.3005,4.3005,4.2726,4.1888,4.0771,3.9375,3.7978,3.7141,3.5744,3.379,3.2393,3.0997,2.9042,2.7367,2.625,2.4853,2.3457,2.2619,2.1782,2.0944,2.0665,2.0106,1.8989,1.8431,1.8431,1.7872,1.7034,1.6755,1.7034,1.7034,1.6197,1.5359,1.4521,1.3683,1.3125,1.2566,1.2008,1.1449,1.0891,1.0612,1.0332,0.97738,0.97738,1.0332,1.0891,1.117,1.117,1.0891,1.0332,1.0332,1.0891,1.117,1.1449,1.1449,1.0612,1.0332,1.0612,1.0332,0.97738,0.94946,0.97738,1.0332,1.117,1.1729,1.1729,1.2287,1.3404,1.4521,1.5638,1.6755,1.7872,1.871,1.8989,1.9268,2.0106,2.0665,2.0665,2.0665,2.0944,2.1223,2.1223,2.1502,2.1223,2.0944,2.1782,2.234,2.2899,2.3736,2.4016,2.4853,2.597,2.625,2.6808,2.8205,2.9322,2.9601,2.988,3.0159,2.988,2.9601,2.988,2.9601,2.8763,2.8205,2.7367,2.6808,2.6529,2.5691,2.5133,2.5133,2.4853,2.4295,2.4016,2.4016,2.3736,2.4016,2.4853,2.4853,2.4295,2.4016,2.4016,2.4016,2.4295,2.4574,2.4295,2.3457,2.2899,2.2619,2.1502,2.0665,2.0385,1.9268,1.8431,1.8431,1.7872,1.7314,1.7034,1.5917,1.5359,1.5917,1.5638,1.4521,1.3404,1.2287,1.117,1.0053,0.97738,1.0612,1.0891,1.0053,0.92153,0.86568,0.80983,0.72606,0.67021,0.69813,0.69813,0.72606,0.80983,0.83776,0.86568,0.86568,0.89361,1.0053,1.0332,1.0612,1.1729,1.2008,1.1449,1.1449,1.1729,1.1449,1.1729,1.2846,1.3404,1.3404,1.4242,1.5638,1.6476,1.7593,1.8989,2.0385,2.234,2.3736,2.4574,2.625,2.8205,2.9322,3.0159,3.1835,3.3231,3.351,3.4069,3.5186,3.5744,3.5744,3.5744,3.6024,3.6861,3.7978,3.9095,3.9933,4.105,4.3563,4.6077,4.7752,5.0265,5.2779,5.4454,5.6409,5.7805,5.8643,6.0039,6.0877,6.0877,6.1156,6.1715,6.2273,6.2553,6.2832,6.339,6.3111,6.1994,6.1715,6.2273,6.2832,6.339,6.3949,6.5345,6.73,6.8417,6.8975,6.9255,6.9534,7.0092,7.0651,7.1489,7.1489,7.0372,6.9534,6.8696,6.7579,6.6462,6.5345,6.367,6.1994,6.1715,6.1436,6.0039,5.8922,5.8364,5.7526,5.6688,5.6688,5.6409,5.5292,5.4734,5.4734,5.5013,5.5013,5.4175,5.3896,5.5013,5.5851,5.5571,5.5292,5.5013,5.4175,5.3337,5.2779,5.222,5.1662,5.0265,4.8311,4.6635,4.468,4.2446,4.0212,3.7699,3.5186,3.2952,3.0439,2.8205,2.6529,2.4853,2.3457,2.2619,2.234,2.2899,2.3736,2.4295,2.5133,2.625,2.7646,2.8484,2.8484,2.8484,2.8484,2.8205,2.7646,2.7088,2.625,2.5133,2.3178,2.0385,1.8151,1.7034,1.6476,1.5359,1.3683,1.2287,1.117,1.0891,1.1449,1.2008,1.2846,1.3963,1.5359,1.7314,1.9827,2.234,2.3736,2.4295,2.5412,2.6529,2.7088,2.7646,2.7646,2.6529,2.5691,2.597,2.5412,2.3736,2.2061,2.0665,1.9827,1.8431,1.5638,1.3125,1.1449,0.97738,0.92153,0.97738,0.97738,0.97738,1.0332,1.0891,1.2287,1.4521,1.6755,1.871,2.0385,2.1782,2.2619,2.3178,2.3736,2.4016,2.3736,2.3178,2.2619,2.2061,2.1223,1.9548,1.6755,1.4242,1.2287,0.94946,0.64228,0.36303,0.16755,0.055851,7.0882e-14,0.027925,0.083776,0.13963,0.16755,0.2234,0.36303,0.53058,0.69813,0.80983,0.83776,0.83776,0.86568,0.92153,0.89361,0.80983,0.72606,0.58643,0.4468,0.27925,0.027925,-0.19548,-0.41888,-0.69813,-0.94946,-1.1729,-1.3404,-1.4521,-1.5359,-1.5917,-1.6476,-1.6755,-1.6197,-1.5359,-1.5359,-1.508,-1.3963,-1.3125,-1.2566,-1.2287,-1.2287,-1.2008,-1.1729,-1.1729,-1.1729,-1.2566,-1.3963,-1.4521,-1.48,-1.5359,-1.5917,-1.6755,-1.8431,-2.0665,-2.1782,-2.1782,-2.2061,-2.2061,-2.1223,-1.9827,-1.7593,-1.508,-1.3125,-1.1449,-0.97738,-0.86568,-0.78191,-0.61436,-0.50265,-0.4468,-0.27925,-0.13963,-0.055851,0.027925,0.083776,0.1117,0.055851,-0.027925,-0.083776,-0.083776,-0.055851,-0.1117,-0.16755,-0.13963,-0.055851,0.055851,0.16755,0.27925,0.39095,0.58643,0.83776,1.0612,1.3125,1.5359,1.7314,2.0106,2.2619,2.4295,2.597,2.7088,2.8205,2.9601,3.0159,3.0159,3.0159,3.0159,2.988,2.9042,2.8205,2.7925,2.7646,2.7088,2.7088,2.7925,2.8763,2.9601,3.0718,3.1835,3.2952,3.4069,3.6024,3.8258,3.9095,3.9095,3.9375,3.9933,4.0212,4.0212,4.0212,3.9654,3.8537,3.7699,3.6861,3.5465,3.2952,2.9322,2.5691,2.2899,2.0944,1.8989,1.7872,1.8151,1.8151,1.8431,1.9268,1.9268,1.9548,2.0385,2.0944,2.1502,2.2061,2.2899,2.3457,2.3457,2.3178,2.2619,2.234,2.1782,2.0106,1.8151,1.6476,1.4521,1.2287,1.0332,0.80983,0.50265,0.16755,-0.13963,-0.36303,-0.55851,-0.80983,-1.0332,-1.1449,-1.2008,-1.2287,-1.2566,-1.3125,-1.3404,-1.3404,-1.3404,-1.3404,-1.2846,-1.1729,-1.117,-1.0891,-1.0332,-1.0053,-1.0332,-1.1729,-1.3683,-1.508,-1.6197,-1.7314,-1.871,-2.0106,-2.2061,-2.4574,-2.597,-2.6808,-2.8205,-2.9601,-3.0439,-3.0439,-2.9601,-2.8763,-2.8205,-2.7367,-2.625,-2.5412,-2.4016,-2.1782,-1.9548,-1.7872,-1.7314,-1.6476,-1.5359,-1.5359,-1.5917,-1.6755,-1.7593,-1.7872,-1.8431,-1.9548,-2.0665,-2.1782,-2.2899,-2.4295,-2.5412,-2.597,-2.6529,-2.7088,-2.7646,-2.7646,-2.6808,-2.625,-2.625,-2.5691,-2.4574,-2.3736,-2.2899,-2.1502,-1.9548,-1.7872,-1.7314,-1.6755,-1.5917,-1.5638,-1.5917,-1.6755,-1.7872,-1.8989,-2.0106,-2.1223,-2.234,-2.3736,-2.5412,-2.7088,-2.8763,-3.0159,-3.1835,-3.4069,-3.5744,-3.6861,-3.6861,-3.5744,-3.5186,-3.4907,-3.4348,-3.351,-3.2952,-3.2393,-3.1276,-3.0718,-3.0159,-2.9322,-2.9322,-2.9601,-2.988,-3.0997,-3.2114,-3.2673,-3.379,-3.5465,-3.6861,-3.8258,-3.9933,-4.1609,-4.2446,-4.2167,-4.2726,-4.4401,-4.5518,-4.5518,-4.5239,-4.5797,-4.6914,-4.7194,-4.6635,-4.6356,-4.6356,-4.6356,-4.5518,-4.4401,-4.4122,-4.3843,-4.3284,-4.2726,-4.2446,-4.2446,-4.1888,-4.105,-4.105,-4.1329,-4.1609,-4.2167,-4.2726,-4.3563,-4.4122,-4.4122,-4.4401,-4.4401,-4.4122,-4.4122,-4.3563,-4.2446,-4.1329,-4.0212,-3.9095,-3.7699,-3.5465,-3.2673,-3.0439,-2.8763,-2.7088,-2.5133,-2.2899,-2.1223,-1.9827,-1.8989,-1.9268,-1.8989,-1.8431,-1.871,-1.8989,-1.871,-1.871,-1.9268,-1.9268,-1.8989,-1.8431,-1.7034,-1.5638,-1.4521,-1.3404,-1.2287,-1.117,-1.0053,-0.86568,-0.69813,-0.55851,-0.4468,-0.30718,-0.2234,-0.25133,-0.2234,-0.1117,-0.055851,-0.1117,-0.16755,-0.1117,-1.3501e-12,0.027925,-0.027925,-0.027925,0.027925,0.083776,0.055851,-2.6291e-12,0.027925,0.027925,-0.027925,-0.1117,-0.19548,-0.25133,-0.36303,-0.47473,-0.50265,-0.55851,-0.64228,-0.67021,-0.67021,-0.69813,-0.75398,-0.75398,-0.72606,-0.75398,-0.75398,-0.69813,-0.67021,-0.67021,-0.67021,-0.67021,-0.67021,-0.72606,-0.86568,-1.0612,-1.2566,-1.3963,-1.5359,-1.7034,-1.8431,-1.9268,-2.0385,-2.1502,-2.1782,-2.2619,-2.3736,-2.3736,-2.3457,-2.3457,-2.3178,-2.2899,-2.3178,-2.3457,-2.4016,-2.5133,-2.6529,-2.8205,-2.9322,-3.0439,-3.2114,-3.3231,-3.4069,-3.5465,-3.6582,-3.6861,-3.742,-3.8537,-3.9095,-3.9095,-3.9095,-3.8816,-3.7699,-3.6303,-3.5744,-3.5744,-3.5744,-3.5744,-3.6024,-3.6582,-3.7141,-3.742,-3.7978,-3.9095,-3.9654,-3.9654,-3.9375,-3.9095,-3.9095,-3.8816,-3.8537,-3.8258,-3.742,-3.6303,-3.5186,-3.4069,-3.2952,-3.2393,-3.2393,-3.2114,-3.1556,-3.1276,-3.1276,-3.1276,-3.1404,-3.1659,-3.1914,-3.2169,-3.2145,-3.1841,-3.1258,-3.0396,-2.9814,-2.9231,-2.8369,-2.7786,-2.7483,-2.69,-2.6317,-2.6014,-2.5431,-2.4848,-2.4824,-2.5079,-2.5334,-2.5589,-2.5565,-2.5261,-2.5237,-2.5213,-2.4909,-2.4327,-2.3465,-2.2882,-2.2299,-2.1437,-2.0855,-2.0551,-1.9968,-1.9386,-1.9361,-1.9337,-1.9239,-1.9142,-1.9044,-1.8946,-1.8849,-1.8751,-1.8653,-1.8555,-1.8458,-1.836,-1.8262,-1.8165,-1.8067,-1.7969,-1.7871,-1.7774,-1.7676,-1.7578,-1.7481,-1.7383,-1.7285,-1.7187,-1.709,-1.6992,-1.6894,-1.6796,-1.6699,-1.6601,-1.6503,-1.6406,-1.6308,-1.621,-1.6112,-1.6015,-1.5917,-1.5819,-1.5722
2.5541e-05,2.5541e-05,2.5541e-05,2.5541e-05,2.5541e-05,2.5541e-05,2.5541e-05,2.5541e-05,2.5541e-05,2.5541e-05,2.5541e-05,2.5541e-05,2.5541e-05,2.5541e-05,2.5541e-05,2.5541e-05,2.5541e-05,2.5541e-05,2.5541e-05,2.5541e-05,2.5541e-05,2.5541e-05,2.5541e-05,2.5541e-05,2.5541e-05,2.5541e-05,2.5541e-05,2.5541e-05,2.5541e-05,2.5541e-05,2.5541e-05,2.5541e-05,2.6041e-05,2.6041e-05,2.6041e-05,2.6041e-05,2.6541e-05,2.6541e-05,2.7041e-05,2.7041e-05,2.7041e-05,2.7041e-05,2.7541e-05,2.7541e-05,2.7541e-05,2.7541e-05,2.7541e-05,2.8041e-05,2.8041e-05,2.8041e-05,2.8541e-05,2.8541e-05,2.9041e-05,2.9041e-05,2.9541e-05,2.9541e-05,3.0041e-05,3.0041e-05,3.0541e-05,3.0541e-05,3.1041e-05,3.1041e-05,3.1541e-05,3.1541e-05,3.2041e-05,3.2541e-05,3.2541e-05,3.3041e-05,3.3541e-05,3.4541e-05,3.5041e-05,3.5541e-05,3.6041e-05,3.6541e-05,3.7041e-05,3.7541e-05,3.8041e-05,3.9041e-05,3.9541e-05,4.0041e-05,4.1041e-05,4.1541e-05,4.2541e-05,4.3041e-05,4.4041e-05,4.5041e-05,4.6041e-05,4.7041e-05,4.7541e-05,4.8541e-05,4.9041e-05,4.9541e-05,5.0041e-05,5.0541e-05,5.1041e-05,5.1541e-05,5.1541e-05,5.2041e-05,5.2041e-05,5.2041e-05,5.2041e-05,5.2041e-05,5.2041e-05,5.1541e-05,5.1541e-05,5.0541e-05,5.0041e-05,4.9541e-05,4.9041e-05,4.8041e-05,4.7041e-05,4.5541e-05,4.4541e-05,4.3541e-05,4.2041e-05,4.0541e-05,3.9041e-05,3.7541e-05,3.6041e-05,3.5041e-05,3.3541e-05,3.3041e-05,3.2041e-05,3.1541e-05,3.1541e-05,3.1541e-05,3.1541e-05,3.2041e-05,3.2541e-05,3.3041e-05,3.3541e-05,3.3541e-05,3.3541e-05,3.3541e-05,3.3541e-05,3.3541e-05,3.3541e-05,3.3041e-05,3.3041e-05,3.3041e-05,3.2541e-05,3.2041e-05,3.1541e-05,3.1541e-05,3.1041e-05,3.0541e-05,3.0541e-05,3.0041e-05,3.0041e-05,2.9541e-05,2.9541e-05,2.9041e-05,2.9041e-05,2.9041e-05,2.9041e-05,2.9041e-05,2.9041e-05,2.8541e-05,2.8541e-05,2.8541e-05,2.8541e-05,2.9041e-05,2.9041e-05,2.9541e-05,3.0041e-05,3.0041e-05,3.1041e-05,3.1541e-05,3.2541e-05,3.3541e-05,3.4541e-05,3.5041e-05,3.6041e-05,3.7041e-05,3.8541e-05,3.9541e-05,4.0541e-05,4.2041e-05,4.3541e-05,4.4541e-05,4.6041e-05,4.7541e-05,4.9041e-05,5.0041e-05,5.1041e-05,5.2041e-05,5.2541e-05,5.3041e-05,5.3541e-05,5.3541e-05,5.3541e-05,5.3541e-05,5.3041e-05,5.3041e-05,5.2541e-05,5.2041e-05,5.1541e-05,5.1541e-05,5.1541e-05,5.1541e-05,5.1541e-05,5.1541e-05,5.1541e-05,5.1541e-05,5.1541e-05,5.1541e-05,5.1541e-05,5.2041e-05,5.2541e-05,5.2541e-05,5.2541e-05,5.3041e-05,5.3541e-05,5.3541e-05,5.4041e-05,5.4541e-05,5.5541e-05,5.6041e-05,5.6541e-05,5.7541e-05,5.9041e-05,6.0041e-05,6.1541e-05,6.3041e-05,6.4541e-05,6.6541e-05,6.8541e-05,7.0041e-05,7.2541e-05,7.4541e-05,7.6541e-05,7.8041e-05,7.9541e-05,8.1041e-05,8.2541e-05,8.4041e-05,8.5041e-05,8.6541e-05,8.8041e-05,8.9041e-05,9.0541e-05,9.1541e-05,9.3041e-05,9.4041e-05,9.5041e-05,9.6541e-05,9.7541e-05,9.8541e-05,9.9541e-05,0.00010054,0.00010154,0.00010304,0.00010404,0.00010554,0.00010704,0.00010854,0.00011004,0.00011204,0.00011454,0.00011654,0.00011904,0.00012154,0.00012404,0.00012754,0.00013104,0.00013504,0.00013854,0.00014204,0.00014604,0.00015054,0.00015504,0.00015954,0.00016354,0.00016804,0.00017254,0.00017704,0.00018104,0.00018454,0.00018754,0.00019104,0.00019404,0.00019604,0.00019804,0.00019954,0.00020054,0.00020104,0.00020154,0.00020204,0.00020254,0.00020254,0.00020304,0.00020354,0.00020454,0.00020554,0.00020654,0.00020804,0.00021004,0.00021204,0.00021504,0.00021754,0.00022054,0.00022404,0.00022754,0.00023154,0.00023604,0.00024054,0.00024454,0.00024904,0.00025404,0.00025904,0.00026304,0.00026804,0.00027304,0.00027804,0.00028254,0.00028754,0.00029204,0.00029754,0.00030154,0.00030554,0.00031004,0.00031454,0.00031804,0.00032154,0.00032454,0.00032754,0.00033054,0.00033354,0.00033554,0.00033754,0.00033954,0.00034154,0.00034354,0.00034554,0.00034754,0.00034954,0.00035204,0.00035504,0.00035804,0.00036104,0.00036404,0.00036754,0.00037154,0.00037604,0.00038004,0.00038454,0.00038954,0.00039504,0.00040004,0.00040554,0.00041104,0.00041704,0.00042254,0.00042804,0.00043404,0.00043954,0.00044454,0.00045004,0.00045604,0.00046204,0.00046804,0.00047404,0.00048054,0.00048604,0.00049254,0.00049904,0.00050454,0.00051054,0.00051704,0.00052254,0.00052804,0.00053404,0.00053954,0.00054454,0.00055004,0.00055554,0.00056004,0.00056454,0.00056904,0.00057404,0.00057854,0.00058254,0.00058704,0.00059154,0.00059604,0.00060054,0.00060404,0.00060854,0.00061304,0.00061754,0.00062154,0.00062654,0.00063154,0.00063704,0.00064204,0.00064804,0.00065454,0.00066104,0.00066754,0.00067504,0.00068204,0.00069004,0.00069804,0.00070604,0.00071454,0.00072304,0.00073204,0.00074054,0.00074904,0.00075754,0.00076554,0.00077354,0.00078054,0.00078754,0.00079454,0.00080104,0.00080704,0.00081304,0.00081904,0.00082454,0.00083004,0.00083604,0.00084104,0.00084654,0.00085204,0.00085804,0.00086304,0.00086904,0.00087554,0.00088204,0.00088854,0.00089554,0.00090254,0.00090954,0.00091754,0.00092504,0.00093304,0.00094154,0.00094954,0.00095854,0.00096754,0.00097654,0.00098554,0.00099504,0.001004,0.0010135,0.0010225,0.0010315,0.001041,0.0010505,0.0010605,0.00107,0.00108,0.00109,0.0011,0.00111,0.0011205,0.00113,0.00114,0.0011495,0.001159,0.001168,0.001177,0.001185,0.0011935,0.0012015,0.0012085,0.001216,0.001222,0.0012285,0.001235,0.0012405,0.0012465,0.0012525,0.0012585,0.0012645,0.001271,0.0012785,0.001285,0.0012935,0.0013015,0.00131,0.00132,0.00133,0.001341,0.0013525,0.0013645,0.0013775,0.00139,0.001403,0.0014165,0.0014295,0.0014425,0.0014555,0.001468,0.0014805,0.0014925,0.001504,0.0015155,0.001526,0.001537,0.001547,0.001557,0.001566,0.0015755,0.0015835,0.0015925,0.0016005,0.001609,0.0016175,0.0016255,0.001634,0.001642,0.0016505,0.001659,0.0016675,0.001676,0.0016845,0.001694,0.001703,0.0017125,0.001722,0.0017325,0.001743,0.001754,0.0017645,0.0017765,0.001787,0.001799,0.00181,0.001822,0.001834,0.0018455,0.0018575,0.001869,0.001881,0.0018925,0.001904,0.0019155,0.0019265,0.0019375,0.0019485,0.00196,0.0019705,0.0019815,0.001992,0.0020025,0.002013,0.002023,0.002033,0.0020425,0.002052,0.002061,0.00207,0.002079,0.0020875,0.0020965,0.0021045,0.0021135,0.002122,0.0021305,0.0021395,0.002148,0.0021575,0.002167,0.0021775,0.0021875,0.0021985,0.0022095,0.002222,0.0022345,0.002247,0.0022605,0.002274,0.0022875,0.002301,0.0023155,0.002329,0.0023435,0.0023575,0.0023715,0.002385,0.002399,0.0024125,0.002425,0.002438,0.00245,0.0024615,0.0024725,0.002483,0.002494,0.002504,0.002514,0.002523,0.0025325,0.002542,0.002551,0.0025605,0.00257,0.0025795,0.0025895,0.0026,0.002611,0.0026225,0.0026345,0.002647,0.00266,0.002673,0.0026865,0.002701,0.0027155,0.0027295,0.0027445,0.0027595,0.0027745,0.002789,0.0028035,0.002818,0.0028315,0.002845,0.0028585,0.0028715,0.002884,0.0028965,0.0029085,0.0029205,0.002932,0.002943,0.002955,0.002966,0.0029775,0.0029885,0.0030005,0.003012,0.0030235,0.003036,0.003048,0.0030605,0.0030735,0.003086,0.0030995,0.003113,0.003126,0.00314,0.003154,0.0031675,0.003182,0.0031965,0.003211,0.003226,0.003241,0.0032565,0.003272,0.0032875,0.003303,0.0033185,0.0033335,0.0033485,0.0033635,0.003378,0.003392,0.0034055,0.0034195,0.0034325,0.003445,0.003458,0.0034695,0.0034815,0.0034935,0.0035045,0.003516,0.0035265,0.003538,0.0035485,0.0035595,0.0035705,0.003582,0.0035935,0.003605,0.0036175,0.003629,0.003642,0.003655,0.003668,0.003682,0.0036965,0.0037115,0.0037265,0.0037425,0.003759,0.0037755,0.0037915,0.0038085,0.003825,0.0038415,0.003858,0.0038745,0.00389,0.003906,0.0039215,0.0039365,0.0039505,0.0039645,0.003978,0.00399,0.0040025,0.0040145,0.004026,0.0040375,0.004048,0.004059,0.004069,0.0040795,0.0040895,0.0041,0.00411,0.00412,0.00413,0.004141,0.0041515,0.0041625,0.004174,0.0041855,0.004198,0.00421,0.004223,0.004237,0.0042505,0.004265,0.00428,0.004296,0.004312,0.0043285,0.0043455,0.004363,0.0043805,0.0043985,0.004416,0.0044335,0.0044505,0.004468,0.0044845,0.004501,0.0045175,0.0045325,0.0045475,0.004562,0.004576,0.0045885,0.004601,0.0046125,0.0046235,0.004635,0.004645,0.004656,0.004666,0.004677,0.004687,0.004698,0.0047085,0.00472,0.0047315,0.0047435,0.004756,0.0047685,0.004782,0.0047965,0.0048105,0.0048255,0.004841,0.0048575,0.0048735,0.0048895,0.0049065,0.0049235,0.0049405,0.0049575,0.004974,0.00499,0.005006,0.005022,0.005038,0.0050525,0.005067,0.005081,0.005095,0.0051075,0.00512,0.0051325,0.005144,0.0051555,0.005167,0.0051785,0.0051895,0.005201,0.005212,0.0052235,0.0052355,0.005247,0.0052595,0.005271,0.0052835,0.005296,0.0053085,0.0053215,0.0053345,0.005347,0.0053605,0.0053735,0.0053865,0.0054005,0.005414,0.005428,0.005442,0.0054565,0.0054705,0.005485,0.0055005,0.0055155,0.0055305,0.005546,0.0055615,0.0055775,0.005593,0.005608,0.0056235,0.0056385,0.0056535,0.0056675,0.005682,0.0056955,0.0057085,0.0057215,0.005734,0.0057455,0.005757,0.005768,0.0057795,0.00579,0.005801,0.005812,0.0058225,0.005834,0.005845,0.0058575,0.0058695,0.005882,0.005896,0.005909,0.0059235,0.005939,0.005954,0.0059695,0.0059855,0.0060015,0.006018,0.0060345,0.00605,0.006066,0.0060815,0.0060965,0.0061105,0.0061245,0.0061375,0.00615,0.0061615,0.006173,0.006183,0.006193,0.006202,0.0062105,0.006219,0.006227,0.006235,0.006243,0.0062505,0.0062595,0.006268,0.0062775,0.006287,0.0062975,0.0063085,0.0063205,0.0063335,0.006347,0.006361,0.0063755,0.00639,0.0064055,0.006421,0.0064365,0.006452,0.0064675,0.0064825,0.0064975,0.006512,0.006526,0.00654,0.006553,0.0065655,0.0065785,0.00659,0.0066025,0.006615,0.006627,0.00664,0.0066525,0.0066655,0.006679,0.006693,0.006707,0.0067215,0.0067365,0.006751,0.0067655,0.0067805,0.0067955,0.00681,0.006824,0.006838,0.006851,0.0068635,0.0068755,0.006886,0.0068965,0.006906,0.006915,0.0069225,0.00693,0.0069375,0.006944,0.006951,0.006958,0.006965,0.006973,0.006981,0.00699,0.0070005,0.0070115,0.0070235,0.0070375,0.007051,0.0070665,0.0070825,0.0070995,0.0071165,0.0071345,0.0071515,0.0071695,0.007187,0.007204,0.007221,0.0072375,0.0072525,0.007267,0.00728,0.0072925,0.0073035,0.0073135,0.0073225,0.0073305,0.0073385,0.007345,0.007352,0.0073585,0.007365,0.007372,0.0073795,0.007387,0.007396,0.007405,0.007416,0.007427,0.0074395,0.0074525,0.007467,0.007482,0.007498,0.0075135,0.00753,0.0075465,0.0075635,0.00758,0.007596,0.0076115,0.007626,0.0076405,0.0076535,0.0076655,0.007677,0.0076865,0.007696,0.007704,0.007711,0.0077185,0.0077245,0.0077305,0.007737,0.007743,0.007749,0.0077565,0.0077635,0.007772,0.0077805,0.00779,0.007801,0.0078125,0.007825,0.0078385,0.0078525,0.007867,0.0078825,0.0078985,0.007914,0.007929,0.0079445,0.0079595,0.0079735,0.007986,0.007999,0.00801,0.0080205,0.00803,0.0080385,0.008046,0.008053,0.0080595,0.008065,0.008071,0.008077,0.008083,0.0080895,0.008097,0.0081045,0.0081135,0.008123,0.0081335,0.0081445,0.008157,0.008169,0.0081825,0.008197,0.008211,0.008226,0.0082415,0.008257,0.0082725,0.008288,0.0083035,0.0083185,0.008332,0.008345,0.0083575,0.0083685,0.008379,0.008388,0.008396,0.008403,0.0084095,0.008415,0.0084195,0.008423,0.008427,0.00843,0.0084335,0.008437,0.008441,0.008446,0.0084515,0.008458,0.008465,0.0084735,0.0084825,0.008493,0.008504,0.008516,0.008529,0.0085425,0.008557,0.0085715,0.0085865,0.0086015,0.0086165,0.00863,0.0086435,0.0086565,0.0086675,0.008678,0.008687,0.0086955,0.0087025,0.008709,0.0087145,0.008719,0.0087225,0.0087255,0.0087285,0.008731,0.008734,0.0087375,0.008741,0.0087455,0.008751,0.008758,0.008765,0.008774,0.0087835,0.008794,0.008805,0.0088175,0.00883,0.008844,0.008858,0.0088725,0.0088865,0.0089005,0.008914,0.008926,0.008938,0.008948,0.0089575,0.0089655,0.008973,0.0089795,0.0089845,0.008989,0.008993,0.008996,0.008999,0.009001,0.009004,0.0090065,0.00901,0.009014,0.0090185,0.0090235,0.009029,0.009036,0.009043,0.0090505,0.0090585,0.009067,0.0090765,0.0090855,0.0090955,0.0091055,0.0091165,0.0091265,0.009137,0.009147,0.0091565,0.0091655,0.009174,0.0091815,0.0091885,0.009195,0.0092,0.0092055,0.00921,0.009215,0.009219,0.0092225,0.009227,0.009231,0.0092355,0.00924,0.0092445,0.00925,0.009256,0.009262,0.009269,0.009276,0.009283,0.0092905,0.0092985,0.0093055,0.0093135,0.009321,0.009329,0.0093365,0.009344,0.0093515,0.0093585,0.009365,0.0093715,0.0093775,0.0093825,0.0093875,0.009392,0.0093965,0.0094005,0.009404,0.0094075,0.009411,0.009415,0.0094185,0.0094225,0.009427,0.009432,0.0094375,0.009443,0.009449,0.009456,0.009463,0.0094705,0.0094785,0.009486,0.0094945,0.009502,0.0095095,0.009517,0.009524,0.00953,0.0095365,0.009542,0.009547,0.009552,0.009556,0.009559,0.0095615,0.0095635,0.009565,0.0095665,0.0095675,0.0095685,0.0095695,0.0095705,0.0095725,0.009574,0.0095765,0.0095795,0.0095825,0.009587,0.0095915,0.0095975,0.0096035,0.00961,0.009618,0.0096255,0.0096345,0.0096425,0.009651,0.00966,0.009668,0.0096765,0.0096835,0.00969,0.009696,0.0097005,0.0097045,0.0097075,0.0097095,0.0097105,0.009711,0.009711,0.009711,0.0097105,0.0097095,0.009709,0.009709,0.009709,0.00971,0.0097115,0.009714,0.0097165,0.00972,0.009724,0.0097285,0.0097345,0.0097405,0.009747,0.009755,0.0097625,0.0097705,0.009779,0.0097865,0.0097945,0.009801,0.0098075,0.009813,0.0098175,0.0098205,0.009823,0.0098245,0.009825,0.009825,0.009824,0.0098225,0.009821,0.0098195,0.009818,0.0098165,0.009816,0.009816,0.009816,0.0098175,0.00982,0.009823,0.009827,0.0098315,0.009837,0.0098425,0.0098485,0.009856,0.0098625,0.00987,0.0098775,0.0098845,0.009892,0.0098985,0.009904,0.009909,0.0099135,0.0099165,0.009918,0.009919,0.0099195,0.009919,0.0099175,0.009916,0.009914,0.0099115,0.0099095,0.0099075,0.0099055,0.0099045,0.009904,0.0099035,0.009904,0.0099055,0.0099075,0.00991,0.009914,0.0099175,0.0099215,0.0099265,0.0099315,0.0099365,0.009942,0.009947,0.0099525,0.009957,0.0099615,0.009965,0.009968,0.00997,0.009971,0.009971,0.009971,0.00997,0.009968,0.009966,0.009964,0.0099615,0.0099595,0.009957,0.009955,0.0099535,0.009952,0.009951,0.009951,0.0099515,0.0099525,0.0099545,0.0099565,0.009959,0.0099615,0.0099645,0.009967,0.00997,0.009973,0.0099755,0.009978,0.0099795,0.009981,0.0099825,0.0099835,0.0099845,0.009985,0.009985,0.009985,0.0099855,0.0099855,0.0099855,0.0099855,0.0099855,0.0099855,0.009986,0.0099865,0.009987,0.0099875,0.009988,0.0099885,0.0099895,0.00999,0.0099905,0.0099915,0.0099925,0.0099935,0.0099945,0.0099955,0.0099965,0.009998,0.009999,0.01,0.010001,0.010002,0.010002,0.010002,0.010002,0.010002,0.010002,0.010001,0.010001,0.010001,0.010001,0.010001,0.010001,0.01,0.01,0.01,0.01,0.01,0.01,0.01,0.010001,0.010001,0.010001,0.010001,0.010002,0.010002,0.010003,0.010003,0.010004,0.010005,0.010005,0.010006,0.010006,0.010006,0.010007,0.010007,0.010007,0.010007,0.010006,0.010006,0.010005,0.010004,0.010002,0.010001,0.01,0.0099985,0.0099975,0.009997,0.009996,0.009996,0.009996,0.009996,0.009996,0.009996,0.009997,0.009998,0.009999,0.01,0.010002,0.010003,0.010004,0.010004,0.010004,0.010004,0.010004,0.010004,0.010004,0.010003,0.010002,0.010001,0.0099995,0.009998,0.0099965,0.009995,0.0099935,0.0099915,0.00999,0.009989,0.009988,0.009988,0.009988,0.0099885,0.009989,0.00999,0.0099915,0.0099925,0.009994,0.009995,0.009996,0.0099965,0.009997,0.0099975,0.0099975,0.0099975,0.0099975,0.009997,0.0099965,0.0099955,0.009995,0.0099935,0.009993,0.0099915,0.009991,0.00999,0.0099895,0.009989,0.0099885,0.009988,0.009988,0.009988,0.0099875,0.0099875,0.0099875,0.0099885,0.009989,0.00999,0.0099905,0.009991,0.009992,0.009992,0.009992,0.009992,0.0099915,0.009991,0.0099905,0.0099895,0.009989,0.009988,0.0099875,0.0099865,0.0099855,0.009984,0.009983,0.0099815,0.0099805,0.0099795,0.0099785,0.009978,0.009977,0.009977,0.009977,0.009977,0.0099775,0.009978,0.0099785,0.0099795,0.00998,0.0099805,0.009981,0.009981,0.009981,0.009981,0.009981,0.0099805,0.0099795,0.0099785,0.009977,0.0099755,0.0099735,0.0099715,0.009969,0.0099665,0.009964,0.009961,0.0099585,0.0099555,0.009952,0.0099495,0.009947,0.0099445,0.009943,0.0099415,0.009941,0.009941,0.0099415,0.0099425,0.009944,0.009945,0.0099465,0.0099475,0.0099485,0.009949,0.009949,0.009949,0.009949,0.009948,0.009946,0.0099445,0.009942,0.0099395,0.009936,0.009932,0.0099275,0.0099225,0.009918,0.009912,0.0099065,0.009901,0.009896,0.0098915,0.009888,0.0098855,0.009884,0.0098835,0.009884,0.0098855,0.0098875,0.0098895,0.0098925,0.0098945,0.0098965,0.009898,0.009899,0.009899,0.009898,0.009896,0.0098935,0.0098895,0.0098855,0.009881,0.009876,0.00987,0.0098645,0.009859,0.0098535,0.0098485,0.009844,0.0098395,0.0098355,0.0098325,0.00983,0.009828,0.009827,0.0098265,0.0098265,0.0098265,0.0098265,0.0098265,0.009826,0.009825,0.0098235,0.009821,0.009819,0.009816,0.0098125,0.0098085,0.0098045,0.0098,0.0097945,0.009789,0.0097835,0.0097785,0.009773,0.0097685,0.0097645,0.009761,0.009758,0.009755,0.009752,0.00975,0.0097485,0.0097475,0.0097465,0.009746,0.0097455,0.0097445,0.0097435,0.0097415,0.0097395,0.0097365,0.0097325,0.009728,0.009723,0.009717,0.0097105,0.0097035,0.009696,0.0096875,0.0096795,0.0096705,0.0096625,0.0096545,0.0096465,0.0096395,0.009633,0.0096265,0.0096215,0.009617,0.0096125,0.009609,0.0096065,0.009605,0.0096035,0.0096025,0.009602,0.009601,0.0095995,0.009597,0.0095935,0.00959,0.009585,0.00958,0.009574,0.0095665,0.0095585,0.009549,0.009539,0.0095285,0.009518,0.009507,0.009497,0.009487,0.0094785,0.0094705,0.009463,0.0094565,0.0094505,0.0094455,0.0094415,0.0094385,0.009436,0.009434,0.0094325,0.0094305,0.0094285,0.009426,0.0094225,0.009419,0.009414,0.009408,0.009401,0.009393,0.009384,0.0093745,0.009364,0.009353,0.009342,0.0093305,0.00932,0.00931,0.0093005,0.0092915,0.0092835,0.0092765,0.00927,0.0092645,0.00926,0.0092565,0.009253,0.00925,0.009247,0.0092435,0.00924,0.009236,0.0092305,0.009225,0.0092185,0.009211,0.0092025,0.009193,0.009182,0.00917,0.0091575,0.009144,0.0091305,0.009117,0.009104,0.009092,0.0090805,0.0090695,0.0090605,0.009052,0.0090445,0.0090385,0.0090335,0.0090295,0.0090265,0.0090245,0.009022,0.0090195,0.009016,0.0090115,0.0090065,0.009,0.008992,0.0089825,0.008972,0.0089595,0.0089455,0.0089305,0.0089145,0.008898,0.0088815,0.008866,0.008852,0.008839,0.008828,0.008818,0.0088095,0.008803,0.008798,0.0087935,0.0087905,0.008788,0.0087865,0.008785,0.0087835,0.008781,0.008777,0.0087715,0.0087645,0.008756,0.0087455,0.0087335,0.00872,0.0087045,0.0086875,0.0086695,0.0086505,0.0086305,0.0086105,0.0085905,0.008572,0.0085545,0.0085385,0.008524,0.0085115,0.0085005,0.0084915,0.008484,0.008479,0.0084755,0.008473,0.0084715,0.0084705,0.0084695,0.0084675,0.0084645,0.0084605,0.0084545,0.008446,0.0084365,0.0084245,0.0084105,0.0083945,0.0083765,0.0083565,0.008335,0.0083125,0.0082895,0.0082665,0.008245,0.0082245,0.008206,0.008189,0.0081735,0.00816,0.008149,0.00814,0.0081325,0.008127,0.008123,0.0081205,0.0081185,0.008116,0.0081125,0.0081085,0.008103,0.008096,0.0080865,0.0080755,0.008062,0.0080465,0.008029,0.00801,0.0079885,0.0079655,0.007942,0.0079185,0.0078945,0.007872,0.007851,0.007832,0.0078155,0.0078005,0.0077875,0.0077775,0.007769,0.007762,0.0077575,0.0077535,0.0077505,0.007747,0.007743,0.0077385,0.0077315,0.007723,0.007713,0.0077005,0.007686,0.007669,0.0076505,0.0076295,0.0076065,0.007582,0.007556,0.007529,0.0075025,0.007476,0.0074495,0.007425,0.0074025,0.0073815,0.007363,0.007346,0.007332,0.007321,0.007313,0.0073065,0.007302,0.007299,0.007296,0.0072935,0.0072895,0.0072855,0.00728,0.0072725,0.0072635,0.007252,0.007239,0.0072235,0.007206,0.007186,0.0071645,0.0071405,0.0071145,0.007086,0.007057,0.0070285,0.007001,0.006974,0.006949,0.006927,0.0069075,0.0068885,0.0068715,0.006857,0.006845,0.006836,0.006828,0.006822,0.006817,0.0068125,0.0068065,0.0068,0.0067905,0.00678,0.006768,0.006755,0.006739,0.0067215,0.006702,0.00668,0.0066565,0.0066305,0.006604,0.006577,0.0065495,0.0065225,0.006497,0.006473,0.00645,0.006429,0.006409,0.006391,0.0063755,0.0063615,0.0063485,0.0063385,0.0063285,0.006321,0.006313,0.006305,0.006297,0.0062875,0.0062775,0.006266,0.006254,0.0062395,0.006224,0.0062065,0.0061875,0.006167,0.0061455,0.006122,0.006098,0.0060725,0.006047,0.0060215,0.005996,0.005971,0.005947,0.005924,0.0059025,0.005882,0.0058625,0.0058445,0.005828,0.005813,0.005799,0.005786,0.0057745,0.005763,0.0057525,0.005741,0.005729,0.0057165,0.0057025,0.0056875,0.0056715,0.005654,0.005635,0.005615,0.0055935,0.0055715,0.0055485,0.0055255,0.005502,0.00548,0.005458,0.005437,0.0054185,0.005401,0.0053845,0.0053695,0.0053555,0.005342,0.00533,0.005318,0.005306,0.005294,0.0052815,0.0052685,0.0052555,0.0052405,0.0052255,0.0052085,0.0051905,0.005172,0.005152,0.0051305,0.005108,0.005085,0.0050615,0.005038,0.0050135,0.004989,0.004965,0.004942,0.00492,0.0048985,0.004879,0.004861,0.004845,0.00483,0.004817,0.004804,0.004793,0.004782,0.004772,0.004762,0.004753,0.004743,0.004732,0.00472,0.004706,0.004691,0.004675,0.004657,0.004637,0.0046155,0.0045925,0.004569,0.004545,0.0045205,0.0044955,0.0044705,0.0044465,0.0044235,0.0044015,0.004382,0.004364,0.0043475,0.004333,0.00432,0.004308,0.0042975,0.004287,0.004278,0.004269,0.0042605,0.004251,0.0042415,0.0042305,0.0042185,0.0042045,0.004189,0.0041715,0.0041525,0.0041315,0.004109,0.0040845,0.004059,0.0040325,0.0040055,0.003979,0.0039525,0.0039275,0.003904,0.0038815,0.0038605,0.0038405,0.0038225,0.0038065,0.0037915,0.0037785,0.0037665,0.0037565,0.0037455,0.003736,0.003725,0.0037145,0.003703,0.0036905,0.0036785,0.0036645,0.003649,0.003633,0.003616,0.003597,0.0035765,0.0035545,0.003532,0.003509,0.0034855,0.003462,0.003439,0.003416,0.0033935,0.0033715,0.00335,0.00333,0.0033115,0.003295,0.0032795,0.003265,0.0032525,0.0032405,0.0032285,0.003218,0.003207,0.003198,0.0031875,0.0031785,0.0031685,0.0031585,0.0031465,0.003134,0.0031195,0.0031035,0.0030855,0.003067,0.0030465,0.0030245,0.0030015,0.002978,0.002953,0.0029285,0.0029035,0.002879,0.002856,0.002834,0.0028125,0.002793,0.0027755,0.0027595,0.002745,0.002733,0.0027215,0.002711,0.002702,0.002694,0.0026855,0.002678,0.0026695,0.0026615,0.0026525,0.0026425,0.002631,0.002619,0.0026045,0.002589,0.002572,0.002553,0.002533,0.0025125,0.0024905,0.002468,0.002445,0.0024225,0.0024,0.0023775,0.002356,0.002336,0.002317,0.0022995,0.002283,0.002268,0.0022555,0.002243,0.002232,0.0022225,0.0022145,0.0022075,0.002201,0.0021945,0.0021875,0.0021805,0.0021725,0.0021635,0.002153,0.002141,0.0021275,0.0021125,0.0020965,0.0020785,0.002059,0.0020385,0.0020175,0.001996,0.0019735,0.0019515,0.00193,0.00191,0.001891,0.001873,0.001857,0.0018415,0.001828,0.001816,0.0018045,0.0017955,0.0017865,0.00178,0.0017735,0.001767,0.0017615,0.0017555,0.001749,0.0017425,0.001735,0.0017255,0.001717,0.0017055,0.0016935,0.0016805,0.0016655,0.0016505,0.001634,0.001617,0.001599,0.0015805,0.001562,0.001544,0.001526,0.001509,0.001493,0.0014785,0.001465,0.001453,0.0014415,0.001431,0.001422,0.001414,0.001406,0.0013985,0.0013905,0.0013835,0.001376,0.0013665,0.0013575,0.0013465,0.001335,0.001322,0.0013085,0.001294,0.001279,0.0012625,0.0012465,0.00123,0.0012145,0.0011985,0.001183,0.001169,0.001157,0.0011455,0.001136,0.001127,0.00112,0.0011145,0.0011095,0.001106,0.0011035,0.0011005,0.001098,0.0010945,0.0010895,0.0010845,0.0010785,0.0010705,0.0010615,0.0010505,0.0010395,0.001026,0.0010115,0.00099654,0.00098054,0.00096354,0.00094704,0.00093054,0.00091504,0.00090004,0.00088504,0.00087154,0.00085904,0.00084754,0.00083804,0.00082954,0.00082254,0.00081704,0.00081154,0.00080754,0.00080454,0.00080204,0.00080004,0.00079754,0.00079554,0.00079304,0.00079004,0.00078654,0.00078254,0.00077754,0.00077054,0.00076354,0.00075604,0.00074604,0.00073654,0.00072554,0.00071504,0.00070354,0.00069154,0.00068004,0.00066804,0.00065704,0.00064554,0.00063554,0.00062554,0.00061704,0.00060754,0.00060004,0.00059204,0.00058554,0.00058004,0.00057454,0.00056904,0.00056454,0.00056104,0.00055704,0.00055254,0.00054854,0.00054454,0.00054054,0.00053704,0.00053254,0.00052904,0.00052454,0.00052054,0.00051604,0.00051054,0.00050554,0.00050054,0.00049504,0.00048854,0.00048304,0.00047754,0.00047054,0.00046454,0.00045804,0.00045054,0.00044404,0.00043804,0.00043054,0.00042404,0.00041754,0.00041004,0.00040354,0.00039654,0.00038904,0.00038204,0.00037454,0.00036704,0.00036004,0.00035304,0.00034654,0.00034104,0.00033654,0.00033204,0.00032804,0.00032504,0.00032254,0.00032104,0.00032004,0.00031954,0.00031954,0.00031954,0.00031954,0.00031954,0.00031904,0.00031854,0.00031704,0.00031554,0.00031304,0.00030954,0.00030604,0.00030154,0.00029554,0.00028904,0.00028154,0.00027404,0.00026504,0.00025704,0.00024754,0.00023954,0.00023054,0.00022354,0.00021604,0.00020904,0.00020254,0.00019804,0.00019304,0.00018904,0.00018604,0.00018404,0.00018254,0.00018204,0.00018154,0.00018154,0.00018154,0.00018204,0.00018254,0.00018304,0.00018304,0.00018304,0.00018304,0.00018304,0.00018254,0.00018154,0.00018054,0.00017904,0.00017704,0.00017454,0.00017154,0.00016804,0.00016454,0.00016104,0.00015654,0.00015204,0.00014754,0.00014254,0.00013854,0.00013404,0.00012954,0.00012554,0.00012204,0.00011904,0.00011654,0.00011454,0.00011254,0.00011154,0.00011104,0.00011104,0.00011104,0.00011104,0.00011104,0.00011104,0.00011154,0.00011154,0.00011154,0.00011154,0.00011154,0.00011154,0.00011104,0.00011104,0.00011054,0.00011004,0.00010954,0.00010854,0.00010754,0.00010554,0.00010354,0.00010154,9.8541e-05,9.5541e-05,9.2541e-05,8.9041e-05,8.6041e-05,8.3041e-05,8.1041e-05,7.9041e-05,7.7041e-05,7.5541e-05,7.4541e-05,7.3541e-05,7.3541e-05,7.3041e-05,7.3041e-05,7.3041e-05,7.3041e-05,7.3041e-05,7.3041e-05,7.3041e-05,7.2541e-05,7.2041e-05,7.1541e-05,7.1041e-05,7.0541e-05,7.0041e-05,6.9041e-05,6.8041e-05,6.6541e-05,6.5541e-05,6.4041e-05,6.2541e-05,6.1041e-05,5.9041e-05,5.7041e-05,5.4541e-05,5.1541e-05,4.9041e-05,4.6041e-05,4.3541e-05,4.1041e-05,3.8541e-05,3.6541e-05,3.5041e-05,3.3541e-05,3.2541e-05,3.2041e-05,3.2041e-05,3.2041e-05,3.2541e-05,3.3041e-05,3.4541e-05,3.5041e-05,3.6041e-05,3.6541e-05,3.7541e-05,3.7541e-05,3.8041e-05,3.8041e-05,3.8041e-05,3.8041e-05,3.8041e-05,3.8041e-05,3.8041e-05,3.8041e-05,3.8041e-05,3.8041e-05,3.8041e-05,3.7541e-05,3.7541e-05,3.7041e-05,3.7041e-05,3.6541e-05,3.6041e-05,3.5541e-05,3.5041e-05,3.4541e-05,3.4541e-05,3.4541e-05,3.4541e-05,3.4541e-05,3.4541e-05,3.4541e-05,3.5041e-05,3.5041e-05,3.5541e-05,3.6041e-05,3.6541e-05,3.7041e-05,3.7541e-05,3.8541e-05,3.9041e-05,4.0041e-05,4.0541e-05,4.1041e-05,4.2041e-05,4.3041e-05,4.4041e-05,4.5541e-05,4.7041e-05,4.8541e-05,4.9541e-05,5.0541e-05,5.2541e-05,5.4041e-05,5.5041e-05,5.6541e-05,5.7541e-05,5.8541e-05,5.9041e-05,5.9541e-05,6.0041e-05,6.0041e-05,6.0041e-05,6.0041e-05,5.9541e-05,5.9041e-05,5.8041e-05,5.7041e-05,5.6041e-05,5.4041e-05,5.2041e-05,4.9541e-05,4.7041e-05,4.4041e-05,4.1541e-05,3.8541e-05,3.6541e-05,3.4041e-05,3.2041e-05,3.1041e-05,3.0041e-05,3.0041e-05,3.0041e-05,3.0041e-05,3.1041e-05,3.2041e-05,3.3041e-05,3.4041e-05,3.4541e-05,3.4541e-05,3.4541e-05,3.4541e-05,3.4041e-05,3.3541e-05,3.2541e-05,3.2041e-05,3.1541e-05,3.1041e-05,3.0541e-05,3.0041e-05,3.0041e-05,2.9541e-05,2.9541e-05,2.9541e-05,2.9541e-05,3.0041e-05,3.0541e-05,3.1041e-05,3.1541e-05,3.2041e-05,3.3041e-05,3.4041e-05,3.5041e-05,3.6041e-05,3.7541e-05,3.9041e-05,4.0541e-05,4.2541e-05,4.4041e-05,4.6541e-05,4.8541e-05,5.1041e-05,5.4041e-05,5.6541e-05,5.8541e-05,6.0041e-05,6.1541e-05,6.2041e-05,6.2541e-05,6.2541e-05,6.2541e-05,6.2041e-05,6.1041e-05,6.0541e-05,6.0041e-05,5.9541e-05,5.9041e-05,5.9041e-05,5.8541e-05,5.8541e-05,5.8541e-05,5.9041e-05,5.9041e-05,5.9541e-05,5.9541e-05,6.0041e-05,6.0541e-05,6.1041e-05,6.1541e-05,6.2041e-05,6.3041e-05,6.4041e-05,6.5041e-05,6.7041e-05,6.8541e-05,7.0541e-05,7.2541e-05,7.5041e-05,7.7041e-05,7.9041e-05,8.1041e-05,8.3541e-05,8.6041e-05,8.8541e-05,9.1041e-05,9.3541e-05,9.6041e-05,9.8041e-05,0.00010054,0.00010204,0.00010354,0.00010504,0.00010604,0.00010754,0.00010854,0.00010904,0.00011004,0.00011054,0.00011154,0.00011254,0.00011354,0.00011504,0.00011654,0.00011804,0.00012054,0.00012304,0.00012554,0.00012904,0.00013354,0.00013804,0.00014204,0.00014704,0.00015254,0.00015804,0.00016354,0.00016904,0.00017554,0.00018104,0.00018654,0.00019204,0.00019704,0.00020054,0.00020404,0.00020754,0.00020954,0.00021154,0.00021304,0.00021404,0.00021454,0.00021504,0.00021504,0.00021504,0.00021504,0.00021504,0.00021504,0.00021554,0.00021604,0.00021754,0.00021904,0.00022154,0.00022404,0.00022754,0.00023154,0.00023604,0.00024054,0.00024554,0.00025104,0.00025704,0.00026304,0.00026904,0.00027604,0.00028254,0.00028904,0.00029604,0.00030154,0.00030754,0.00031404,0.00031904,0.00032404,0.00032854,0.00033304,0.00033654,0.00034004,0.00034254,0.00034454,0.00034654,0.00034804,0.00034954,0.00035054,0.00035204,0.00035354,0.00035504,0.00035704,0.00035904,0.00036154,0.00036404,0.00036754,0.00037104,0.00037554,0.00038004,0.00038454,0.00039004,0.00039604,0.00040254,0.00040904,0.00041604,0.00042304,0.00043004,0.00043704,0.00044354,0.00045054,0.00045754,0.00046354,0.00047004,0.00047704,0.00048304,0.00048904,0.00049604,0.00050204,0.00050804,0.00051454,0.00052054,0.00052604,0.00053204,0.00053804,0.00054354,0.00055004,0.00055604,0.00056154,0.00056754,0.00057304,0.00057904,0.00058404,0.00058904,0.00059454,0.00059954,0.00060404,0.00060854,0.00061404,0.00061854,0.00062304,0.00062754,0.00063254,0.00063754,0.00064204,0.00064754,0.00065304,0.00065904,0.00066504,0.00067154,0.00067904,0.00068604,0.00069404,0.00070154,0.00070954,0.00071804,0.00072654,0.00073554,0.00074404,0.00075354,0.00076204,0.00077104,0.00077954,0.00078754,0.00079604,0.00080304,0.00081004,0.00081754,0.00082354,0.00082954,0.00083604,0.00084104,0.00084704,0.00085254,0.00085804,0.00086354,0.00086854,0.00087454,0.00087954,0.00088504,0.00089104,0.00089704,0.00090354,0.00091004,0.00091754,0.00092504,0.00093254,0.00094104,0.00094954,0.00095854,0.00096754,0.00097754,0.00098654,0.00099654,0.0010065,0.0010165,0.001026,0.0010365,0.001046,0.001056,0.0010655,0.001076,0.0010855,0.0010955,0.0011055,0.0011155,0.0011255,0.001136,0.001146,0.0011555,0.001165,0.001175,0.0011835,0.0011925,0.001201,0.001209,0.001217,0.001224,0.001231,0.0012375,0.0012435,0.00125,0.001256,0.001262,0.001268,0.0012745,0.001281,0.001288,0.0012955,0.0013035,0.001312,0.0013215,0.001331,0.001342,0.001353,0.001365,0.0013775,0.00139,0.0014035,0.001417,0.00143,0.001444,0.0014575,0.0014705,0.001484,0.0014965,0.001509,0.001521,0.001533,0.001544,0.0015555,0.001566,0.0015765,0.001586,0.0015955,0.0016045,0.001614,0.0016225,0.0016315,0.00164,0.0016485,0.0016575,0.0016665,0.0016755,0.0016845,0.001694,0.001703,0.001713,0.001723,0.0017335,0.001744,0.0017555,0.001766,0.001778,0.00179,0.001802,0.0018145,0.001827,0.00184,0.001853,0.001866,0.0018795,0.0018935,0.0019065,0.0019205,0.001934,0.001947,0.0019605,0.001974,0.0019865,0.001999,0.002011,0.002023,0.002035,0.0020455,0.0020565,0.002066,0.0020765,0.0020855,0.0020945,0.002103,0.002112,0.0021205,0.002129,0.0021385,0.002147,0.0021565,0.0021655,0.0021755,0.0021855,0.002197,0.0022075,0.00222,0.002232,0.002245,0.002259,0.0022725,0.002287,0.002302,0.0023175,0.0023325,0.0023475,0.002363,0.0023785,0.0023935,0.0024085,0.002423,0.0024375,0.002451,0.002464,0.002477,0.0024885,0.0025005,0.002511,0.002521,0.002531,0.0025405,0.0025495,0.002559,0.002568,0.0025775,0.002587,0.002597,0.002607,0.002618,0.002629,0.002641,0.002653,0.002666,0.0026795,0.0026935,0.0027075,0.0027225,0.0027375,0.0027525,0.002768,0.002783,0.0027985,0.002814,0.0028285,0.0028435,0.0028585,0.002873,0.002887,0.002901,0.002915,0.002928,0.002941,0.002954,0.002966,0.002978,0.0029895,0.003001,0.0030125,0.0030235,0.003035,0.003046,0.0030575,0.0030685,0.00308,0.003092,0.003104,0.003117,0.0031295,0.003143,0.0031565,0.0031705,0.003185,0.0032,0.003215,0.00323,0.0032455,0.0032615,0.0032775,0.003294,0.0033095,0.0033255,0.0033415,0.0033575,0.0033725,0.0033875,0.003402,0.0034165,0.0034295,0.0034425,0.0034555,0.003467,0.003479,0.00349,0.003501,0.0035115,0.003522,0.0035325,0.0035425,0.003553,0.003563,0.003574,0.0035845,0.0035965,0.003608,0.00362,0.0036325,0.0036455,0.0036595,0.0036735,0.0036875,0.0037025,0.003718,0.003734,0.00375,0.0037665,0.0037835,0.0038005,0.0038175,0.003835,0.0038515,0.003868,0.0038845,0.003901,0.0039175,0.003933,0.0039485,0.0039635,0.003978,0.003992,0.0040055,0.004019,0.0040315,0.0040435,0.0040555,0.0040665,0.004078,0.0040885,0.004099,0.0041085,0.004119,0.0041285,0.004139,0.004149,0.0041595,0.0041695,0.0041805,0.004192,0.0042035,0.0042165,0.004229,0.004242,0.0042565,0.004271,0.004286,0.0043015,0.0043175,0.004334,0.004351,0.004368,0.0043855,0.004403,0.00442,0.0044375,0.0044545,0.004471,0.004487,0.004503,0.0045185,0.0045335,0.004548,0.0045615,0.0045755,0.004588,0.0046,0.0046115,0.004623,0.0046335,0.004644,0.0046545,0.004664,0.0046745,0.0046845,0.0046945,0.0047045,0.0047155,0.004726,0.0047375,0.0047485,0.0047605,0.004773,0.004786,0.0047995,0.0048135,0.0048275,0.0048425,0.0048585,0.004874,0.00489,0.004906,0.004923,0.0049395,0.004956,0.0049725,0.0049885,0.0050045,0.00502,0.0050355,0.00505,0.0050645,0.005079,0.005092,0.005105,0.0051175,0.0051295,0.005141,0.0051525,0.005164,0.0051755,0.005186,0.0051975,0.0052085,0.00522,0.005232,0.0052435,0.005256,0.0052675,0.0052805,0.005293,0.0053055,0.0053185,0.0053315,0.0053445,0.005358,0.005371,0.0053845,0.0053985,0.005412,0.005426,0.00544,0.0054545,0.0054685,0.0054825,0.0054975,0.005512,0.0055265,0.0055415,0.0055565,0.0055715,0.0055865,0.0056015,0.0056165,0.005631,0.0056455,0.00566,0.005674,0.0056875,0.005701,0.0057145,0.005727,0.0057395,0.005752,0.005764,0.005776,0.005787,0.005799,0.00581,0.0058215,0.0058335,0.005845,0.0058575,0.0058695,0.005883,0.0058965,0.0059105,0.005925,0.0059405,0.005956,0.005972,0.0059885,0.006005,0.006022,0.006039,0.006056,0.006072,0.006088,0.006104,0.0061195,0.006134,0.0061475,0.0061605,0.006173,0.0061845,0.006196,0.006206,0.0062165,0.0062255,0.0062345,0.006243,0.006252,0.006261,0.0062695,0.0062795,0.006289,0.0062995,0.00631,0.0063215,0.006334,0.0063465,0.0063605,0.0063745,0.006389,0.006404,0.0064195,0.0064355,0.006451,0.0064675,0.0064835,0.0065,0.006516,0.0065315,0.006547,0.006562,0.0065775,0.0065915,0.006606,0.0066205,0.0066345,0.0066485,0.0066625,0.0066765,0.00669,0.006704,0.0067185,0.006732,0.0067455,0.0067595,0.0067735,0.006787,0.0068005,0.0068145,0.006827,0.00684,0.0068525,0.006864,0.0068755,0.006886,0.0068965,0.0069055,0.006915,0.006923,0.0069315,0.0069395,0.0069475,0.006956,0.006964,0.0069725,0.006981,0.0069905,0.007001,0.0070125,0.007024,0.0070375,0.007051,0.007066,0.007082,0.0070985,0.0071155,0.007133,0.00715,0.007168,0.007185,0.007202,0.007219,0.007235,0.00725,0.0072645,0.0072785,0.007291,0.0073025,0.0073135,0.0073225,0.0073315,0.00734,0.0073475,0.0073555,0.0073625,0.00737,0.007378,0.007386,0.007395,0.0074035,0.007414,0.0074245,0.0074365,0.0074485,0.007462,0.0074765,0.007491,0.007507,0.007523,0.0075395,0.007556,0.0075725,0.007589,0.007605,0.0076205,0.007635,0.007649,0.007662,0.007674,0.0076845,0.007695,0.0077035,0.007711,0.0077185,0.0077245,0.0077305,0.007737,0.0077425,0.0077485,0.0077555,0.007762,0.00777,0.0077785,0.0077875,0.0077975,0.0078085,0.00782,0.007833,0.007846,0.00786,0.007875,0.00789,0.007905,0.0079205,0.007936,0.0079505,0.007965,0.007979,0.0079915,0.0080035,0.0080155,0.0080255,0.008035,0.0080435,0.0080515,0.008059,0.0080655,0.008072,0.008078,0.008084,0.0080905,0.0080975,0.0081045,0.008113,0.008122,0.0081315,0.008142,0.0081535,0.008165,0.0081785,0.0081915,0.0082055,0.0082205,0.008236,0.0082515,0.008267,0.008283,0.008299,0.008315,0.0083295,0.008344,0.0083575,0.0083695,0.0083805,0.008391,0.0084,0.008408,0.0084155,0.0084215,0.0084265,0.008431,0.008435,0.0084385,0.0084415,0.008445,0.0084485,0.008453,0.008458,0.0084635,0.00847,0.0084775,0.0084855,0.008495,0.008505,0.0085165,0.008528,0.0085405,0.0085545,0.008568,0.0085825,0.0085975,0.0086115,0.008626,0.00864,0.008653,0.008665,0.0086765,0.008687,0.0086965,0.0087045,0.0087115,0.008718,0.008723,0.0087275,0.008731,0.008734,0.0087365,0.008739,0.008741,0.008744,0.0087475,0.0087515,0.008757,0.008763,0.0087695,0.008778,0.0087865,0.0087965,0.008807,0.0088185,0.0088305,0.0088435,0.0088575,0.008871,0.008885,0.008899,0.008912,0.0089245,0.0089365,0.008947,0.0089575,0.0089655,0.0089735,0.0089805,0.008986,0.008991,0.008995,0.0089985,0.0090015,0.009004,0.0090065,0.009009,0.0090125,0.009016,0.00902,0.0090245,0.00903,0.0090365,0.0090435,0.009051,0.009059,0.009067,0.0090765,0.009085,0.009095,0.0091045,0.0091145,0.0091245,0.009135,0.009145,0.009155,0.0091635,0.0091725,0.0091805,0.0091875,0.0091945,0.0092,0.0092055,0.0092105,0.0092155,0.0092195,0.0092235,0.0092275,0.009232,0.009236,0.0092405,0.0092455,0.0092505,0.0092565,0.009263,0.00927,0.0092775,0.0092845,0.0092925,0.0093005,0.0093085,0.0093165,0.0093245,0.0093325,0.00934,0.0093475,0.0093555,0.0093625,0.009369,0.009376,0.0093815,0.0093875,0.0093925,0.0093975,0.009402,0.009406,0.0094105,0.009415,0.009419,0.009423,0.009427,0.009432,0.009437,0.009442,0.0094475,0.0094535,0.00946,0.009467,0.0094745,0.009482,0.00949,0.009499,0.0095065,0.0095155,0.009523,0.009531,0.009539,0.0095455,0.0095525,0.009559,0.009564,0.009569,0.0095735,0.009577,0.00958,0.009582,0.009583,0.009584,0.009585,0.009586,0.009587,0.0095885,0.00959,0.009592,0.009595,0.009598,0.009602,0.009607,0.0096125,0.009619,0.0096265,0.0096345,0.009643,0.009652,0.0096615,0.0096705,0.00968,0.009689,0.0096975,0.009705,0.0097115,0.0097175,0.009722,0.0097255,0.0097275,0.009729,0.0097295,0.009729,0.009728,0.009727,0.009726,0.009725,0.0097245,0.0097245,0.009725,0.009726,0.0097285,0.009731,0.009735,0.0097395,0.009744,0.00975,0.0097565,0.0097635,0.009771,0.009779,0.009787,0.009795,0.009803,0.00981,0.0098175,0.009823,0.009828,0.009832,0.009835,0.009837,0.009838,0.009838,0.009838,0.0098365,0.009835,0.009833,0.0098315,0.00983,0.009829,0.009829,0.009829,0.00983,0.0098325,0.0098355,0.0098395,0.0098435,0.009848,0.009854,0.00986,0.0098665,0.009874,0.009881,0.009888,0.0098955,0.0099025,0.009909,0.009915,0.00992,0.009924,0.0099275,0.0099295,0.0099305,0.009931,0.009931,0.0099295,0.009928,0.009926,0.0099235,0.0099215,0.00992,0.009918,0.009917,0.009916,0.0099155,0.0099155,0.0099165,0.0099185,0.0099205,0.0099235,0.009927,0.009931,0.0099355,0.00994,0.009945,0.00995,0.0099555,0.0099605,0.0099655,0.00997,0.009974,0.0099775,0.00998,0.0099815,0.0099825,0.009983,0.0099825,0.009981,0.0099795,0.009978,0.0099755,0.009973,0.0099705,0.009968,0.0099665,0.009965,0.009964,0.0099635,0.0099635,0.009964,0.0099655,0.0099675,0.0099695,0.0099725,0.0099755,0.0099785,0.009981,0.0099835,0.0099865,0.009989,0.009991,0.009993,0.0099945,0.009996,0.0099965,0.0099975,0.009998,0.009998,0.009998,0.009998,0.009998,0.009998,0.009998,0.009998,0.009998,0.0099985,0.009999,0.009999,0.0099995,0.01,0.010001,0.010002,0.010002,0.010003,0.010004,0.010004,0.010005,0.010006,0.010007,0.010008,0.010009,0.01001,0.010011,0.010012,0.010013,0.010013,0.010014,0.010014,0.010014,0.010013,0.010013,0.010013,0.010012,0.010012,0.010012,0.010012,0.010012,0.010012,0.010012,0.010012,0.010012,0.010012,0.010012,0.010012,0.010012,0.010012,0.010013,0.010013,0.010013,0.010014,0.010014,0.010015,0.010015,0.010016,0.010016,0.010017,0.010017,0.010017,0.010017,0.010018,0.010018,0.010017,0.010017,0.010017,0.010016,0.010014,0.010013,0.010012,0.01001,0.010009,0.010008,0.010008,0.010007,0.010007,0.010007,0.010007,0.010007,0.010008,0.010008,0.010009,0.01001,0.010011,0.010013,0.010014,0.010015,0.010015,0.010015,0.010015,0.010015,0.010015,0.010015,0.010014,0.010013,0.010012,0.01001,0.010009,0.010008,0.010006,0.010004,0.010003,0.010001,0.01,0.0099995,0.0099995,0.0099995,0.0099995,0.010001,0.010002,0.010003,0.010004,0.010004,0.010005,0.010006,0.010006,0.010007,0.010007,0.010007,0.010007,0.010007,0.010007,0.010006,0.010005,0.010004,0.010003,0.010002,0.010001,0.01,0.0099995,0.009999,0.0099985,0.0099985,0.0099985,0.0099985,0.0099985,0.0099985,0.009999,0.0099995,0.010001,0.010001,0.010002,0.010003,0.010003,0.010003,0.010003,0.010003,0.010002,0.010001,0.0099995,0.0099985,0.0099975,0.0099965,0.009996,0.009995,0.009994,0.0099925,0.0099915,0.0099905,0.0099895,0.0099885,0.009988,0.009988,0.009988,0.0099885,0.0099895,0.00999,0.009991,0.0099915,0.009992,0.009992,0.009992,0.009992,0.009992,0.0099915,0.009991,0.00999,0.009989,0.0099875,0.009986,0.0099835,0.0099815,0.009979,0.009976,0.009973,0.00997,0.0099675,0.0099645,0.009962,0.00996,0.0099575,0.0099555,0.009954,0.009953,0.009953,0.009953,0.0099545,0.009956,0.0099575,0.009959,0.00996,0.009961,0.0099615,0.0099615,0.0099615,0.0099605,0.0099595,0.009958,0.0099555,0.009953,0.00995,0.0099465,0.0099425,0.009938,0.0099325,0.0099265,0.009921,0.009915,0.0099095,0.0099045,0.0099005,0.009898,0.009896,0.0098955,0.0098955,0.0098965,0.009898,0.0099,0.0099025,0.0099045,0.0099065,0.0099085,0.009909,0.0099095,0.009909,0.0099075,0.009905,0.0099015,0.0098975,0.0098925,0.009887,0.009882,0.0098765,0.009871,0.0098655,0.009861,0.009856,0.009851,0.0098465,0.009843,0.0098405,0.0098385,0.009837,0.0098365,0.0098365,0.0098365,0.0098365,0.0098365,0.0098355,0.009834,0.009832,0.00983,0.0098275,0.0098245,0.0098215,0.009818,0.009814,0.0098085,0.009803,0.009798,0.009792,0.009787,0.009782,0.0097775,0.009773,0.0097695,0.0097655,0.009762,0.0097595,0.009757,0.009755,0.0097535,0.009752,0.009751,0.00975,0.009749,0.009747,0.0097445,0.0097415,0.009738,0.009734,0.009729,0.0097235,0.0097175,0.0097105,0.009703,0.009695,0.0096855,0.009677,0.009668,0.00966,0.009652,0.0096445,0.009638,0.0096315,0.0096255,0.0096205,0.0096165,0.009613,0.0096105,0.0096095,0.0096085,0.009608,0.009607,0.009606,0.009604,0.0096015,0.0095985,0.0095945,0.0095895,0.009584,0.009578,0.00957,0.0095615,0.009552,0.0095415,0.009531,0.0095205,0.00951,0.0095,0.009491,0.0094825,0.0094745,0.009467,0.0094605,0.0094545,0.0094495,0.0094455,0.0094425,0.0094405,0.009439,0.0094375,0.0094355,0.0094335,0.0094305,0.0094265,0.0094225,0.0094175,0.009411,0.009404,0.0093965,0.009387,0.0093775,0.009367,0.009356,0.0093445,0.009334,0.009323,0.009313,0.009303,0.0092945,0.009286,0.009279,0.009273,0.0092675,0.009263,0.009259,0.009256,0.0092525,0.009249,0.009246,0.0092425,0.0092385,0.0092335,0.0092275,0.0092205,0.009213,0.0092035,0.0091925,0.009181,0.0091675,0.0091545,0.0091405,0.009126,0.0091125,0.0090995,0.009087,0.0090755,0.009065,0.0090565,0.0090485,0.009042,0.009037,0.009033,0.0090295,0.0090265,0.0090235,0.0090205,0.009017,0.009012,0.009006,0.008999,0.00899,0.00898,0.0089675,0.008954,0.008939,0.0089235,0.008907,0.0088905,0.008875,0.00886,0.008846,0.008833,0.0088215,0.008811,0.0088025,0.0087955,0.008789,0.008784,0.0087805,0.008777,0.008774,0.00877,0.0087655,0.0087605,0.0087545,0.008746,0.008737,0.0087255,0.008713,0.008699,0.0086825,0.008665,0.008646,0.008626,0.008606,0.008586,0.0085665,0.008548,0.008531,0.008516,0.008502,0.00849,0.0084805,0.008473,0.0084665,0.0084625,0.0084595,0.0084575,0.008456,0.008454,0.0084505,0.0084465,0.0084415,0.008435,0.0084255,0.008415,0.008402,0.008387,0.00837,0.0083515,0.0083305,0.008309,0.0082865,0.008264,0.008242,0.008221,0.0082015,0.0081835,0.0081675,0.008153,0.0081405,0.0081295,0.0081205,0.008113,0.0081065,0.0081015,0.008098,0.0080935,0.008089,0.0080835,0.008077,0.008069,0.0080595,0.0080475,0.0080345,0.008019,0.008002,0.007983,0.007963,0.0079415,0.0079195,0.007897,0.007875,0.007854,0.007834,0.007816,0.0078,0.0077855,0.007773,0.0077615,0.007752,0.007744,0.007737,0.00773,0.007724,0.007718,0.007711,0.007703,0.007694,0.0076825,0.00767,0.007656,0.00764,0.0076215,0.0076015,0.00758,0.007557,0.007533,0.007508,0.0074825,0.0074575,0.0074325,0.0074085,0.0073865,0.0073665,0.007349,0.007334,0.007321,0.00731,0.007301,0.0072925,0.007286,0.0072805,0.0072755,0.00727,0.007264,0.007258,0.00725,0.00724,0.0072275,0.0072135,0.0071975,0.0071795,0.0071595,0.007137,0.007112,0.0070855,0.007058,0.00703,0.0070025,0.006976,0.0069505,0.0069275,0.006907,0.006888,0.006871,0.006856,0.006843,0.0068315,0.0068215,0.0068135,0.006805,0.0067985,0.0067905,0.0067825,0.006773,0.0067615,0.0067485,0.0067345,0.0067185,0.0067005,0.0066805,0.0066595,0.006637,0.006613,0.0065885,0.0065635,0.0065385,0.0065135,0.0064895,0.0064665,0.0064455,0.0064255,0.0064075,0.0063905,0.006376,0.006362,0.0063495,0.006338,0.0063275,0.006318,0.0063075,0.0062985,0.0062875,0.006277,0.0062645,0.0062515,0.006237,0.0062215,0.0062045,0.0061865,0.0061675,0.0061475,0.006126,0.0061035,0.00608,0.0060555,0.0060305,0.006006,0.005982,0.0059585,0.005936,0.0059145,0.0058935,0.0058735,0.0058545,0.0058365,0.0058195,0.005804,0.0057895,0.005777,0.0057645,0.005753,0.0057405,0.0057275,0.005714,0.005699,0.0056835,0.0056665,0.005649,0.005631,0.005612,0.0055915,0.0055705,0.005549,0.0055265,0.0055045,0.0054825,0.0054615,0.0054415,0.005423,0.005406,0.0053895,0.0053735,0.0053585,0.005343,0.005329,0.005315,0.005301,0.0052865,0.0052725,0.0052585,0.005243,0.0052265,0.005209,0.0051905,0.005171,0.0051505,0.0051285,0.005106,0.0050825,0.005059,0.0050355,0.0050105,0.0049855,0.0049615,0.004938,0.004915,0.004893,0.004873,0.0048545,0.004837,0.004821,0.004806,0.0047915,0.0047785,0.0047655,0.0047535,0.004742,0.0047295,0.0047175,0.0047035,0.0046885,0.0046725,0.0046545,0.004635,0.004614,0.004592,0.004569,0.0045455,0.004521,0.0044955,0.00447,0.0044445,0.00442,0.0043965,0.004375,0.0043555,0.0043375,0.0043215,0.0043075,0.004294,0.004281,0.004269,0.0042585,0.004248,0.004238,0.0042275,0.0042175,0.0042055,0.004192,0.0041775,0.0041605,0.0041415,0.004121,0.004099,0.004076,0.004051,0.0040255,0.0040005,0.0039745,0.003949,0.003924,0.0039005,0.003878,0.003856,0.003836,0.0038175,0.0038,0.0037845,0.00377,0.003757,0.003744,0.003732,0.00372,0.0037075,0.003696,0.0036835,0.0036705,0.003657,0.003642,0.003627,0.00361,0.0035925,0.003573,0.003553,0.003532,0.0035105,0.003489,0.0034665,0.003444,0.0034215,0.003399,0.003377,0.0033555,0.003335,0.003316,0.003298,0.003282,0.0032665,0.003253,0.00324,0.003227,0.0032155,0.0032045,0.0031945,0.0031845,0.0031755,0.0031655,0.0031555,0.0031435,0.003131,0.0031175,0.0031025,0.0030855,0.003068,0.0030485,0.0030275,0.003005,0.0029815,0.002958,0.002933,0.002908,0.0028835,0.00286,0.0028375,0.0028165,0.002796,0.0027775,0.0027605,0.002745,0.002732,0.00272,0.002709,0.0027,0.0026915,0.0026835,0.002676,0.0026675,0.00266,0.0026505,0.002641,0.0026295,0.0026175,0.002603,0.0025875,0.00257,0.002551,0.0025305,0.002509,0.002487,0.0024635,0.00244,0.0024165,0.002393,0.00237,0.002348,0.0023275,0.002308,0.0022905,0.002275,0.002261,0.002248,0.002237,0.002227,0.002219,0.002212,0.002206,0.0022005,0.002195,0.002189,0.002182,0.002175,0.002166,0.002156,0.002144,0.0021305,0.002116,0.0020995,0.0020815,0.0020615,0.002041,0.00202,0.001998,0.0019755,0.001953,0.0019315,0.001912,0.001893,0.001876,0.0018595,0.0018445,0.0018315,0.00182,0.00181,0.001801,0.0017935,0.0017865,0.001781,0.0017755,0.00177,0.001764,0.0017585,0.001752,0.0017445,0.0017365,0.0017265,0.0017165,0.001704,0.0016905,0.0016765,0.001661,0.001644,0.001626,0.0016075,0.001589,0.0015705,0.0015515,0.0015335,0.001516,0.0015,0.0014845,0.0014705,0.0014585,0.0014475,0.001438,0.001429,0.0014215,0.0014145,0.0014075,0.001401,0.0013945,0.001387,0.00138,0.0013705,0.001361,0.0013495,0.0013375,0.0013235,0.001309,0.001293,0.0012765,0.001259,0.001242,0.001224,0.001207,0.0011905,0.0011755,0.0011615,0.0011485,0.001138,0.001128,0.0011205,0.0011145,0.0011095,0.001106,0.0011035,0.001101,0.0010985,0.001096,0.001092,0.0010875,0.0010815,0.0010745,0.0010655,0.001056,0.0010435,0.00103,0.001016,0.00099954,0.00098254,0.00096504,0.00094654,0.00092904,0.00091054,0.00089454,0.00087854,0.00086304,0.00084904,0.00083704,0.00082604,0.00081704,0.00080904,0.00080254,0.00079854,0.00079454,0.00079204,0.00079004,0.00078904,0.00078804,0.00078704,0.00078554,0.00078404,0.00078104,0.00077754,0.00077254,0.00076604,0.00075904,0.00075004,0.00074104,0.00072954,0.00071854,0.00070554,0.00069254,0.00067904,0.00066554,0.00065204,0.00063954,0.00062654,0.00061554,0.00060404,0.00059454,0.00058554,0.00057804,0.00057054,0.00056454,0.00056054,0.00055704,0.00055354,0.00055054,0.00054854,0.00054654,0.00054454,0.00054304,0.00054104,0.00053904,0.00053654,0.00053354,0.00053004,0.00052504,0.00052004,0.00051404,0.00050754,0.00050054,0.00049304,0.00048454,0.00047654,0.00046804,0.00045954,0.00045054,0.00044254,0.00043454,0.00042604,0.00041954,0.00041204,0.00040554,0.00040004,0.00039404,0.00038754,0.00038204,0.00037654,0.00037054,0.00036504,0.00036004,0.00035504,0.00034954,0.00034504,0.00034104,0.00033704,0.00033304,0.00032954,0.00032654,0.00032404,0.00032204,0.00032054,0.00031954,0.00031854,0.00031804,0.00031704,0.00031604,0.00031504,0.00031304,0.00031054,0.00030854,0.00030604,0.00030204,0.00029754,0.00029204,0.00028604,0.00027904,0.00027154,0.00026304,0.00025554,0.00024654,0.00023854,0.00023004,0.00022254,0.00021554,0.00020804,0.00020204,0.00019704,0.00019154,0.00018754,0.00018454,0.00018204,0.00018054,0.00017954,0.00017954,0.00017954,0.00017954,0.00018004,0.00018054,0.00018104,0.00018154,0.00018154,0.00018154,0.00018154,0.00018104,0.00018004,0.00017854,0.00017704,0.00017454,0.00017204,0.00016904,0.00016604,0.00016204,0.00015804,0.00015404,0.00014954,0.00014454,0.00014054,0.00013604,0.00013054,0.00012704,0.00012354,0.00012004,0.00011754,0.00011504,0.00011304,0.00011204,0.00011104,0.00011054,0.00011054,0.00011054,0.00011104,0.00011154,0.00011154,0.00011204,0.00011204,0.00011204,0.00011204,0.00011204,0.00011154,0.00011104,0.00011104,0.00011054,0.00011004,0.00010904,0.00010804,0.00010654,0.00010504,0.00010254,0.00010004,9.7541e-05,9.5041e-05,9.1541e-05,8.8541e-05,8.6041e-05,8.3541e-05,8.1541e-05,8.0041e-05,7.8541e-05,7.7541e-05,7.6541e-05,7.6541e-05,7.6041e-05,7.6041e-05,7.6041e-05,7.6041e-05,7.6041e-05,7.6041e-05,7.5541e-05,7.5041e-05,7.4541e-05,7.4041e-05,7.3541e-05,7.2541e-05,7.2041e-05,7.1041e-05,7.0041e-05,6.9041e-05,6.7541e-05,6.6041e-05,6.5041e-05,6.3541e-05,6.2041e-05,6.0541e-05,5.8541e-05,5.6541e-05,5.4041e-05,5.1541e-05,4.8541e-05,4.6041e-05,4.3541e-05,4.1041e-05,3.9041e-05,3.7041e-05,3.6041e-05,3.4541e-05,3.4041e-05,3.3541e-05,3.3541e-05,3.3541e-05,3.4541e-05,3.5541e-05,3.6541e-05,3.7041e-05,3.8041e-05,3.8541e-05,3.9041e-05,3.9041e-05,3.9041e-05,3.9041e-05,3.9041e-05,3.9041e-05,3.9041e-05,3.9041e-05,3.9041e-05,3.9041e-05,3.9041e-05,3.9041e-05,3.9041e-05,3.9041e-05,3.8541e-05,3.8541e-05,3.8041e-05,3.7541e-05,3.7041e-05,3.6541e-05,3.6541e-05,3.6041e-05,3.6041e-05,3.6041e-05,3.6041e-05,3.6041e-05,3.6541e-05,3.6541e-05,3.6541e-05,3.7041e-05,3.7541e-05,3.8541e-05,3.9041e-05,4.0041e-05,4.0541e-05,4.1541e-05,4.2541e-05,4.3541e-05,4.4541e-05,4.5541e-05,4.7041e-05,4.8541e-05,5.0041e-05,5.1541e-05,5.3041e-05,5.4541e-05,5.6041e-05,5.7541e-05,5.8541e-05,5.9541e-05,6.0541e-05,6.1541e-05,6.2041e-05,6.2541e-05,6.2541e-05,6.2541e-05,6.2541e-05,6.1541e-05,6.1041e-05,6.0041e-05,5.9041e-05,5.7541e-05,5.5541e-05,5.2541e-05,4.9541e-05,4.7041e-05,4.4041e-05,4.1541e-05,3.9541e-05,3.7541e-05,3.6541e-05,3.5541e-05,3.5041e-05,3.4541e-05,3.4541e-05,3.5041e-05,3.5541e-05,3.6041e-05,3.6541e-05,3.7541e-05,3.7541e-05,3.7541e-05,3.7541e-05,3.7541e-05,3.7041e-05,3.7041e-05,3.6541e-05,3.6041e-05,3.5541e-05,3.5041e-05,3.5041e-05,3.4541e-05,3.4541e-05,3.4541e-05,3.4541e-05,3.4541e-05,3.5041e-05,3.5041e-05,3.5541e-05,3.6041e-05,3.6541e-05,3.7041e-05,3.8041e-05,3.9041e-05,4.0541e-05,4.1541e-05,4.3541e-05,4.5041e-05,4.7041e-05,4.9541e-05,5.1541e-05,5.4041e-05,5.6541e-05,5.8541e-05,6.0541e-05,6.2041e-05,6.3541e-05,6.4541e-05,6.5041e-05,6.5041e-05,6.5041e-05,6.4541e-05,6.4041e-05,6.3041e-05,6.2041e-05,6.2041e-05,6.1541e-05,6.1541e-05,6.1541e-05,6.1541e-05,6.1541e-05,6.1541e-05,6.1541e-05,6.2041e-05,6.2041e-05,6.3041e-05,6.3541e-05,6.4041e-05,6.4541e-05,6.5541e-05,6.6541e-05,6.7541e-05,6.9041e-05,7.1041e-05,7.3041e-05,7.5041e-05,7.7041e-05,7.9041e-05,8.1041e-05,8.3041e-05,8.5041e-05,8.7541e-05,9.0041e-05,9.2541e-05,9.5541e-05,9.7541e-05,0.00010004,0.00010204,0.00010404,0.00010554,0.00010704,0.00010854,0.00010954,0.00011054,0.00011154,0.00011254,0.00011354,0.00011454,0.00011554,0.00011654,0.00011754,0.00011904,0.00012054,0.00012304,0.00012554,0.00012904,0.00013354,0.00013754,0.00014204,0.00014704,0.00015204,0.00015754,0.00016354,0.00016904,0.00017554,0.00018154,0.00018704,0.00019304,0.00019804,0.00020204,0.00020654,0.00021004,0.00021304,0.00021504,0.00021654,0.00021754,0.00021804,0.00021804,0.00021854,0.00021854,0.00021854,0.00021854,0.00021854,0.00021904,0.00022004,0.00022104,0.00022254,0.00022454,0.00022704,0.00023054,0.00023454,0.00023904,0.00024354,0.00024854,0.00025454,0.00026054,0.00026604,0.00027254,0.00027954,0.00028604,0.00029254,0.00029954,0.00030554,0.00031204,0.00031804,0.00032304,0.00032804,0.00033254,0.00033654,0.00033954,0.00034204,0.00034454,0.00034654,0.00034804,0.00034954,0.00035104,0.00035204,0.00035354,0.00035504,0.00035654,0.00035854,0.00036054,0.00036304,0.00036554,0.00036904,0.00037304,0.00037754,0.00038154,0.00038704,0.00039204,0.00039804,0.00040454,0.00041104,0.00041804,0.00042504,0.00043254,0.00043954,0.00044654,0.00045404,0.00046054,0.00046754,0.00047454,0.00048104,0.00048754,0.00049454,0.00050104,0.00050704,0.00051354,0.00051954,0.00052504,0.00053054,0.00053654,0.00054154,0.00054704,0.00055254,0.00055804,0.00056304,0.00056854,0.00057404,0.00057904,0.00058404,0.00058904,0.00059454,0.00060004,0.00060454,0.00060954,0.00061554,0.00062054,0.00062554,0.00063054,0.00063654,0.00064204,0.00064754,0.00065404,0.00066004,0.00066604,0.00067354,0.00068054,0.00068754,0.00069554,0.00070304,0.00071154,0.00072004,0.00072854,0.00073754,0.00074654,0.00075604,0.00076454,0.00077404,0.00078254,0.00079154,0.00080054,0.00080854,0.00081654,0.00082404,0.00083154,0.00083904,0.00084554,0.00085204,0.00085904,0.00086504,0.00087104,0.00087804,0.00088354,0.00088954,0.00089604,0.00090154,0.00090804,0.00091504,0.00092154,0.00092904,0.00093704,0.00094504,0.00095404,0.00096304,0.00097254,0.00098254,0.00099304,0.001003,0.0010145,0.001025,0.0010365,0.0010475,0.0010595,0.001071,0.0010825,0.0010945,0.001106,0.0011175,0.0011285,0.00114,0.0011505,0.0011605,0.0011705,0.0011805,0.001189,0.0011975,0.0012055,0.0012135,0.0012205,0.001227,0.001234,0.00124,0.001246,0.001252,0.001258,0.001264,0.0012705,0.0012775,0.001284,0.001292,0.0013,0.0013085,0.0013185,0.001328,0.0013395,0.0013505,0.0013625,0.0013755,0.001388,0.0014015,0.0014155,0.001429,0.0014435,0.0014575,0.0014715,0.001485,0.0014985,0.0015115,0.001524,0.0015365,0.0015475,0.0015595,0.00157,0.0015805,0.00159,0.0016,0.001609,0.0016185,0.001627,0.001636,0.0016445,0.001653,0.0016615,0.0016705,0.0016795,0.0016885,0.001698,0.001707,0.001717,0.001727,0.0017375,0.001748,0.0017595,0.0017705,0.001782,0.001795,0.001807,0.0018195,0.0018325,0.001846,0.0018595,0.001873,0.001887,0.0019005,0.001915,0.0019285,0.001942,0.0019555,0.0019685,0.0019815,0.0019945,0.002006,0.002018,0.002029,0.00204,0.0020505,0.0020605,0.0020695,0.0020785,0.002087,0.0020955,0.0021035,0.002112,0.00212,0.0021285,0.0021375,0.002146,0.0021555,0.002165,0.0021755,0.0021865,0.002198,0.00221,0.002223,0.0022365,0.00225,0.002265,0.00228,0.002295,0.00231,0.002326,0.0023415,0.0023575,0.0023725,0.002388,0.002403,0.002418,0.002432,0.002446,0.0024595,0.002472,0.002484,0.002496,0.002507,0.0025175,0.0025275,0.0025375,0.002547,0.0025565,0.002566,0.002576,0.0025855,0.002596,0.002606,0.0026175,0.0026285,0.0026405,0.0026535,0.002666,0.00268,0.002694,0.0027085,0.0027235,0.0027385,0.002754,0.002769,0.0027845,0.0028,0.0028155,0.0028305,0.0028455,0.00286,0.002875,0.002889,0.0029025,0.0029165,0.002929,0.002942,0.002954,0.002966,0.0029775,0.0029885,0.003,0.0030105,0.0030215,0.0030325,0.0030435,0.003055,0.003066,0.0030775,0.0030895,0.0031015,0.0031145,0.003127,0.0031405,0.0031545,0.003168,0.0031825,0.0031975,0.003212,0.003227,0.003242,0.0032575,0.003273,0.0032885,0.003304,0.0033195,0.003335,0.00335,0.003365,0.0033795,0.003394,0.0034075,0.003421,0.003434,0.0034465,0.003459,0.00347,0.0034815,0.0034925,0.003503,0.0035135,0.0035235,0.0035335,0.0035435,0.003554,0.003564,0.003575,0.003586,0.0035975,0.003609,0.003622,0.003635,0.003648,0.003662,0.0036765,0.003691,0.003706,0.0037215,0.0037375,0.003754,0.00377,0.0037865,0.003803,0.0038195,0.0038365,0.0038525,0.0038685,0.0038845,0.0039,0.003916,0.0039305,0.0039455,0.00396,0.003974,0.003987,0.0040005,0.004013,0.004025,0.0040375,0.0040485,0.00406,0.0040705,0.0040815,0.0040925,0.004103,0.004114,0.004124,0.004135,0.0041455,0.004157,0.0041685,0.00418,0.004192,0.0042045,0.0042175,0.0042305,0.004244,0.0042585,0.004273,0.004288,0.004303,0.0043195,0.0043355,0.004352,0.004369,0.004386,0.0044035,0.004421,0.0044385,0.004456,0.004473,0.0044895,0.0045065,0.004523,0.0045395,0.004555,0.00457,0.0045845,0.004599,0.0046125,0.0046255,0.004638,0.00465,0.0046615,0.004673,0.004684,0.0046955,0.0047065,0.004718,0.0047295,0.0047415,0.0047535,0.004766,0.0047795,0.0047925,0.0048065,0.004821,0.004836,0.004851,0.004867,0.004883,0.0049,0.004917,0.004934,0.004951,0.0049685,0.0049855,0.005003,0.0050205,0.0050375,0.0050545,0.0050705,0.0050865,0.0051025,0.0051175,0.005132,0.0051455,0.0051595,0.005172,0.0051845,0.0051965,0.0052075,0.0052195,0.00523,0.0052415,0.0052525,0.005263,0.005274,0.0052845,0.005296,0.0053075,0.005319,0.005331,0.0053435,0.005356,0.005369,0.0053825,0.0053965,0.00541,0.0054245,0.0054395,0.0054545,0.0054695,0.005485,0.005501,0.005517,0.005533,0.005549,0.0055655,0.005582,0.005598,0.005614,0.0056295,0.005645,0.00566,0.005675,0.0056885,0.005702,0.0057155,0.0057275,0.00574,0.0057515,0.0057625,0.0057735,0.0057835,0.0057945,0.005805,0.005816,0.0058265,0.0058385,0.00585,0.0058625,0.005876,0.0058895,0.005904,0.0059195,0.0059355,0.0059515,0.0059685,0.0059855,0.0060035,0.0060215,0.0060395,0.006057,0.0060745,0.006091,0.0061075,0.0061235,0.0061385,0.0061525,0.006166,0.0061785,0.00619,0.006201,0.006211,0.0062205,0.006229,0.006238,0.006246,0.0062545,0.0062625,0.006271,0.00628,0.006289,0.0062995,0.00631,0.0063215,0.006334,0.0063465,0.0063605,0.006375,0.0063895,0.006405,0.006421,0.0064375,0.0064535,0.0064695,0.006486,0.0065025,0.006519,0.006535,0.00655,0.0065655,0.0065805,0.006595,0.0066085,0.0066225,0.0066365,0.00665,0.0066635,0.006677,0.00669,0.006704,0.006718,0.0067315,0.0067455,0.00676,0.0067745,0.0067885,0.0068025,0.0068165,0.00683,0.0068435,0.0068565,0.0068685,0.00688,0.006891,0.006901,0.006911,0.00692,0.006929,0.0069375,0.006946,0.0069545,0.006963,0.0069715,0.006981,0.0069905,0.007001,0.0070125,0.0070245,0.007038,0.0070515,0.0070665,0.007082,0.007099,0.007116,0.007133,0.00715,0.0071675,0.0071845,0.0072015,0.0072185,0.0072345,0.0072495,0.0072645,0.0072785,0.007291,0.007303,0.0073145,0.007324,0.0073335,0.007342,0.00735,0.007358,0.0073655,0.007373,0.0073805,0.0073885,0.007397,0.0074055,0.0074155,0.007425,0.0074365,0.007448,0.0074605,0.007474,0.007488,0.0075025,0.0075185,0.007534,0.00755,0.007566,0.0075815,0.0075975,0.0076125,0.007627,0.0076405,0.007654,0.0076655,0.0076765,0.0076855,0.0076945,0.0077025,0.007709,0.0077155,0.0077215,0.007727,0.0077325,0.007739,0.0077445,0.0077515,0.007759,0.007767,0.0077765,0.0077855,0.0077965,0.0078075,0.00782,0.0078335,0.007847,0.0078615,0.0078765,0.0078915,0.007907,0.007922,0.0079365,0.0079505,0.007964,0.0079765,0.0079885,0.0079995,0.0080095,0.0080195,0.008028,0.008036,0.008043,0.0080495,0.0080565,0.008062,0.0080685,0.008075,0.0080815,0.008089,0.008097,0.008106,0.0081155,0.0081255,0.008137,0.0081485,0.0081615,0.0081745,0.008188,0.008202,0.008217,0.0082315,0.0082465,0.0082615,0.0082765,0.008291,0.0083055,0.0083195,0.0083325,0.008344,0.008356,0.008366,0.0083755,0.008384,0.008392,0.008399,0.008405,0.008411,0.0084165,0.008421,0.0084255,0.0084305,0.008435,0.00844,0.0084455,0.0084515,0.008458,0.008465,0.008473,0.0084815,0.0084905,0.0085005,0.008511,0.008522,0.0085345,0.0085465,0.0085595,0.0085725,0.008586,0.0086,0.0086135,0.008626,0.008639,0.008651,0.0086625,0.0086735,0.008683,0.008692,0.0087005,0.008708,0.008715,0.008721,0.008726,0.008731,0.0087355,0.0087395,0.0087435,0.0087475,0.0087525,0.0087575,0.008763,0.0087695,0.008777,0.008785,0.008794,0.0088035,0.0088145,0.008826,0.0088385,0.008851,0.0088645,0.0088785,0.008892,0.008906,0.008919,0.0089315,0.0089435,0.008955,0.008965,0.008974,0.008982,0.008989,0.0089955,0.0090005,0.0090055,0.009009,0.009013,0.009016,0.009019,0.009022,0.009025,0.0090285,0.0090325,0.009037,0.009042,0.0090475,0.009054,0.009061,0.0090685,0.009077,0.0090855,0.0090955,0.009105,0.0091165,0.009127,0.009138,0.009149,0.00916,0.00917,0.0091795,0.009188,0.0091965,0.009203,0.009209,0.009215,0.0092195,0.0092235,0.0092275,0.009231,0.0092345,0.009238,0.0092415,0.009245,0.0092495,0.0092545,0.0092595,0.0092655,0.009272,0.009279,0.009286,0.009294,0.0093015,0.0093095,0.009318,0.009326,0.0093345,0.0093425,0.009351,0.009359,0.0093665,0.0093745,0.009381,0.0093875,0.0093935,0.009399,0.0094035,0.009408,0.009412,0.0094155,0.009419,0.0094225,0.0094255,0.0094295,0.0094335,0.0094375,0.009442,0.009447,0.009453,0.0094595,0.009466,0.009474,0.0094815,0.0094895,0.009498,0.009506,0.009515,0.009523,0.009531,0.0095385,0.0095455,0.0095525,0.0095585,0.009563,0.0095675,0.009571,0.0095745,0.009576,0.0095775,0.0095785,0.009579,0.0095795,0.00958,0.0095805,0.0095815,0.009583,0.0095855,0.0095885,0.009592,0.0095965,0.0096015,0.009608,0.009615,0.009623,0.009631,0.00964,0.0096495,0.0096595,0.0096685,0.0096785,0.009687,0.0096955,0.0097025,0.0097085,0.009714,0.009718,0.0097205,0.009722,0.0097225,0.0097225,0.0097215,0.0097205,0.009719,0.009718,0.009717,0.009717,0.009717,0.009718,0.00972,0.0097225,0.0097255,0.00973,0.009735,0.009741,0.009747,0.009755,0.0097625,0.0097705,0.009779,0.009787,0.0097955,0.009803,0.00981,0.0098165,0.0098215,0.0098255,0.0098285,0.00983,0.009831,0.009831,0.0098305,0.0098295,0.0098275,0.009826,0.009824,0.0098225,0.0098215,0.0098215,0.0098215,0.0098225,0.0098245,0.009827,0.0098305,0.009835,0.00984,0.0098455,0.0098515,0.0098585,0.009865,0.0098725,0.0098795,0.009887,0.009894,0.0099005,0.009906,0.009911,0.0099155,0.0099185,0.0099205,0.0099215,0.0099215,0.009921,0.00992,0.009918,0.0099165,0.0099145,0.0099125,0.0099105,0.0099095,0.009908,0.0099075,0.0099075,0.0099075,0.0099085,0.00991,0.009912,0.009915,0.0099175,0.009921,0.0099245,0.0099285,0.0099335,0.009938,0.009943,0.0099475,0.0099525,0.0099575,0.0099615,0.0099655,0.0099685,0.0099705,0.0099725,0.0099735,0.0099735,0.009973,0.009972,0.00997,0.0099685,0.009966,0.0099645,0.009962,0.0099605,0.009959,0.0099575,0.009957,0.009957,0.009957,0.0099575,0.009959,0.009961,0.009963,0.009965,0.0099675,0.00997,0.009973,0.0099755,0.009978,0.00998,0.009982,0.0099835,0.009985,0.0099865,0.0099875,0.0099885,0.009989,0.0099895,0.0099895,0.00999,0.00999,0.00999,0.00999,0.0099905,0.009991,0.0099915,0.009992,0.0099925,0.009993,0.009994,0.0099945,0.009995,0.009996,0.009997,0.009998,0.009999,0.01,0.010001,0.010002,0.010004,0.010005,0.010006,0.010007,0.010007,0.010008,0.010008,0.010008,0.010008,0.010007,0.010007,0.010007,0.010006,0.010006,0.010006,0.010006,0.010006,0.010006,0.010006,0.010006,0.010006,0.010006,0.010006,0.010006,0.010007,0.010007,0.010008,0.010008,0.010009,0.010009,0.01001,0.010011,0.010012,0.010012,0.010013,0.010013,0.010014,0.010014,0.010014,0.010014,0.010013,0.010013,0.010012,0.01001,0.010009,0.010008,0.010007,0.010006,0.010005,0.010004,0.010004,0.010004,0.010004,0.010004,0.010004,0.010004,0.010005,0.010006,0.010007,0.010009,0.01001,0.010011,0.010011,0.010012,0.010012,0.010012,0.010012,0.010011,0.01001,0.010009,0.010009,0.010007,0.010006,0.010005,0.010003,0.010002,0.01,0.0099985,0.009997,0.0099965,0.0099965,0.009996,0.0099965,0.0099975,0.0099985,0.0099995,0.010001,0.010002,0.010003,0.010004,0.010004,0.010005,0.010005,0.010005,0.010005,0.010005,0.010004,0.010004,0.010003,0.010002,0.010001,0.0099995,0.0099985,0.009998,0.009997,0.0099965,0.0099965,0.0099965,0.0099965,0.0099965,0.0099965,0.009997,0.0099975,0.0099985,0.009999,0.0099995,0.010001,0.010001,0.010001,0.010001,0.010001,0.010001,0.0099995,0.009998,0.009997,0.009996,0.009995,0.0099935,0.009993,0.009992,0.0099905,0.00999,0.009989,0.009988,0.009987,0.0099865,0.0099865,0.0099865,0.009987,0.0099875,0.0099885,0.009989,0.00999,0.00999,0.00999,0.00999,0.00999,0.00999,0.0099895,0.009989,0.009988,0.0099875,0.009986,0.0099845,0.009982,0.00998,0.009977,0.009974,0.0099705,0.009967,0.009964,0.009961,0.009958,0.0099555,0.009953,0.0099505,0.0099495,0.009949,0.009949,0.0099495,0.0099505,0.009952,0.009954,0.0099555,0.009957,0.009958,0.009958,0.009958,0.009958,0.009957,0.0099555,0.0099535,0.0099505,0.0099475,0.0099445,0.009941,0.0099365,0.009931,0.0099255,0.00992,0.009914,0.009908,0.0099025,0.0098985,0.009895,0.0098925,0.0098915,0.0098915,0.009892,0.009894,0.009896,0.0098985,0.0099005,0.009903,0.0099045,0.009906,0.0099065,0.0099065,0.0099055,0.0099035,0.0099005,0.0098965,0.009891,0.009886,0.0098805,0.009875,0.009869,0.0098635,0.0098585,0.0098535,0.009849,0.0098445,0.009841,0.009838,0.0098355,0.009834,0.009833,0.009833,0.009833,0.0098335,0.0098335,0.0098335,0.0098325,0.009831,0.009829,0.0098265,0.0098235,0.0098205,0.009817,0.0098125,0.009808,0.0098025,0.009797,0.009791,0.0097855,0.0097805,0.0097755,0.009771,0.0097675,0.009764,0.0097605,0.0097575,0.009755,0.009753,0.0097515,0.0097505,0.0097495,0.009749,0.009748,0.0097465,0.0097445,0.009742,0.0097395,0.0097355,0.0097305,0.0097255,0.00972,0.0097135,0.009706,0.0096985,0.0096895,0.009681,0.0096715,0.009663,0.009655,0.009647,0.0096395,0.009633,0.0096265,0.009621,0.009616,0.0096115,0.009608,0.0096055,0.0096045,0.0096035,0.0096025,0.0096015,0.0096,0.0095975,0.009594,0.00959,0.0095855,0.00958,0.009574,0.0095665,0.0095585,0.0095485,0.0095385,0.0095275,0.0095165,0.009505,0.009495,0.0094845,0.0094755,0.0094665,0.009459,0.009452,0.0094455,0.0094405,0.0094365,0.009433,0.00943,0.009428,0.0094265,0.009425,0.0094225,0.00942,0.0094165,0.009412,0.0094065,0.0094005,0.009393,0.0093845,0.0093755,0.009365,0.009355,0.0093435,0.009332,0.009321,0.00931,0.0093,0.0092905,0.009282,0.0092745,0.0092675,0.0092615,0.009257,0.0092525,0.0092485,0.0092455,0.009242,0.0092395,0.009236,0.009232,0.0092275,0.0092225,0.009217,0.0092095,0.009201,0.0091915,0.0091805,0.0091685,0.009156,0.0091425,0.0091285,0.0091155,0.009102,0.009089,0.009077,0.009066,0.0090565,0.0090475,0.009041,0.0090355,0.0090305,0.009027,0.009024,0.009021,0.0090185,0.009015,0.0090105,0.009006,0.009,0.0089925,0.008983,0.0089725,0.00896,0.008946,0.008931,0.0089155,0.0088995,0.0088835,0.008868,0.008854,0.008841,0.008829,0.0088185,0.008809,0.0088015,0.008795,0.0087895,0.008786,0.008783,0.0087805,0.008778,0.0087745,0.0087705,0.0087655,0.0087595,0.0087515,0.008742,0.008731,0.008719,0.0087045,0.0086885,0.008671,0.008652,0.008633,0.008613,0.008593,0.008574,0.0085555,0.0085385,0.008523,0.0085095,0.008498,0.0084875,0.0084795,0.0084735,0.008469,0.008466,0.008464,0.0084625,0.0084615,0.00846,0.0084565,0.008452,0.008446,0.008439,0.008429,0.0084175,0.0084035,0.0083875,0.0083695,0.0083495,0.008328,0.0083055,0.008283,0.00826,0.0082375,0.008217,0.0081975,0.00818,0.008164,0.00815,0.0081385,0.008129,0.008121,0.008115,0.0081105,0.008108,0.0081055,0.008103,0.0081005,0.008097,0.008092,0.008085,0.0080765,0.0080655,0.008053,0.008038,0.008021,0.008002,0.007981,0.007959,0.007936,0.0079125,0.0078895,0.0078675,0.007847,0.0078285,0.0078125,0.0077985,0.0077865,0.007777,0.007768,0.007762,0.0077575,0.0077535,0.00775,0.0077475,0.007744,0.00774,0.007734,0.007726,0.0077165,0.0077045,0.0076905,0.0076755,0.0076575,0.0076375,0.0076155,0.007591,0.0075655,0.00754,0.007514,0.0074875,0.007462,0.0074385,0.0074155,0.0073945,0.0073755,0.0073585,0.007344,0.007333,0.007324,0.0073175,0.007312,0.007308,0.0073045,0.0073015,0.0072985,0.007294,0.0072885,0.0072825,0.0072745,0.007264,0.007252,0.007238,0.0072215,0.007203,0.0071825,0.00716,0.007135,0.007108,0.007079,0.00705,0.007022,0.006995,0.0069685,0.006945,0.006924,0.0069045,0.006886,0.0068695,0.0068565,0.0068455,0.006837,0.0068305,0.006825,0.006821,0.0068165,0.0068105,0.0068035,0.0067945,0.0067835,0.006771,0.006758,0.006742,0.006724,0.006704,0.006682,0.006658,0.006632,0.006605,0.006578,0.00655,0.0065225,0.006497,0.006472,0.0064495,0.006428,0.0064075,0.0063895,0.0063735,0.0063595,0.006347,0.0063365,0.006327,0.006319,0.006311,0.0063035,0.006295,0.0062855,0.006276,0.006264,0.006251,0.006237,0.0062205,0.006203,0.0061835,0.0061625,0.00614,0.0061165,0.0060905,0.0060645,0.0060385,0.0060115,0.0059855,0.0059605,0.0059365,0.005913,0.0058905,0.00587,0.0058505,0.0058325,0.005816,0.005801,0.0057875,0.005776,0.005765,0.005755,0.0057435,0.005732,0.00572,0.005706,0.005692,0.0056765,0.0056595,0.005641,0.0056215,0.0056015,0.00558,0.0055575,0.0055345,0.005511,0.0054885,0.0054665,0.0054455,0.005426,0.005408,0.005391,0.005375,0.0053595,0.005345,0.005331,0.005318,0.0053045,0.0052915,0.005278,0.005264,0.0052495,0.0052345,0.0052175,0.0051995,0.0051805,0.005161,0.0051395,0.0051175,0.0050945,0.005071,0.005047,0.005023,0.0049985,0.004974,0.0049505,0.0049275,0.004905,0.0048845,0.004865,0.004848,0.004832,0.0048165,0.0048015,0.004788,0.004776,0.0047635,0.0047515,0.00474,0.004728,0.004716,0.004702,0.004687,0.0046705,0.004653,0.004634,0.0046135,0.004592,0.0045695,0.004546,0.004522,0.004498,0.004473,0.004448,0.0044235,0.004401,0.00438,0.0043605,0.0043425,0.0043265,0.004312,0.0042985,0.0042855,0.0042735,0.004262,0.0042515,0.0042415,0.004231,0.0042205,0.004208,0.0041955,0.0041805,0.0041635,0.004145,0.0041255,0.0041035,0.0040805,0.004056,0.004031,0.0040055,0.0039795,0.003953,0.0039275,0.0039035,0.00388,0.0038575,0.0038365,0.003817,0.0037995,0.0037825,0.003768,0.0037545,0.003742,0.00373,0.0037185,0.0037065,0.003695,0.0036825,0.0036705,0.0036575,0.003643,0.0036285,0.0036125,0.0035955,0.003577,0.003557,0.0035365,0.003516,0.0034945,0.003472,0.00345,0.003428,0.003406,0.0033845,0.003363,0.003343,0.003324,0.0033065,0.0032905,0.003276,0.003262,0.0032485,0.0032365,0.0032245,0.003213,0.0032025,0.003193,0.0031825,0.003173,0.0031625,0.0031515,0.0031395,0.0031255,0.003111,0.0030955,0.0030785,0.00306,0.00304,0.0030185,0.0029965,0.002973,0.002949,0.0029245,0.002901,0.0028775,0.002855,0.002833,0.002812,0.002793,0.0027755,0.002759,0.0027445,0.0027315,0.00272,0.002709,0.0026995,0.0026905,0.002682,0.002674,0.002665,0.0026565,0.0026465,0.002637,0.002625,0.002612,0.0025975,0.002581,0.002563,0.002544,0.002523,0.002502,0.002479,0.002456,0.002432,0.002408,0.0023845,0.0023615,0.00234,0.002319,0.0023,0.002282,0.002266,0.0022515,0.002239,0.0022275,0.002218,0.0022095,0.0022025,0.0021965,0.0021905,0.0021845,0.002178,0.0021705,0.0021625,0.002153,0.0021415,0.0021285,0.002114,0.0020975,0.00208,0.00206,0.002039,0.002017,0.001993,0.0019695,0.001946,0.0019235,0.0019015,0.001881,0.0018615,0.001844,0.0018275,0.0018135,0.0018005,0.0017885,0.001779,0.0017705,0.0017635,0.001758,0.0017525,0.001747,0.001742,0.001737,0.0017305,0.0017235,0.001716,0.0017055,0.0016955,0.0016825,0.001669,0.0016545,0.001638,0.001621,0.0016015,0.0015825,0.0015625,0.001543,0.001524,0.0015055,0.001488,0.0014725,0.001458,0.001444,0.0014315,0.0014205,0.0014105,0.001401,0.001393,0.0013855,0.0013785,0.0013715,0.0013645,0.001357,0.001348,0.0013385,0.001328,0.001317,0.001304,0.0012905,0.0012765,0.001261,0.001245,0.001229,0.0012125,0.0011965,0.0011805,0.0011655,0.001152,0.0011395,0.001128,0.001118,0.0011095,0.0011025,0.001097,0.0010915,0.001087,0.001083,0.0010795,0.0010755,0.0010705,0.0010645,0.001058,0.00105,0.0010415,0.0010305,0.0010195,0.001006,0.00099204,0.00097754,0.00096104,0.00094404,0.00092704,0.00091004,0.00089304,0.00087704,0.00086104,0.00084654,0.00083354,0.00082154,0.00081154,0.00080254,0.00079604,0.00078954,0.00078554,0.00078254,0.00078104,0.00077954,0.00077854,0.00077804,0.00077754,0.00077604,0.00077404,0.00077054,0.00076604,0.00076104,0.00075504,0.00074654,0.00073804,0.00072754,0.00071654,0.00070354,0.00069004,0.00067654,0.00066154,0.00064754,0.00063354,0.00062004,0.00060654,0.00059504,0.00058354,0.00057354,0.00056454,0.00055804,0.00055154,0.00054654,0.00054254,0.00054054,0.00053854,0.00053704,0.00053654,0.00053604,0.00053554,0.00053554,0.00053504,0.00053304,0.00053054,0.00052804,0.00052404,0.00051904,0.00051304,0.00050604,0.00049804,0.00048904,0.00048054,0.00047054,0.00046104,0.00045054,0.00044104,0.00043054,0.00042154,0.00041304,0.00040454,0.00039754,0.00039054,0.00038454,0.00037904,0.00037354,0.00036804,0.00036354,0.00035954,0.00035554,0.00035154,0.00034854,0.00034504,0.00034254,0.00034004,0.00033754,0.00033554,0.00033254,0.00033054,0.00032854,0.00032654,0.00032504,0.00032354,0.00032154,0.00032004,0.00031804,0.00031554,0.00031254,0.00030954,0.00030604,0.00030254,0.00029854,0.00029304,0.00028754,0.00028154,0.00027554,0.00026854,0.00026104,0.00025454,0.00024654,0.00024004,0.00023254,0.00022604,0.00021954,0.00021354,0.00020754,0.00020254,0.00019804,0.00019404,0.00018954,0.00018654,0.00018404,0.00018204,0.00018054,0.00018004,0.00017954,0.00017954,0.00018004,0.00018054,0.00018054,0.00018104,0.00018104,0.00018104,0.00018104,0.00018004,0.00017954,0.00017804,0.00017604,0.00017354,0.00017054,0.00016754,0.00016404,0.00016054,0.00015604,0.00015154,0.00014654,0.00014154,0.00013704,0.00013254,0.00012754,0.00012354,0.00012004,0.00011704,0.00011404,0.00011204,0.00011054,0.00010954,0.00010954,0.00010954,0.00010954,0.00010954,0.00011004,0.00011054,0.00011054,0.00011104,0.00011104,0.00011104,0.00011104,0.00011054,0.00011004,0.00010954,0.00010904,0.00010804,0.00010754,0.00010604,0.00010454,0.00010254,0.00010054,9.8041e-05,9.5041e-05,9.2041e-05,8.9041e-05,8.6541e-05,8.4041e-05,8.2041e-05,8.0541e-05,7.8541e-05,7.7041e-05,7.6041e-05,7.5541e-05,7.5041e-05,7.4541e-05,7.4541e-05,7.4541e-05,7.4541e-05,7.4541e-05,7.4041e-05,7.3541e-05,7.3541e-05,7.3041e-05,7.2541e-05,7.1541e-05,7.0541e-05,7.0041e-05,6.9041e-05,6.8041e-05,6.6541e-05,6.5041e-05,6.3541e-05,6.1541e-05,5.9541e-05,5.7041e-05,5.5041e-05,5.2041e-05,4.9041e-05,4.6541e-05,4.3541e-05,4.1041e-05,3.9041e-05,3.7041e-05,3.5541e-05,3.4041e-05,3.3041e-05,3.3041e-05,3.3041e-05,3.3041e-05,3.3041e-05,3.4041e-05,3.5041e-05,3.6041e-05,3.6541e-05,3.7541e-05,3.8041e-05,3.8541e-05,3.8541e-05,3.8541e-05,3.8541e-05,3.8541e-05,3.8541e-05,3.8541e-05,3.8541e-05,3.8541e-05,3.8541e-05,3.8541e-05,3.8541e-05,3.8541e-05,3.8041e-05,3.8041e-05,3.7541e-05,3.7041e-05,3.6541e-05,3.6541e-05,3.6041e-05,3.6041e-05,3.6041e-05,3.6041e-05,3.6041e-05,3.6041e-05,3.6041e-05,3.6041e-05,3.6541e-05,3.6541e-05,3.7541e-05,3.8041e-05,3.8541e-05,3.9041e-05,4.0041e-05,4.0541e-05,4.1041e-05,4.2041e-05,4.3041e-05,4.4041e-05,4.5041e-05,4.6041e-05,4.7041e-05,4.8541e-05,4.9541e-05,5.1041e-05,5.2541e-05,5.3541e-05,5.5041e-05,5.6541e-05,5.7541e-05,5.8041e-05,5.9041e-05,5.9541e-05,5.9541e-05,5.9541e-05,5.9541e-05,5.9541e-05,5.8541e-05,5.8041e-05,5.7041e-05,5.5541e-05,5.4041e-05,5.1541e-05,4.9041e-05,4.6541e-05,4.3541e-05,4.1041e-05,3.8541e-05,3.6541e-05,3.5041e-05,3.3541e-05,3.2541e-05,3.2041e-05,3.1541e-05,3.1541e-05,3.2541e-05,3.3041e-05,3.4041e-05,3.4541e-05,3.5041e-05,3.5541e-05,3.5541e-05,3.5541e-05,3.5041e-05,3.4541e-05,3.4041e-05,3.3041e-05,3.3041e-05,3.2541e-05,3.2041e-05,3.2041e-05,3.1541e-05,3.1541e-05,3.1541e-05,3.1541e-05,3.2041e-05,3.2041e-05,3.2541e-05,3.3041e-05,3.3541e-05,3.4541e-05,3.5041e-05,3.6041e-05,3.6541e-05,3.8041e-05,3.9541e-05,4.1541e-05,4.3041e-05,4.5041e-05,4.7541e-05,4.9541e-05,5.1541e-05,5.4541e-05,5.6541e-05,5.8541e-05,6.0541e-05,6.1541e-05,6.2541e-05,6.3041e-05,6.3041e-05,6.3041e-05,6.2541e-05,6.2041e-05,6.1041e-05,6.0541e-05,6.0041e-05,6.0041e-05,6.0041e-05,6.0041e-05,6.0041e-05,6.0041e-05,6.0041e-05,6.0041e-05,6.0041e-05,6.0541e-05,6.0541e-05,6.1041e-05,6.1541e-05,6.2041e-05,6.2541e-05,6.3541e-05,6.4541e-05,6.5541e-05,6.7041e-05,6.8541e-05,7.0541e-05,7.2541e-05,7.4541e-05,7.6541e-05,7.8541e-05,8.0541e-05,8.2541e-05,8.5041e-05,8.7541e-05,9.0041e-05,9.2541e-05,9.5041e-05,9.7041e-05,9.9541e-05,0.00010104,0.00010304,0.00010454,0.00010554,0.00010704,0.00010804,0.00010904,0.00011004,0.00011104,0.00011254,0.00011354,0.00011504,0.00011654,0.00011754,0.00011954,0.00012154,0.00012404,0.00012704,0.00013104,0.00013554,0.00013954,0.00014404,0.00014904,0.00015454,0.00016004,0.00016554,0.00017154,0.00017804,0.00018354,0.00018904,0.00019504,0.00019954,0.00020404,0.00020754,0.00021054,0.00021354,0.00021504,0.00021654,0.00021704,0.00021754,0.00021754,0.00021754,0.00021754,0.00021754,0.00021754,0.00021804,0.00021854,0.00021954,0.00022054,0.00022254,0.00022504,0.00022804,0.00023154,0.00023604,0.00024054,0.00024504,0.00025054,0.00025704,0.00026304,0.00026904,0.00027654,0.00028304,0.00028954,0.00029704,0.00030354,0.00031004,0.00031654,0.00032254,0.00032804,0.00033304,0.00033754,0.00034104,0.00034454,0.00034704,0.00034954,0.00035154,0.00035354,0.00035504,0.00035604,0.00035754,0.00035904,0.00036004,0.00036104,0.00036304,0.00036504,0.00036804,0.00037154,0.00037554,0.00037954,0.00038454,0.00039004,0.00039604,0.00040204,0.00040904,0.00041654,0.00042404,0.00043154,0.00043954,0.00044704,0.00045504,0.00046204,0.00046904,0.00047654,0.00048354,0.00049004,0.00049754,0.00050354,0.00051004,0.00051654,0.00052204,0.00052754,0.00053304,0.00053804,0.00054304,0.00054804,0.00055354,0.00055854,0.00056354,0.00056854,0.00057404,0.00057904,0.00058404,0.00058904,0.00059504,0.00060004,0.00060504,0.00061054,0.00061654,0.00062154,0.00062704,0.00063254,0.00063854,0.00064404,0.00065004,0.00065654,0.00066204,0.00066904,0.00067604,0.00068304,0.00069004,0.00069804,0.00070604,0.00071454,0.00072304,0.00073154,0.00074104,0.00075004,0.00075954,0.00076854,0.00077804,0.00078704,0.00079604,0.00080404,0.00081254,0.00082054,0.00082754,0.00083554,0.00084154,0.00084854,0.00085504,0.00086104,0.00086704,0.00087304,0.00087904,0.00088454,0.00089054,0.00089654,0.00090254,0.00090904,0.00091604,0.00092304,0.00093004,0.00093854,0.00094654,0.00095604,0.00096454,0.00097454,0.00098404,0.00099504,0.001005,0.001016,0.0010265,0.001038,0.001049,0.0010605,0.001072,0.001083,0.001095,0.001106,0.0011175,0.0011285,0.0011395,0.00115,0.0011605,0.0011705,0.0011805,0.0011895,0.001198,0.0012065,0.0012145,0.0012215,0.001228,0.001235,0.001241,0.001247,0.0012535,0.0012595,0.0012655,0.001272,0.0012795,0.001286,0.0012945,0.001303,0.001312,0.001322,0.001333,0.001344,0.0013565,0.001369,0.0013825,0.0013965,0.0014105,0.0014245,0.0014395,0.001454,0.001468,0.001482,0.001496,0.001509,0.0015225,0.001535,0.001547,0.001559,0.0015695,0.0015805,0.00159,0.0016,0.001609,0.001618,0.0016265,0.001635,0.001643,0.0016515,0.00166,0.001668,0.0016765,0.001685,0.001694,0.001703,0.0017125,0.0017225,0.0017325,0.001743,0.0017545,0.0017655,0.001778,0.0017895,0.001802,0.001815,0.001828,0.001841,0.0018545,0.001868,0.001881,0.001895,0.001908,0.001921,0.0019345,0.001947,0.0019595,0.0019715,0.0019835,0.0019955,0.0020065,0.0020175,0.002028,0.002039,0.0020485,0.0020585,0.0020675,0.002077,0.0020855,0.0020945,0.002103,0.0021115,0.00212,0.002129,0.0021385,0.0021475,0.0021575,0.002167,0.002178,0.0021885,0.0022005,0.0022125,0.002225,0.002239,0.0022525,0.0022665,0.002281,0.0022965,0.002311,0.0023265,0.0023415,0.0023575,0.002372,0.002387,0.002402,0.0024165,0.0024305,0.002444,0.0024575,0.0024695,0.0024815,0.0024935,0.002504,0.002515,0.002525,0.002535,0.0025445,0.0025545,0.002564,0.002574,0.0025835,0.002594,0.0026045,0.0026155,0.0026265,0.0026385,0.00265,0.002663,0.0026765,0.0026905,0.002705,0.0027195,0.002735,0.00275,0.0027655,0.002781,0.002797,0.002812,0.0028275,0.0028425,0.002858,0.0028725,0.002887,0.002901,0.0029155,0.002929,0.002942,0.002955,0.0029675,0.00298,0.002992,0.0030035,0.003016,0.0030275,0.0030395,0.0030515,0.0030635,0.0030755,0.003088,0.0031005,0.0031135,0.003126,0.00314,0.003154,0.0031675,0.0031825,0.0031975,0.0032125,0.0032285,0.003244,0.0032605,0.0032775,0.0032945,0.003311,0.0033285,0.0033455,0.0033625,0.003379,0.0033955,0.003411,0.003426,0.003441,0.0034555,0.0034685,0.003482,0.0034945,0.003506,0.003518,0.003529,0.00354,0.0035505,0.003561,0.0035715,0.003582,0.0035925,0.0036035,0.003615,0.003626,0.0036385,0.0036505,0.0036635,0.0036775,0.003692,0.003707,0.0037225,0.003739,0.003756,0.0037735,0.003791,0.003809,0.0038275,0.0038455,0.003864,0.0038825,0.0039005,0.003918,0.0039355,0.003952,0.003968,0.0039835,0.003998,0.004012,0.004025,0.004038,0.0040495,0.004061,0.0040715,0.004082,0.0040925,0.004102,0.0041115,0.004121,0.00413,0.00414,0.0041495,0.0041595,0.0041695,0.0041805,0.0041915,0.0042035,0.0042165,0.0042295,0.0042435,0.0042585,0.004274,0.00429,0.004307,0.004325,0.004343,0.004362,0.004381,0.0044005,0.00442,0.0044395,0.004458,0.004477,0.004495,0.0045125,0.0045295,0.004546,0.004562,0.004577,0.004591,0.0046045,0.004617,0.0046285,0.0046395,0.00465,0.00466,0.0046695,0.0046795,0.004689,0.0046995,0.0047095,0.00472,0.004731,0.004742,0.0047545,0.004767,0.0047805,0.0047945,0.004809,0.0048245,0.0048405,0.0048575,0.0048745,0.0048915,0.0049095,0.004927,0.004945,0.004963,0.0049805,0.0049985,0.0050155,0.0050325,0.005049,0.005065,0.0050805,0.0050955,0.005109,0.005123,0.005136,0.005148,0.00516,0.005171,0.0051825,0.0051935,0.005204,0.005215,0.0052255,0.0052365,0.0052475,0.005259,0.00527,0.0052815,0.005294,0.005306,0.005319,0.0053315,0.0053445,0.005358,0.0053715,0.0053855,0.0054,0.005415,0.0054295,0.0054445,0.00546,0.005476,0.0054915,0.0055075,0.0055235,0.00554,0.0055565,0.0055725,0.0055885,0.0056045,0.00562,0.0056355,0.00565,0.005664,0.0056785,0.0056915,0.0057045,0.0057175,0.0057295,0.0057415,0.005753,0.005764,0.0057755,0.005786,0.005797,0.0058075,0.005819,0.0058305,0.005842,0.0058545,0.0058675,0.0058805,0.005895,0.005909,0.005924,0.0059395,0.0059555,0.0059715,0.0059885,0.006005,0.0060215,0.0060385,0.006055,0.006071,0.0060865,0.006102,0.0061165,0.00613,0.006143,0.0061555,0.0061675,0.0061785,0.0061885,0.006199,0.0062075,0.0062165,0.0062245,0.006233,0.006241,0.006249,0.0062575,0.006266,0.006275,0.006284,0.0062945,0.006305,0.0063165,0.006328,0.006341,0.0063545,0.006368,0.0063825,0.0063975,0.0064125,0.0064275,0.006443,0.006459,0.0064745,0.00649,0.006505,0.00652,0.006535,0.006549,0.006563,0.0065765,0.0065895,0.006603,0.0066165,0.006629,0.006642,0.006655,0.0066685,0.0066815,0.0066955,0.006709,0.0067235,0.006738,0.006752,0.0067665,0.006781,0.006796,0.00681,0.006824,0.006838,0.006851,0.006864,0.006876,0.006887,0.006898,0.0069075,0.0069165,0.006925,0.0069335,0.006941,0.006948,0.006956,0.006963,0.0069705,0.0069785,0.006987,0.006996,0.007006,0.0070175,0.007029,0.007042,0.0070565,0.0070715,0.0070875,0.007104,0.007121,0.007139,0.0071565,0.007174,0.0071915,0.007209,0.0072255,0.007242,0.007258,0.0072725,0.0072855,0.0072985,0.0073095,0.00732,0.0073295,0.007338,0.007346,0.007353,0.00736,0.0073665,0.0073735,0.00738,0.0073875,0.0073955,0.007404,0.0074135,0.0074235,0.007435,0.0074475,0.0074605,0.007475,0.00749,0.0075055,0.007522,0.0075385,0.0075555,0.007572,0.007588,0.007604,0.0076195,0.0076345,0.0076485,0.0076615,0.0076735,0.007684,0.0076945,0.007703,0.007711,0.0077185,0.0077245,0.007731,0.0077375,0.007743,0.0077495,0.0077565,0.007763,0.0077705,0.0077795,0.0077885,0.0077985,0.007809,0.0078205,0.0078335,0.007847,0.007861,0.007876,0.007891,0.0079065,0.007922,0.0079375,0.0079525,0.0079665,0.0079805,0.007994,0.0080055,0.0080175,0.0080275,0.0080375,0.0080455,0.0080535,0.0080605,0.0080665,0.0080725,0.008078,0.0080835,0.0080895,0.008096,0.0081035,0.008111,0.00812,0.0081295,0.00814,0.008151,0.008163,0.008176,0.0081895,0.0082035,0.008218,0.008233,0.008248,0.0082635,0.008279,0.0082945,0.008309,0.008323,0.008337,0.0083495,0.0083615,0.0083725,0.0083825,0.0083915,0.0084,0.008407,0.0084135,0.008419,0.0084235,0.0084275,0.0084315,0.008435,0.0084385,0.008442,0.0084455,0.00845,0.0084555,0.0084615,0.0084685,0.0084765,0.008485,0.008495,0.0085055,0.0085175,0.00853,0.0085435,0.008558,0.0085725,0.008587,0.008602,0.008617,0.008631,0.0086445,0.0086575,0.008669,0.00868,0.008689,0.008698,0.0087055,0.008712,0.008718,0.0087225,0.008726,0.0087295,0.0087325,0.0087355,0.008738,0.008741,0.0087445,0.008749,0.0087545,0.0087605,0.0087675,0.008776,0.0087845,0.0087945,0.0088045,0.0088165,0.0088285,0.008841,0.008855,0.008868,0.008882,0.008896,0.008909,0.008922,0.008934,0.008945,0.0089555,0.008964,0.0089725,0.0089795,0.0089855,0.008991,0.0089955,0.0089995,0.0090025,0.0090055,0.009008,0.009011,0.0090145,0.009018,0.0090215,0.009026,0.0090315,0.009038,0.009044,0.009051,0.0090585,0.0090665,0.0090755,0.009084,0.0090935,0.009103,0.009113,0.009123,0.0091335,0.009144,0.009154,0.009163,0.009172,0.00918,0.0091875,0.0091945,0.0092005,0.009206,0.009211,0.009216,0.00922,0.009224,0.009228,0.009232,0.009236,0.00924,0.0092445,0.0092495,0.009255,0.0092605,0.009267,0.009274,0.009281,0.0092885,0.0092965,0.009304,0.0093115,0.0093195,0.0093275,0.0093355,0.009343,0.0093505,0.0093585,0.009365,0.009372,0.0093785,0.009384,0.009389,0.009394,0.0093985,0.0094025,0.009406,0.00941,0.0094135,0.009417,0.0094205,0.0094245,0.0094285,0.0094325,0.009438,0.0094425,0.0094485,0.009455,0.0094615,0.009469,0.0094765,0.0094845,0.0094925,0.0095005,0.0095085,0.0095165,0.0095235,0.0095305,0.0095375,0.0095435,0.0095495,0.009555,0.0095595,0.0095635,0.009567,0.0095695,0.009572,0.0095735,0.009575,0.0095755,0.0095765,0.009578,0.009579,0.0095805,0.009582,0.0095845,0.009587,0.0095905,0.009595,0.0095995,0.009605,0.009611,0.009618,0.0096255,0.009634,0.009642,0.0096505,0.0096595,0.009668,0.009677,0.009685,0.0096925,0.0096995,0.0097055,0.0097105,0.009715,0.009718,0.00972,0.009721,0.0097215,0.0097215,0.009721,0.00972,0.0097195,0.009719,0.009719,0.009719,0.00972,0.009721,0.0097235,0.009726,0.0097295,0.0097335,0.0097385,0.009744,0.00975,0.009757,0.009764,0.009772,0.00978,0.0097875,0.009796,0.009803,0.00981,0.0098165,0.0098215,0.009826,0.0098295,0.009832,0.0098335,0.009834,0.009834,0.009833,0.0098315,0.00983,0.009828,0.0098265,0.0098255,0.009825,0.009825,0.0098255,0.0098275,0.00983,0.0098335,0.0098375,0.009842,0.0098475,0.0098535,0.00986,0.009867,0.0098745,0.0098815,0.009889,0.0098965,0.009903,0.009909,0.009915,0.009919,0.0099225,0.0099245,0.009926,0.0099265,0.009926,0.009925,0.009923,0.009921,0.0099195,0.009917,0.009915,0.009913,0.0099115,0.0099105,0.00991,0.0099105,0.009912,0.009914,0.0099165,0.00992,0.0099235,0.009928,0.0099335,0.0099385,0.0099435,0.009949,0.0099545,0.00996,0.0099645,0.0099685,0.0099725,0.0099755,0.0099775,0.0099785,0.009979,0.0099785,0.0099775,0.0099755,0.009973,0.0099705,0.009968,0.009966,0.0099635,0.0099615,0.00996,0.009959,0.0099585,0.0099585,0.009959,0.0099605,0.009962,0.0099645,0.009967,0.00997,0.009973,0.009976,0.009979,0.0099815,0.009984,0.009986,0.009988,0.0099895,0.0099905,0.0099915,0.0099925,0.009993,0.0099935,0.0099935,0.0099935,0.0099935,0.0099935,0.0099935,0.009994,0.009994,0.0099945,0.0099945,0.009995,0.0099955,0.009996,0.0099965,0.0099975,0.009998,0.009999,0.0099995,0.010001,0.010002,0.010003,0.010004,0.010005,0.010006,0.010007,0.010008,0.010009,0.010009,0.010009,0.010009,0.010009,0.010009,0.010008,0.010008,0.010008,0.010008,0.010008,0.010008,0.010008,0.010007,0.010007,0.010007,0.010007,0.010007,0.010007,0.010008,0.010008,0.010008,0.010009,0.010009,0.01001,0.01001,0.010011,0.010012,0.010012,0.010012,0.010013,0.010013,0.010013,0.010013,0.010013,0.010013,0.010013,0.010012,0.010011,0.01001,0.010008,0.010007,0.010006,0.010005,0.010004,0.010004,0.010003,0.010003,0.010003,0.010003,0.010003,0.010004,0.010004,0.010006,0.010007,0.010008,0.010009,0.01001,0.01001,0.01001,0.01001,0.01001,0.01001,0.010009,0.010008,0.010007,0.010006,0.010005,0.010004,0.010002,0.010001,0.009999,0.0099975,0.009996,0.009995,0.0099945,0.0099945,0.0099945,0.009995,0.009996,0.009997,0.009998,0.0099995,0.01,0.010001,0.010002,0.010002,0.010002,0.010003,0.010003,0.010003,0.010002,0.010002,0.010001,0.01,0.0099985,0.009998,0.009997,0.009996,0.009995,0.0099945,0.009994,0.009994,0.009994,0.009994,0.009994,0.009994,0.009994,0.0099945,0.009995,0.0099955,0.0099965,0.009997,0.0099975,0.009998,0.009998,0.009998,0.0099975,0.0099965,0.0099955,0.0099945,0.0099935,0.0099925,0.0099915,0.0099905,0.0099895,0.009989,0.0099875,0.0099865,0.009985,0.009984,0.009983,0.0099825,0.0099825,0.0099825,0.0099825,0.009983,0.009984,0.0099845,0.009985,0.0099855,0.0099855,0.0099855,0.0099855,0.0099855,0.0099855,0.009985,0.0099845,0.0099835,0.009982,0.009981,0.009979,0.009977,0.0099745,0.0099715,0.009969,0.009966,0.009963,0.0099605,0.0099575,0.009955,0.009952,0.0099495,0.0099475,0.0099465,0.009946,0.009946,0.0099465,0.009948,0.0099495,0.009951,0.009952,0.0099535,0.009954,0.0099545,0.0099545,0.009954,0.009953,0.009951,0.0099495,0.009947,0.0099445,0.009941,0.0099375,0.0099325,0.0099275,0.0099215,0.009916,0.00991,0.009904,0.0098995,0.009895,0.0098915,0.0098895,0.009888,0.009888,0.0098885,0.00989,0.0098925,0.0098945,0.0098965,0.0098985,0.0099,0.009901,0.009901,0.0099005,0.009899,0.0098965,0.009893,0.0098885,0.0098835,0.0098785,0.009873,0.0098675,0.009862,0.009857,0.0098515,0.0098465,0.0098415,0.009837,0.0098335,0.0098305,0.0098285,0.009827,0.0098265,0.0098265,0.0098265,0.0098265,0.009826,0.009825,0.0098235,0.0098215,0.0098195,0.009817,0.009814,0.0098105,0.0098065,0.0098015,0.009796,0.0097905,0.009785,0.0097795,0.009774,0.009769,0.009765,0.009761,0.009757,0.0097535,0.00975,0.0097475,0.0097455,0.009744,0.009743,0.0097425,0.0097415,0.0097405,0.009739,0.0097365,0.009733,0.0097295,0.0097255,0.0097205,0.009715,0.009709,0.009702,0.009695,0.009686,0.009677,0.0096675,0.0096595,0.0096505,0.0096425,0.0096355,0.009628,0.0096215,0.009616,0.0096105,0.009606,0.0096025,0.0096,0.0095985,0.0095975,0.0095965,0.0095955,0.009594,0.0095915,0.0095885,0.0095845,0.0095805,0.0095755,0.0095695,0.0095625,0.009554,0.009545,0.009535,0.0095235,0.009513,0.0095015,0.009491,0.009481,0.0094715,0.009463,0.009455,0.0094475,0.009441,0.009436,0.009431,0.0094275,0.009425,0.0094235,0.009422,0.00942,0.0094185,0.0094155,0.0094115,0.0094075,0.009402,0.009396,0.009388,0.00938,0.0093705,0.009361,0.00935,0.0093385,0.0093265,0.0093155,0.0093045,0.009294,0.009284,0.0092755,0.0092675,0.0092605,0.0092545,0.009249,0.009244,0.0092405,0.009237,0.009233,0.0092295,0.009226,0.009222,0.009217,0.009211,0.009204,0.009196,0.009186,0.0091755,0.0091635,0.009151,0.009138,0.0091245,0.0091105,0.0090975,0.0090845,0.009072,0.009061,0.009051,0.0090425,0.0090355,0.009029,0.009024,0.00902,0.0090165,0.0090125,0.009009,0.009005,0.0090005,0.0089955,0.0089885,0.008981,0.0089715,0.0089605,0.008948,0.0089345,0.0089195,0.008904,0.0088885,0.0088735,0.0088595,0.008846,0.008834,0.0088225,0.0088125,0.0088035,0.008796,0.0087895,0.0087845,0.0087805,0.0087775,0.008774,0.00877,0.008766,0.008761,0.008755,0.008747,0.0087385,0.0087275,0.008716,0.0087025,0.0086875,0.008671,0.008653,0.0086345,0.008615,0.0085955,0.0085765,0.0085575,0.0085405,0.0085245,0.0085105,0.008498,0.0084865,0.0084775,0.0084705,0.008465,0.008461,0.008458,0.008456,0.008454,0.008451,0.008447,0.0084425,0.008436,0.0084275,0.008418,0.0084055,0.0083915,0.008376,0.008358,0.008338,0.0083165,0.008294,0.0082705,0.008248,0.008226,0.008205,0.008186,0.008169,0.0081535,0.00814,0.008128,0.0081185,0.00811,0.0081035,0.0080985,0.008094,0.0080905,0.0080865,0.008082,0.0080765,0.008069,0.0080605,0.0080495,0.008037,0.008022,0.0080055,0.007987,0.007967,0.0079455,0.0079235,0.0079005,0.0078775,0.0078555,0.007835,0.007816,0.0077985,0.0077835,0.00777,0.0077585,0.007748,0.007739,0.007731,0.0077245,0.0077185,0.0077115,0.007705,0.0076975,0.007688,0.0076775,0.007665,0.00765,0.0076345,0.007616,0.007596,0.0075745,0.007551,0.0075265,0.007502,0.007476,0.00745,0.0074245,0.007401,0.007379,0.007359,0.007341,0.0073255,0.007313,0.007302,0.0072925,0.007284,0.007278,0.007272,0.0072665,0.0072615,0.007256,0.007249,0.007241,0.0072305,0.007218,0.0072035,0.007187,0.0071685,0.007148,0.007125,0.0071005,0.0070735,0.007046,0.0070185,0.0069905,0.0069645,0.00694,0.006918,0.006898,0.0068795,0.0068625,0.006848,0.0068355,0.006824,0.0068145,0.0068055,0.006798,0.0067895,0.0067815,0.006772,0.006761,0.006748,0.0067345,0.0067185,0.006701,0.0066815,0.0066605,0.0066385,0.006615,0.00659,0.0065645,0.0065395,0.006514,0.006489,0.006465,0.0064425,0.0064215,0.0064025,0.0063845,0.006368,0.006353,0.0063395,0.006327,0.006316,0.0063045,0.0062945,0.006284,0.006273,0.0062615,0.006249,0.0062355,0.006221,0.006205,0.0061875,0.0061695,0.00615,0.00613,0.0061085,0.0060855,0.0060615,0.006037,0.006012,0.0059865,0.0059625,0.0059385,0.0059155,0.005893,0.005872,0.0058515,0.005832,0.005813,0.005796,0.00578,0.0057655,0.005752,0.0057395,0.005726,0.005713,0.005699,0.005684,0.0056675,0.0056505,0.0056335,0.005616,0.005597,0.005577,0.005557,0.0055355,0.0055135,0.005492,0.0054705,0.0054495,0.00543,0.005412,0.0053955,0.0053785,0.005362,0.005346,0.0053305,0.0053155,0.0053005,0.005285,0.0052695,0.005255,0.0052395,0.0052235,0.005206,0.0051875,0.0051685,0.005148,0.0051275,0.0051055,0.0050835,0.005061,0.0050385,0.0050165,0.004993,0.0049695,0.0049465,0.0049245,0.0049035,0.0048835,0.004865,0.004848,0.0048325,0.0048175,0.0048035,0.0047895,0.004777,0.004764,0.004752,0.0047405,0.004728,0.004716,0.004702,0.0046865,0.00467,0.0046525,0.004633,0.0046125,0.0045905,0.004569,0.004546,0.0045225,0.0044985,0.004474,0.0044495,0.0044255,0.0044025,0.0043815,0.0043625,0.004345,0.0043295,0.0043155,0.0043015,0.004289,0.004277,0.0042655,0.0042555,0.004245,0.004235,0.004224,0.0042125,0.0041995,0.0041845,0.004168,0.0041495,0.0041295,0.004108,0.004085,0.0040605,0.004035,0.004009,0.0039825,0.003957,0.003931,0.0039065,0.003883,0.003861,0.00384,0.00382,0.003802,0.003786,0.003771,0.0037575,0.0037445,0.003733,0.003721,0.003709,0.003698,0.0036855,0.0036735,0.0036605,0.003646,0.003631,0.003615,0.0035975,0.0035785,0.0035585,0.003537,0.0035155,0.0034925,0.0034695,0.003446,0.003423,0.0034,0.003377,0.0033545,0.003333,0.003313,0.003294,0.003277,0.003261,0.003246,0.0032325,0.0032195,0.0032075,0.0031965,0.0031855,0.003176,0.0031655,0.003156,0.0031455,0.0031345,0.0031215,0.0031075,0.003092,0.003075,0.0030565,0.003036,0.0030145,0.002991,0.002967,0.0029425,0.0029175,0.002892,0.002867,0.002843,0.0028205,0.002799,0.002779,0.0027605,0.002744,0.002729,0.002716,0.002704,0.0026935,0.002684,0.002676,0.0026675,0.00266,0.002652,0.0026435,0.0026345,0.002624,0.0026125,0.0025995,0.002585,0.0025685,0.0025505,0.0025315,0.0025105,0.00249,0.0024675,0.002444,0.002421,0.002397,0.002374,0.002351,0.0023295,0.002309,0.00229,0.002273,0.0022575,0.002243,0.00223,0.0022185,0.0022085,0.0022005,0.0021935,0.002187,0.002181,0.002175,0.002168,0.002161,0.002152,0.002142,0.0021305,0.002118,0.0021035,0.002087,0.0020695,0.00205,0.0020295,0.0020075,0.0019855,0.001962,0.0019395,0.001918,0.001897,0.0018775,0.001859,0.0018415,0.001826,0.001812,0.001799,0.0017875,0.001778,0.00177,0.001763,0.001757,0.001751,0.0017455,0.0017405,0.001735,0.0017275,0.0017205,0.001712,0.0017025,0.0016915,0.00168,0.001666,0.0016515,0.0016355,0.0016185,0.0016,0.001581,0.0015615,0.0015425,0.0015235,0.0015055,0.0014885,0.001473,0.0014585,0.0014445,0.0014325,0.001421,0.001411,0.001402,0.001394,0.001386,0.001379,0.001371,0.0013635,0.001355,0.0013455,0.0013355,0.001324,0.001312,0.0012995,0.001285,0.00127,0.001255,0.0012395,0.001223,0.0012065,0.0011905,0.0011765,0.0011625,0.0011495,0.0011385,0.0011275,0.0011185,0.0011105,0.0011045,0.0011,0.0010955,0.0010905,0.0010875,0.001084,0.00108,0.001075,0.001069,0.0010625,0.0010545,0.001045,0.001035,0.0010225,0.001009,0.00099504,0.00098004,0.00096354,0.00094704,0.00093054,0.00091454,0.00089854,0.00088304,0.00086804,0.00085504,0.00084254,0.00083054,0.00082154,0.00081354,0.00080654,0.00080154,0.00079704,0.00079354,0.00079054,0.00078904,0.00078754,0.00078554,0.00078404,0.00078204,0.00077954,0.00077604,0.00077054,0.00076504,0.00075854,0.00075054,0.00074154,0.00073154,0.00072054,0.00070904,0.00069704,0.00068404,0.00067054,0.00065804,0.00064554,0.00063354,0.00062154,0.00061004,0.00060004,0.00059054,0.00058204,0.00057454,0.00056754,0.00056204,0.00055804,0.00055354,0.00055004,0.00054704,0.00054454,0.00054254,0.00054054,0.00053854,0.00053654,0.00053354,0.00053054,0.00052754,0.00052354,0.00051954,0.00051354,0.00050754,0.00050104,0.00049404,0.00048604,0.00047904,0.00047054,0.00046254,0.00045404,0.00044554,0.00043754,0.00042904,0.00042154,0.00041454,0.00040754,0.00040104,0.00039554,0.00038854,0.00038254,0.00037654,0.00037004,0.00036404,0.00035854,0.00035304,0.00034754,0.00034304,0.00033854,0.00033504,0.00033054,0.00032754,0.00032454,0.00032204,0.00032054,0.00031954,0.00031854,0.00031804,0.00031754,0.00031704,0.00031604,0.00031504,0.00031304,0.00031054,0.00030804,0.00030504,0.00030154,0.00029654,0.00029054,0.00028354,0.00027654,0.00026804,0.00025954,0.00025054,0.00024204,0.00023304,0.00022554,0.00021754,0.00021054,0.00020354,0.00019804,0.00019304,0.00018804,0.00018454,0.00018204,0.00018054,0.00017954,0.00017904,0.00017904,0.00017904,0.00017954,0.00018054,0.00018104,0.00018104,0.00018104,0.00018104,0.00018104,0.00018104,0.00018004,0.00017854,0.00017704,0.00017504,0.00017254,0.00016954,0.00016654,0.00016304,0.00015954,0.00015554,0.00015054,0.00014604,0.00014154,0.00013704,0.00013204,0.00012754,0.00012354,0.00012004,0.00011704,0.00011454,0.00011204,0.00011054,0.00010904,0.00010854,0.00010804,0.00010804,0.00010804,0.00010854,0.00010904,0.00010954,0.00010954,0.00011004,0.00011004,0.00011004,0.00010954,0.00010904,0.00010854,0.00010804,0.00010704,0.00010604,0.00010454,0.00010304,0.00010104,9.8541e-05,9.6541e-05,9.3541e-05,9.0541e-05,8.7541e-05,8.5041e-05,8.2541e-05,8.1041e-05,7.9541e-05,7.8041e-05,7.6541e-05,7.6041e-05,7.5541e-05,7.5041e-05,7.5041e-05,7.5041e-05,7.4541e-05,7.4541e-05,7.4541e-05,7.4041e-05,7.3041e-05,7.3041e-05,7.2041e-05,7.1541e-05,7.0541e-05,7.0041e-05,6.9041e-05,6.8041e-05,6.6541e-05,6.5541e-05,6.4041e-05,6.2541e-05,6.0541e-05,5.8541e-05
3.0367e-05,3.0367e-05,3.0367e-05,3.0367e-05,3.0367e-05,3.0341e-05,3.0341e-05,3.0314e-05,3.0314e-05,3.0288e-05,3.0261e-05,3.0235e-05,3.0208e-05,3.0155e-05,3.0129e-05,3.0076e-05,3.0023e-05,2.997e-05,2.989e-05,2.9837e-05,2.9758e-05,2.9678e-05,2.9599e-05,2.9519e-05,2.944e-05,2.9328e-05,2.9208e-05,2.9118e-05,2.8997e-05,2.8877e-05,2.8726e-05,2.8606e-05,2.8456e-05,2.8335e-05,2.8185e-05,2.8091e-05,2.8003e-05,2.7896e-05,2.779e-05,2.7684e-05,2.7578e-05,2.7472e-05,2.7512e-05,2.7573e-05,2.7635e-05,2.7688e-05,2.7749e-05,2.7811e-05,2.8067e-05,2.8302e-05,2.8537e-05,2.8806e-05,2.9041e-05,2.9373e-05,2.9756e-05,3.0139e-05,3.0521e-05,3.0904e-05,3.1246e-05,3.1554e-05,3.19e-05,3.2208e-05,3.2554e-05,3.288e-05,3.3201e-05,3.3522e-05,3.3843e-05,3.4108e-05,3.4277e-05,3.4446e-05,3.4616e-05,3.4785e-05,3.622e-05,3.683e-05,3.744e-05,3.805e-05,3.8709e-05,3.9287e-05,3.9865e-05,4.0443e-05,4.1073e-05,4.1601e-05,4.2189e-05,4.2717e-05,4.3304e-05,4.3842e-05,4.438e-05,4.4918e-05,4.5403e-05,4.5939e-05,4.6423e-05,4.6906e-05,4.7388e-05,4.769e-05,4.7964e-05,4.8265e-05,4.8494e-05,4.853e-05,4.857e-05,4.8609e-05,4.8495e-05,4.8254e-05,4.8012e-05,4.7771e-05,4.7192e-05,4.6577e-05,4.5907e-05,4.513e-05,4.406e-05,4.2893e-05,4.1823e-05,4.0487e-05,3.896e-05,3.756e-05,3.6044e-05,3.4675e-05,3.3306e-05,3.1813e-05,3.0768e-05,2.9804e-05,2.8752e-05,2.7943e-05,2.7562e-05,2.7212e-05,2.6831e-05,2.6905e-05,2.7106e-05,2.7307e-05,2.7556e-05,2.797e-05,2.8384e-05,2.8798e-05,2.9081e-05,2.9338e-05,2.9617e-05,2.96e-05,2.9509e-05,2.9424e-05,2.9174e-05,2.881e-05,2.8446e-05,2.809e-05,2.768e-05,2.727e-05,2.6903e-05,2.6619e-05,2.6356e-05,2.61e-05,2.598e-05,2.5849e-05,2.5721e-05,2.5685e-05,2.5646e-05,2.561e-05,2.5613e-05,2.5626e-05,2.5639e-05,2.5707e-05,2.5808e-05,2.5918e-05,2.6082e-05,2.638e-05,2.6655e-05,2.6955e-05,2.7522e-05,2.8044e-05,2.861e-05,2.9401e-05,3.0279e-05,3.1089e-05,3.2198e-05,3.3404e-05,3.4517e-05,3.5871e-05,3.7347e-05,3.8822e-05,4.0211e-05,4.1754e-05,4.3298e-05,4.4764e-05,4.596e-05,4.7255e-05,4.8474e-05,4.921e-05,5.0007e-05,5.0804e-05,5.1018e-05,5.1248e-05,5.1478e-05,5.1384e-05,5.1212e-05,5.1053e-05,5.0804e-05,5.0503e-05,5.0226e-05,4.9961e-05,4.974e-05,4.9535e-05,4.9367e-05,4.9326e-05,4.9285e-05,4.9275e-05,4.9379e-05,4.9483e-05,4.9594e-05,4.975e-05,4.9906e-05,5.0063e-05,5.0224e-05,5.0397e-05,5.0564e-05,5.0833e-05,5.1103e-05,5.1372e-05,5.1943e-05,5.2523e-05,5.3104e-05,5.4137e-05,5.5227e-05,5.6317e-05,5.782e-05,5.9419e-05,6.1019e-05,6.2828e-05,6.4713e-05,6.6599e-05,6.8628e-05,7.0513e-05,7.2542e-05,7.4394e-05,7.6057e-05,7.7849e-05,7.9386e-05,8.0864e-05,8.2342e-05,8.3626e-05,8.4901e-05,8.6167e-05,8.7359e-05,8.8551e-05,8.9737e-05,9.0903e-05,9.2069e-05,9.3154e-05,9.4326e-05,9.5498e-05,9.668e-05,9.7875e-05,9.907e-05,0.00010022,0.0001015,0.00010278,0.00010422,0.00010574,0.00010726,0.00010913,0.0001111,0.00011293,0.00011537,0.0001179,0.00012043,0.00012354,0.00012665,0.00013009,0.00013374,0.00013739,0.00014116,0.00014547,0.00014949,0.00015356,0.00015766,0.00016177,0.00016568,0.00016977,0.0001736,0.00017681,0.00017996,0.00018306,0.0001853,0.00018754,0.00018962,0.00019104,0.00019245,0.00019371,0.00019469,0.0001956,0.00019649,0.00019734,0.00019826,0.00019936,0.00020063,0.00020181,0.00020364,0.00020536,0.00020737,0.00020972,0.00021223,0.00021485,0.00021777,0.0002209,0.00022411,0.00022745,0.0002308,0.00023461,0.00023822,0.00024182,0.00024586,0.00024963,0.00025372,0.00025766,0.00026188,0.00026623,0.00027067,0.00027511,0.00027939,0.00028431,0.00028891,0.00029345,0.000298,0.00030234,0.00030649,0.00031064,0.00031423,0.00031797,0.00032129,0.00032409,0.00032689,0.00032943,0.00033179,0.00033415,0.00033634,0.00033868,0.00034109,0.0003438,0.00034651,0.0003495,0.00035273,0.00035597,0.00035937,0.00036308,0.00036683,0.00037089,0.00037495,0.00037913,0.00038346,0.00038779,0.00039236,0.00039699,0.00040166,0.00040661,0.00041155,0.00041664,0.00042191,0.00042718,0.00043273,0.00043798,0.00044362,0.00044963,0.00045565,0.00046136,0.00046773,0.0004741,0.00048015,0.00048672,0.00049284,0.00049932,0.00050579,0.00051178,0.00051784,0.00052389,0.00052934,0.00053481,0.00054029,0.00054541,0.00055036,0.00055531,0.00055967,0.00056433,0.00056899,0.00057332,0.00057795,0.00058266,0.00058711,0.00059188,0.00059646,0.00060141,0.00060602,0.00061115,0.00061627,0.00062113,0.00062654,0.00063194,0.00063722,0.00064307,0.00064892,0.00065527,0.00066171,0.00066827,0.00067582,0.0006829,0.00069027,0.00069785,0.00070542,0.0007132,0.000721,0.00072878,0.00073647,0.00074366,0.00075116,0.00075848,0.00076531,0.00077223,0.00077904,0.00078537,0.00079176,0.00079814,0.00080404,0.00081023,0.00081642,0.00082266,0.00082893,0.0008352,0.0008417,0.00084821,0.00085435,0.00086156,0.00086832,0.00087518,0.00088209,0.00088901,0.00089602,0.00090303,0.00090961,0.00091679,0.00092397,0.00093133,0.00093885,0.00094636,0.0009538,0.00096183,0.00096995,0.00097799,0.0009866,0.00099545,0.001004,0.0010131,0.0010226,0.0010322,0.0010412,0.0010511,0.001061,0.001071,0.0010804,0.0010905,0.0011006,0.0011106,0.0011207,0.0011297,0.0011394,0.0011489,0.0011573,0.0011662,0.0011748,0.0011822,0.0011897,0.0011971,0.0012042,0.0012108,0.0012174,0.0012239,0.0012301,0.0012368,0.0012436,0.0012507,0.0012579,0.0012656,0.0012743,0.0012834,0.0012926,0.0013031,0.0013136,0.0013245,0.0013367,0.0013482,0.0013591,0.0013709,0.0013826,0.0013941,0.0014049,0.0014161,0.0014263,0.0014371,0.0014476,0.0014572,0.0014668,0.0014762,0.0014862,0.0014956,0.0015052,0.0015155,0.0015252,0.0015353,0.0015455,0.0015565,0.001567,0.0015775,0.0015887,0.0015991,0.0016102,0.0016201,0.00163,0.0016405,0.0016495,0.0016585,0.0016674,0.0016757,0.0016841,0.0016931,0.0017008,0.0017091,0.0017176,0.0017264,0.0017351,0.0017444,0.001754,0.0017636,0.0017739,0.0017845,0.0017951,0.0018063,0.0018176,0.0018289,0.0018408,0.0018526,0.0018644,0.0018764,0.0018883,0.0019003,0.0019121,0.0019239,0.0019356,0.0019471,0.0019586,0.0019699,0.0019809,0.0019919,0.0020023,0.0020126,0.0020228,0.0020317,0.0020411,0.0020505,0.0020593,0.0020674,0.0020761,0.0020846,0.0020932,0.0021018,0.0021108,0.0021199,0.0021292,0.0021393,0.0021494,0.00216,0.002172,0.0021833,0.0021952,0.0022074,0.0022205,0.002233,0.0022457,0.0022583,0.0022718,0.0022844,0.0022969,0.002309,0.0023211,0.0023331,0.0023447,0.0023563,0.0023677,0.0023789,0.0023901,0.0024013,0.0024124,0.0024235,0.0024347,0.0024459,0.002457,0.0024683,0.0024796,0.0024916,0.0025029,0.0025142,0.0025255,0.0025369,0.002549,0.0025604,0.002572,0.0025835,0.0025954,0.0026082,0.0026202,0.0026326,0.0026451,0.0026576,0.0026703,0.0026831,0.0026959,0.0027087,0.0027214,0.0027341,0.0027466,0.00276,0.0027724,0.0027847,0.002797,0.0028093,0.0028216,0.0028348,0.0028473,0.0028599,0.0028725,0.0028863,0.0028993,0.0029122,0.0029255,0.0029396,0.0029529,0.002966,0.0029792,0.0029921,0.0030047,0.0030182,0.0030304,0.0030424,0.0030544,0.0030661,0.0030778,0.0030903,0.0031023,0.0031142,0.0031272,0.0031399,0.0031534,0.0031674,0.0031807,0.0031951,0.0032098,0.0032247,0.0032386,0.0032539,0.0032691,0.0032845,0.0032989,0.0033143,0.0033286,0.0033439,0.0033582,0.003372,0.0033866,0.0034002,0.0034137,0.0034263,0.0034386,0.0034501,0.0034624,0.0034737,0.0034846,0.0034963,0.0035074,0.0035185,0.0035305,0.0035424,0.0035544,0.0035664,0.0035803,0.0035933,0.0036065,0.0036212,0.003635,0.003649,0.0036643,0.0036785,0.003693,0.0037086,0.0037232,0.0037378,0.0037524,0.0037671,0.0037815,0.0037959,0.0038103,0.0038242,0.0038382,0.003852,0.0038655,0.003879,0.0038924,0.0039056,0.0039187,0.0039319,0.003945,0.0039581,0.0039712,0.0039843,0.0039984,0.0040115,0.0040246,0.0040376,0.0040505,0.0040633,0.0040761,0.0040884,0.0041008,0.0041129,0.0041246,0.0041355,0.004147,0.0041583,0.0041696,0.004181,0.0041926,0.0042042,0.0042166,0.0042293,0.004242,0.0042561,0.0042706,0.004285,0.004302,0.0043179,0.004334,0.004352,0.0043687,0.0043854,0.004402,0.0044197,0.0044357,0.0044512,0.0044667,0.0044812,0.0044953,0.0045093,0.0045213,0.004534,0.0045467,0.0045586,0.0045704,0.0045822,0.004594,0.0046057,0.0046176,0.00463,0.0046423,0.004655,0.0046682,0.0046814,0.0046949,0.0047088,0.0047236,0.0047377,0.0047518,0.004766,0.0047802,0.0047944,0.0048086,0.004823,0.0048373,0.0048517,0.0048663,0.0048809,0.0048955,0.0049103,0.0049251,0.0049389,0.0049536,0.0049684,0.004983,0.0049975,0.005012,0.0050253,0.0050394,0.0050535,0.0050673,0.0050809,0.0050946,0.005108,0.0051212,0.0051345,0.0051475,0.0051614,0.0051744,0.0051873,0.0052002,0.0052131,0.005226,0.0052388,0.0052516,0.0052643,0.0052762,0.0052886,0.0053009,0.0053131,0.0053249,0.0053366,0.0053482,0.0053589,0.0053704,0.0053819,0.005394,0.0054062,0.0054184,0.0054323,0.0054462,0.0054603,0.005477,0.0054926,0.0055087,0.0055254,0.0055433,0.0055599,0.0055766,0.0055944,0.00561,0.0056253,0.0056406,0.0056541,0.0056673,0.0056805,0.0056916,0.0057028,0.0057137,0.005723,0.005733,0.0057431,0.0057529,0.0057633,0.0057745,0.0057862,0.0057987,0.0058112,0.0058264,0.0058415,0.0058574,0.0058731,0.0058899,0.0059068,0.0059238,0.0059396,0.0059559,0.0059716,0.0059862,0.0060006,0.0060143,0.0060271,0.0060385,0.0060504,0.0060613,0.0060722,0.0060819,0.0060924,0.0061018,0.0061118,0.0061211,0.0061308,0.0061413,0.0061511,0.0061618,0.0061737,0.0061847,0.0061976,0.0062099,0.0062232,0.0062361,0.0062501,0.0062632,0.0062771,0.0062901,0.0063041,0.0063174,0.0063297,0.006343,0.0063547,0.0063672,0.0063797,0.0063909,0.006402,0.006414,0.0064248,0.0064365,0.0064474,0.0064582,0.0064699,0.0064808,0.0064922,0.0065045,0.006516,0.0065296,0.0065432,0.006556,0.0065714,0.0065868,0.0066026,0.0066195,0.0066364,0.0066535,0.0066709,0.0066883,0.0067052,0.0067216,0.0067381,0.0067529,0.006767,0.006781,0.0067926,0.0068028,0.0068139,0.0068224,0.0068307,0.0068383,0.0068452,0.0068519,0.0068588,0.0068655,0.0068727,0.0068802,0.0068896,0.0068982,0.0069083,0.0069204,0.0069326,0.0069447,0.0069593,0.0069739,0.0069891,0.0070051,0.007021,0.0070358,0.0070517,0.0070676,0.0070829,0.0070977,0.0071126,0.007126,0.0071382,0.0071513,0.0071628,0.0071741,0.0071853,0.0071951,0.0072043,0.0072141,0.0072236,0.0072331,0.0072428,0.0072525,0.0072629,0.0072738,0.007286,0.0072982,0.007311,0.0073247,0.0073384,0.0073523,0.0073664,0.0073805,0.007395,0.0074083,0.0074215,0.0074335,0.0074454,0.0074572,0.007468,0.0074788,0.0074896,0.0075002,0.0075109,0.0075216,0.0075326,0.0075436,0.0075548,0.0075663,0.0075778,0.0075903,0.007602,0.0076146,0.0076261,0.0076384,0.0076506,0.0076612,0.0076727,0.0076837,0.0076941,0.0077038,0.0077137,0.0077235,0.0077333,0.0077426,0.0077527,0.007763,0.0077733,0.0077844,0.0077953,0.0078077,0.0078192,0.007832,0.0078442,0.0078573,0.0078694,0.0078824,0.0078943,0.0079064,0.0079177,0.0079293,0.0079395,0.0079504,0.0079599,0.0079697,0.0079789,0.0079882,0.0079968,0.008006,0.0080152,0.0080238,0.0080334,0.0080433,0.0080526,0.0080634,0.0080745,0.0080849,0.008097,0.0081082,0.0081204,0.008132,0.0081437,0.008156,0.0081673,0.0081786,0.0081897,0.0082014,0.0082123,0.0082231,0.0082346,0.0082455,0.0082573,0.0082683,0.0082802,0.0082914,0.0083033,0.0083151,0.0083259,0.0083375,0.0083475,0.008358,0.0083677,0.0083766,0.0083849,0.0083933,0.0084002,0.008407,0.008414,0.0084202,0.0084264,0.0084334,0.0084401,0.0084472,0.0084556,0.0084636,0.0084725,0.0084826,0.0084928,0.0085036,0.0085149,0.0085263,0.008538,0.0085498,0.0085607,0.0085722,0.0085836,0.0085947,0.0086047,0.0086154,0.0086253,0.0086343,0.0086439,0.0086519,0.0086605,0.0086688,0.0086759,0.0086835,0.0086908,0.0086973,0.0087043,0.0087112,0.0087181,0.0087246,0.0087319,0.0087392,0.0087468,0.0087549,0.0087629,0.0087714,0.0087801,0.0087888,0.0087982,0.0088075,0.0088171,0.0088269,0.0088362,0.0088462,0.0088564,0.0088666,0.0088765,0.0088859,0.0088957,0.0089049,0.0089141,0.0089227,0.0089302,0.0089383,0.0089454,0.0089525,0.0089594,0.0089658,0.0089722,0.0089787,0.0089852,0.0089917,0.0089985,0.0090054,0.0090124,0.0090196,0.0090268,0.009034,0.009041,0.0090481,0.0090547,0.0090613,0.0090674,0.0090737,0.00908,0.0090864,0.0090931,0.0090997,0.0091065,0.0091141,0.0091217,0.0091301,0.0091386,0.009147,0.0091562,0.0091647,0.0091727,0.0091809,0.0091885,0.0091954,0.0092018,0.0092081,0.0092135,0.0092189,0.0092245,0.0092298,0.0092353,0.0092413,0.0092472,0.0092538,0.0092607,0.0092677,0.009275,0.0092824,0.0092892,0.0092968,0.0093039,0.0093101,0.0093164,0.0093231,0.0093288,0.0093344,0.00934,0.0093455,0.009351,0.0093567,0.0093624,0.0093682,0.0093741,0.0093801,0.0093861,0.0093916,0.0093974,0.009403,0.0094084,0.0094139,0.0094186,0.0094237,0.0094288,0.0094337,0.0094389,0.009444,0.0094499,0.0094558,0.0094618,0.0094685,0.0094747,0.0094818,0.0094888,0.0094954,0.0095021,0.0095089,0.0095152,0.0095207,0.0095265,0.0095315,0.0095362,0.0095409,0.0095446,0.0095483,0.0095515,0.0095545,0.0095576,0.0095604,0.0095629,0.0095656,0.0095683,0.0095711,0.009574,0.009577,0.0095803,0.0095841,0.0095882,0.0095923,0.0095973,0.0096025,0.0096082,0.0096142,0.0096203,0.0096267,0.0096337,0.0096404,0.009647,0.009654,0.0096604,0.0096664,0.0096723,0.0096774,0.0096824,0.0096869,0.0096901,0.0096933,0.0096959,0.0096978,0.0096996,0.0097009,0.009702,0.009703,0.0097042,0.0097053,0.0097068,0.0097088,0.0097107,0.0097139,0.0097169,0.0097206,0.0097251,0.0097296,0.0097347,0.0097402,0.0097459,0.009752,0.0097578,0.0097639,0.0097696,0.0097756,0.0097807,0.0097862,0.0097905,0.0097947,0.0097986,0.0098011,0.0098038,0.0098059,0.0098071,0.0098084,0.009809,0.0098095,0.0098099,0.0098103,0.0098106,0.0098113,0.009812,0.0098129,0.0098147,0.0098164,0.0098192,0.0098223,0.0098255,0.0098302,0.0098349,0.0098399,0.0098458,0.0098517,0.0098576,0.0098639,0.0098699,0.0098756,0.0098813,0.0098858,0.0098902,0.0098939,0.0098967,0.0098996,0.009901,0.0099024,0.0099032,0.0099036,0.009904,0.009904,0.009904,0.009904,0.0099041,0.0099042,0.0099044,0.0099046,0.009905,0.0099056,0.0099062,0.0099073,0.0099084,0.0099101,0.0099122,0.0099143,0.0099178,0.0099214,0.0099258,0.0099307,0.0099357,0.0099408,0.0099462,0.0099511,0.0099557,0.0099603,0.0099629,0.0099655,0.0099671,0.0099677,0.0099683,0.0099675,0.0099668,0.0099659,0.0099648,0.0099638,0.0099631,0.0099624,0.0099619,0.0099617,0.0099614,0.0099615,0.0099615,0.0099617,0.009962,0.0099623,0.0099631,0.0099638,0.0099647,0.0099661,0.0099674,0.0099692,0.0099711,0.0099731,0.0099752,0.0099772,0.0099791,0.0099809,0.0099825,0.0099838,0.009985,0.0099859,0.0099866,0.0099872,0.0099876,0.0099881,0.0099886,0.0099892,0.0099898,0.0099905,0.0099913,0.0099922,0.0099931,0.009994,0.0099949,0.0099957,0.0099963,0.009997,0.0099976,0.0099981,0.0099987,0.0099994,0.01,0.010001,0.010002,0.010003,0.010004,0.010005,0.010006,0.010007,0.010008,0.010008,0.010009,0.010009,0.010009,0.010009,0.010008,0.010008,0.010008,0.010008,0.010008,0.010008,0.010008,0.010008,0.010008,0.010008,0.010008,0.010008,0.010008,0.010008,0.010008,0.010008,0.010009,0.010009,0.01001,0.01001,0.010011,0.010012,0.010013,0.010013,0.010014,0.010015,0.010015,0.010015,0.010015,0.010015,0.010015,0.010014,0.010013,0.010013,0.010012,0.010011,0.01001,0.010009,0.010008,0.010007,0.010006,0.010006,0.010005,0.010005,0.010005,0.010005,0.010006,0.010006,0.010007,0.010007,0.010008,0.010009,0.010009,0.01001,0.01001,0.010011,0.010011,0.010011,0.010011,0.01001,0.01001,0.010009,0.010008,0.010007,0.010006,0.010005,0.010003,0.010002,0.010001,0.01,0.0099992,0.0099985,0.0099984,0.0099982,0.0099985,0.0099989,0.0099994,0.01,0.010001,0.010001,0.010002,0.010003,0.010003,0.010003,0.010003,0.010003,0.010003,0.010003,0.010003,0.010002,0.010002,0.010002,0.010001,0.01,0.0099998,0.0099992,0.0099985,0.0099978,0.0099972,0.0099965,0.0099961,0.0099956,0.0099955,0.0099954,0.0099953,0.0099956,0.0099959,0.0099963,0.0099968,0.0099972,0.0099976,0.0099981,0.0099983,0.0099984,0.0099986,0.0099983,0.009998,0.0099976,0.009997,0.0099964,0.0099955,0.0099946,0.0099937,0.0099926,0.0099915,0.0099903,0.0099891,0.009988,0.0099869,0.0099859,0.0099852,0.0099845,0.0099841,0.009984,0.0099839,0.0099842,0.0099846,0.009985,0.0099855,0.009986,0.0099864,0.0099867,0.0099869,0.0099868,0.0099868,0.0099864,0.0099859,0.0099853,0.0099843,0.0099833,0.0099818,0.0099801,0.0099782,0.0099756,0.0099732,0.0099703,0.0099672,0.0099642,0.0099612,0.0099582,0.0099556,0.0099533,0.0099515,0.0099504,0.0099492,0.0099492,0.0099493,0.0099497,0.0099505,0.0099513,0.0099522,0.009953,0.0099537,0.009954,0.0099544,0.009954,0.0099536,0.0099528,0.0099516,0.0099504,0.0099483,0.0099463,0.0099433,0.0099402,0.0099368,0.0099323,0.009928,0.0099228,0.0099178,0.0099127,0.009908,0.009903,0.0099,0.0098967,0.0098949,0.009894,0.0098935,0.0098946,0.0098958,0.0098976,0.0098995,0.0099012,0.0099024,0.0099036,0.0099032,0.0099027,0.009901,0.0098987,0.0098959,0.0098921,0.0098885,0.009884,0.0098793,0.009875,0.0098704,0.0098662,0.0098623,0.0098586,0.0098554,0.0098527,0.0098501,0.0098482,0.0098463,0.0098449,0.0098435,0.0098422,0.0098409,0.0098395,0.0098378,0.0098362,0.0098339,0.0098314,0.0098288,0.0098253,0.0098219,0.0098181,0.0098141,0.0098098,0.0098055,0.0098013,0.009797,0.009793,0.0097894,0.0097858,0.0097825,0.0097798,0.0097773,0.009775,0.009773,0.009771,0.0097693,0.0097675,0.0097656,0.0097635,0.0097614,0.0097588,0.0097563,0.0097531,0.00975,0.0097466,0.0097427,0.0097389,0.0097345,0.0097298,0.0097251,0.0097198,0.0097147,0.0097089,0.0097034,0.0096974,0.0096913,0.0096855,0.0096793,0.0096732,0.0096672,0.0096613,0.0096556,0.0096502,0.0096452,0.0096405,0.0096358,0.009632,0.0096281,0.0096245,0.0096214,0.0096182,0.0096151,0.0096119,0.0096085,0.0096046,0.0096008,0.0095957,0.0095906,0.0095844,0.0095778,0.0095708,0.0095631,0.0095554,0.0095474,0.0095393,0.0095315,0.0095238,0.0095164,0.0095101,0.0095034,0.0094978,0.0094922,0.0094871,0.0094827,0.009478,0.0094735,0.0094692,0.0094645,0.0094597,0.0094546,0.0094491,0.009444,0.0094378,0.0094316,0.0094249,0.009418,0.009411,0.0094036,0.0093957,0.009388,0.0093804,0.0093727,0.0093652,0.0093577,0.0093505,0.0093433,0.0093367,0.0093302,0.0093239,0.0093179,0.0093119,0.0093061,0.0093003,0.0092944,0.0092884,0.0092819,0.0092755,0.009269,0.0092617,0.0092548,0.0092475,0.0092396,0.0092319,0.009224,0.0092159,0.0092074,0.0091988,0.0091897,0.0091806,0.0091711,0.0091614,0.0091517,0.0091418,0.009132,0.0091226,0.0091133,0.0091045,0.0090964,0.0090884,0.0090816,0.0090748,0.0090689,0.0090632,0.0090576,0.0090522,0.0090463,0.00904,0.0090337,0.0090265,0.0090183,0.0090094,0.0089989,0.0089885,0.0089769,0.0089646,0.0089527,0.0089397,0.0089275,0.0089153,0.0089038,0.0088931,0.008883,0.0088742,0.0088668,0.0088593,0.008854,0.0088487,0.0088439,0.0088395,0.0088349,0.0088295,0.0088242,0.008817,0.0088095,0.0088008,0.0087908,0.0087813,0.0087693,0.0087574,0.0087447,0.0087324,0.0087193,0.008706,0.0086928,0.0086797,0.0086666,0.0086538,0.0086411,0.0086286,0.0086164,0.0086034,0.0085919,0.0085798,0.0085691,0.0085582,0.0085484,0.0085391,0.0085304,0.0085228,0.0085149,0.0085079,0.0085009,0.0084938,0.0084863,0.0084788,0.008469,0.0084598,0.0084488,0.0084371,0.0084244,0.0084095,0.0083953,0.0083786,0.0083619,0.0083447,0.0083275,0.0083119,0.0082956,0.0082802,0.0082661,0.0082523,0.0082407,0.0082298,0.0082202,0.008211,0.008203,0.0081952,0.0081874,0.0081801,0.0081727,0.0081636,0.008155,0.008144,0.008133,0.00812,0.0081062,0.008091,0.0080747,0.0080575,0.008039,0.0080205,0.0080022,0.007985,0.0079677,0.0079515,0.0079359,0.0079227,0.0079095,0.0078991,0.0078888,0.0078799,0.0078716,0.0078634,0.0078555,0.0078473,0.0078382,0.0078284,0.007817,0.0078057,0.0077917,0.0077775,0.0077606,0.0077437,0.007726,0.0077074,0.0076887,0.0076696,0.0076505,0.007632,0.0076136,0.0075962,0.0075792,0.0075639,0.0075483,0.007533,0.0075184,0.0075038,0.0074895,0.0074752,0.0074608,0.0074456,0.0074312,0.0074168,0.0074018,0.0073879,0.0073742,0.0073604,0.0073475,0.0073354,0.0073232,0.0073113,0.0072994,0.0072868,0.007274,0.0072602,0.0072454,0.0072309,0.0072134,0.007196,0.0071761,0.0071572,0.0071362,0.0071148,0.0070935,0.0070721,0.0070502,0.0070306,0.0070113,0.0069949,0.0069786,0.0069647,0.006952,0.0069413,0.006931,0.0069218,0.0069129,0.006904,0.006894,0.0068833,0.0068707,0.0068581,0.0068412,0.0068242,0.0068041,0.006783,0.0067604,0.0067365,0.0067139,0.0066896,0.0066654,0.0066428,0.0066202,0.0066002,0.0065809,0.0065636,0.0065478,0.0065323,0.0065195,0.0065063,0.0064949,0.0064829,0.006471,0.0064591,0.0064459,0.0064328,0.0064178,0.0064026,0.0063866,0.0063691,0.0063513,0.0063328,0.0063138,0.006294,0.0062741,0.0062538,0.0062335,0.0062146,0.0061946,0.0061753,0.0061575,0.006139,0.0061214,0.0061039,0.0060873,0.0060708,0.0060547,0.0060387,0.0060216,0.0060054,0.0059879,0.0059701,0.0059529,0.0059345,0.0059159,0.0058972,0.0058784,0.0058609,0.0058424,0.0058254,0.0058075,0.0057909,0.0057743,0.0057577,0.005741,0.005724,0.0057055,0.0056877,0.005669,0.0056502,0.0056302,0.0056102,0.0055898,0.0055682,0.0055482,0.0055286,0.0055088,0.0054913,0.0054743,0.0054588,0.0054442,0.0054319,0.005419,0.0054076,0.0053958,0.0053834,0.0053714,0.0053583,0.0053441,0.0053289,0.0053114,0.0052937,0.005273,0.0052534,0.0052306,0.0052074,0.0051849,0.0051606,0.0051363,0.0051124,0.0050886,0.0050663,0.0050441,0.0050242,0.0050048,0.0049873,0.0049711,0.0049568,0.0049435,0.0049304,0.0049188,0.0049073,0.0048961,0.0048849,0.0048728,0.0048603,0.0048466,0.0048315,0.0048156,0.0047972,0.0047788,0.0047588,0.0047376,0.0047152,0.0046935,0.0046706,0.0046488,0.0046259,0.0046042,0.0045837,0.004564,0.0045447,0.0045279,0.0045112,0.0044953,0.0044809,0.0044667,0.0044538,0.0044409,0.0044284,0.0044153,0.0044025,0.0043896,0.0043761,0.0043614,0.0043469,0.0043306,0.0043148,0.0042978,0.0042807,0.0042624,0.004245,0.0042258,0.0042063,0.0041864,0.0041672,0.0041467,0.0041259,0.0041051,0.0040845,0.0040628,0.0040428,0.0040219,0.004003,0.0039835,0.0039658,0.0039482,0.003932,0.0039161,0.0039005,0.0038858,0.0038711,0.0038567,0.0038416,0.0038269,0.0038121,0.0037972,0.0037813,0.0037653,0.0037489,0.0037318,0.003713,0.0036948,0.0036758,0.0036567,0.0036368,0.003617,0.003597,0.003577,0.0035574,0.0035381,0.0035182,0.0034999,0.0034812,0.0034635,0.0034461,0.0034308,0.0034146,0.0033995,0.0033844,0.0033688,0.0033541,0.0033392,0.0033242,0.0033082,0.0032928,0.0032771,0.0032613,0.0032453,0.00323,0.0032138,0.0031976,0.0031823,0.0031662,0.0031509,0.0031346,0.0031192,0.0031032,0.0030863,0.0030696,0.0030518,0.0030343,0.0030155,0.0029972,0.0029775,0.0029587,0.0029387,0.0029189,0.0029005,0.0028812,0.0028633,0.0028463,0.0028299,0.0028139,0.0027991,0.0027856,0.0027721,0.0027593,0.0027466,0.0027343,0.0027224,0.0027104,0.0026982,0.0026842,0.002671,0.0026562,0.0026413,0.002625,0.0026081,0.0025904,0.0025709,0.0025522,0.0025329,0.0025126,0.0024934,0.0024742,0.0024552,0.0024362,0.0024198,0.002403,0.0023884,0.0023738,0.00236,0.0023472,0.0023354,0.0023235,0.0023117,0.0023005,0.0022887,0.0022761,0.0022643,0.0022507,0.0022378,0.0022242,0.0022096,0.0021952,0.0021798,0.002165,0.0021499,0.0021339,0.0021187,0.0021026,0.0020875,0.0020724,0.0020567,0.0020419,0.0020264,0.0020118,0.0019965,0.0019813,0.0019669,0.0019518,0.0019367,0.0019217,0.0019075,0.0018928,0.001878,0.0018637,0.0018494,0.0018366,0.0018231,0.0018103,0.0017985,0.0017867,0.0017759,0.0017653,0.0017553,0.0017452,0.0017353,0.0017254,0.0017145,0.001704,0.0016928,0.0016812,0.0016681,0.001655,0.0016415,0.0016262,0.0016116,0.0015957,0.0015807,0.0015652,0.0015506,0.0015364,0.0015225,0.0015107,0.0014988,0.0014886,0.0014786,0.0014696,0.0014606,0.001452,0.0014427,0.0014337,0.0014232,0.0014121,0.0013995,0.0013858,0.0013712,0.001356,0.0013401,0.0013236,0.0013071,0.0012899,0.0012737,0.0012589,0.0012442,0.0012317,0.0012196,0.0012093,0.0011999,0.0011911,0.0011839,0.001177,0.0011711,0.0011651,0.0011588,0.0011528,0.001146,0.001139,0.001131,0.0011223,0.001113,0.0011026,0.0010919,0.0010807,0.0010688,0.0010568,0.0010441,0.0010321,0.0010194,0.0010076,0.00099641,0.00098453,0.00097441,0.00096368,0.00095376,0.00094467,0.00093529,0.00092622,0.00091711,0.00090791,0.00089871,0.00088895,0.0008792,0.00086962,0.00085936,0.00084915,0.00083899,0.0008291,0.00082042,0.00081124,0.0008041,0.00079655,0.00079057,0.00078476,0.00077975,0.0007752,0.00077093,0.00076657,0.00076221,0.00075706,0.00075208,0.00074587,0.00073901,0.00073153,0.00072298,0.00071479,0.00070507,0.00069535,0.00068521,0.00067558,0.00066548,0.00065546,0.00064618,0.00063677,0.00062743,0.00061934,0.00061077,0.0006029,0.00059563,0.00058834,0.00058142,0.0005747,0.00056811,0.00056195,0.00055632,0.0005507,0.00054557,0.0005405,0.00053577,0.00053119,0.00052679,0.00052283,0.00051868,0.00051466,0.00051086,0.00050664,0.00050263,0.00049798,0.00049334,0.00048812,0.0004826,0.00047671,0.00046989,0.00046308,0.00045571,0.00044822,0.00044063,0.00043298,0.00042544,0.00041811,0.00041086,0.00040404,0.00039722,0.00039083,0.00038448,0.00037837,0.00037236,0.00036681,0.00036107,0.00035543,0.00035014,0.00034514,0.00034059,0.00033611,0.0003324,0.00032903,0.00032624,0.00032409,0.00032216,0.00032092,0.00031962,0.00031862,0.00031763,0.00031619,0.00031467,0.0003124,0.0003097,0.00030639,0.00030221,0.00029809,0.0002925,0.00028692,0.00028081,0.00027424,0.00026784,0.00026091,0.00025409,0.00024783,0.00024124,0.0002354,0.00022956,0.00022455,0.00021971,0.0002154,0.00021164,0.00020784,0.00020439,0.00020097,0.00019797,0.00019479,0.00019201,0.00018911,0.00018663,0.00018437,0.00018224,0.00018072,0.00017919,0.00017828,0.00017747,0.0001769,0.00017652,0.00017606,0.00017538,0.00017473,0.0001732,0.00017169,0.00016931,0.00016651,0.00016348,0.00015962,0.00015593,0.00015157,0.00014746,0.00014345,0.00013924,0.00013557,0.00013221,0.00012898,0.00012645,0.00012393,0.00012189,0.00012012,0.00011861,0.00011728,0.00011608,0.00011506,0.0001141,0.00011322,0.0001124,0.00011164,0.00011089,0.00011022,0.00010961,0.00010903,0.00010859,0.00010815,0.00010771,0.00010731,0.00010684,0.00010627,0.00010569,0.00010465,0.0001036,0.00010206,0.00010015,9.8057e-05,9.5428e-05,9.2622e-05,8.9557e-05,8.6312e-05,8.3244e-05,8.0397e-05,7.7813e-05,7.5793e-05,7.3961e-05,7.307e-05,7.2128e-05,7.1965e-05,7.1913e-05,7.1974e-05,7.2167e-05,7.2328e-05,7.2204e-05,7.2081e-05,7.1531e-05,7.0875e-05,7.004e-05,6.8922e-05,6.7804e-05,6.6579e-05,6.528e-05,6.4168e-05,6.3112e-05,6.2119e-05,6.1212e-05,6.0355e-05,5.9485e-05,5.8563e-05,5.7443e-05,5.6231e-05,5.4827e-05,5.3103e-05,5.137e-05,4.9157e-05,4.6814e-05,4.4412e-05,4.1937e-05,3.9545e-05,3.7164e-05,3.4962e-05,3.3376e-05,3.179e-05,3.0797e-05,3.0041e-05,2.9527e-05,2.9456e-05,2.941e-05,2.9733e-05,3.0075e-05,3.0503e-05,3.0963e-05,3.1398e-05,3.1799e-05,3.2176e-05,3.2405e-05,3.2633e-05,3.2763e-05,3.2833e-05,3.2889e-05,3.2887e-05,3.2885e-05,3.2851e-05,3.2809e-05,3.2741e-05,3.2641e-05,3.2545e-05,3.2391e-05,3.2237e-05,3.1974e-05,3.1662e-05,3.131e-05,3.0878e-05,3.0472e-05,3.0023e-05,2.9572e-05,2.9118e-05,2.8606e-05,2.8144e-05,2.7861e-05,2.7578e-05,2.7556e-05,2.7696e-05,2.7899e-05,2.8436e-05,2.8974e-05,2.966e-05,3.0426e-05,3.1169e-05,3.1823e-05,3.2439e-05,3.3023e-05,3.3629e-05,3.4127e-05,3.4428e-05,3.4748e-05,3.6559e-05,3.7711e-05,3.8773e-05,3.9865e-05,4.0892e-05,4.1836e-05,4.2835e-05,4.3734e-05,4.4596e-05,4.5456e-05,4.623e-05,4.7003e-05,4.7607e-05,4.8046e-05,4.8487e-05,4.8544e-05,4.8602e-05,4.8429e-05,4.8056e-05,4.7639e-05,4.6689e-05,4.5796e-05,4.4352e-05,4.2796e-05,4.0996e-05,3.8832e-05,3.6796e-05,3.4675e-05,3.2684e-05,3.0943e-05,2.9454e-05,2.8051e-05,2.753e-05,2.699e-05,2.6905e-05,2.7173e-05,2.7487e-05,2.8039e-05,2.8626e-05,2.9039e-05,2.9402e-05,2.9635e-05,2.9523e-05,2.9403e-05,2.8978e-05,2.8502e-05,2.7996e-05,2.7459e-05,2.6947e-05,2.6575e-05,2.6203e-05,2.599e-05,2.5819e-05,2.57e-05,2.5652e-05,2.5603e-05,2.562e-05,2.5638e-05,2.5732e-05,2.5868e-05,2.6059e-05,2.6425e-05,2.6815e-05,2.7434e-05,2.8175e-05,2.8996e-05,3.0144e-05,3.1292e-05,3.2755e-05,3.4332e-05,3.6098e-05,3.8028e-05,3.9974e-05,4.1992e-05,4.401e-05,4.5661e-05,4.7355e-05,4.8781e-05,4.9823e-05,5.0804e-05,5.1107e-05,5.1407e-05,5.1371e-05,5.1159e-05,5.0896e-05,5.0503e-05,5.0133e-05,4.9825e-05,4.9535e-05,4.9354e-05,4.9301e-05,4.9259e-05,4.9395e-05,4.9531e-05,4.9714e-05,4.9918e-05,5.0125e-05,5.0335e-05,5.0546e-05,5.0896e-05,5.1248e-05,5.1854e-05,5.2613e-05,5.3467e-05,5.4892e-05,5.6317e-05,5.8312e-05,6.0281e-05,6.2538e-05,6.4858e-05,6.7324e-05,6.9643e-05,7.2107e-05,7.4266e-05,7.6441e-05,7.8541e-05,8.0231e-05,8.2026e-05,8.3626e-05,8.5083e-05,8.6593e-05,8.804e-05,8.9487e-05,9.082e-05,9.2236e-05,9.3573e-05,9.4996e-05,9.6339e-05,9.779e-05,9.9155e-05,0.00010059,0.00010205,0.00010367,0.00010541,0.00010715,0.00010927,0.00011152,0.00011393,0.000117,0.00011989,0.00012332,0.00012687,0.00013087,0.00013504,0.00013947,0.00014403,0.00014863,0.00015356,0.00015825,0.00016322,0.00016759,0.00017196,0.00017591,0.00017973,0.00018322,0.00018578,0.00018834,0.00019033,0.00019195,0.00019357,0.00019462,0.00019567,0.00019667,0.00019771,0.00019877,0.0002002,0.00020155,0.00020351,0.00020549,0.00020787,0.00021056,0.00021324,0.00021673,0.00022007,0.00022363,0.00022769,0.00023152,0.00023564,0.00023976,0.00024398,0.00024829,0.0002526,0.0002571,0.0002616,0.00026652,0.00027126,0.00027601,0.00028093,0.00028615,0.00029103,0.00029618,0.00030095,0.00030566,0.00031009,0.00031423,0.00031797,0.00032147,0.00032465,0.00032764,0.00033022,0.00033273,0.00033524,0.00033774,0.00034024,0.00034308,0.00034579,0.00034885,0.0003523,0.00035575,0.00035961,0.00036357,0.00036764,0.00037197,0.00037657,0.00038115,0.00038577,0.00039051,0.00039576,0.0004007,0.00040595,0.00041122,0.00041664,0.00042226,0.00042788,0.00043385,0.00043985,0.00044602,0.00045244,0.00045885,0.00046561,0.0004724,0.00047928,0.00048628,0.00049372,0.00050062,0.00050751,0.00051421,0.00052066,0.00052751,0.00053335,0.00053919,0.00054474,0.00055003,0.00055531,0.00056029,0.00056526,0.00057022,0.00057517,0.00058012,0.00058489,0.00058997,0.00059514,0.00060009,0.00060536,0.00061046,0.00061593,0.00062149,0.0006269,0.00063266,0.00063878,0.00064463,0.00065098,0.00065785,0.00066428,0.00067157,0.00067865,0.00068624,0.00069431,0.00070189,0.00071008,0.00071788,0.0007262,0.00073391,0.00074161,0.0007497,0.00075701,0.00076433,0.00077132,0.00077813,0.00078494,0.00079133,0.00079772,0.00080404,0.00081023,0.00081642,0.00082266,0.00082893,0.0008352,0.0008417,0.00084821,0.0008548,0.00086156,0.00086878,0.00087564,0.00088255,0.00088947,0.00089695,0.00090396,0.00091105,0.00091822,0.0009254,0.00093284,0.00094085,0.00094845,0.00095594,0.00096397,0.00097224,0.00098086,0.00098948,0.0009985,0.0010077,0.0010168,0.0010265,0.0010361,0.0010458,0.0010564,0.0010663,0.0010764,0.0010865,0.0010966,0.0011073,0.0011173,0.0011271,0.0011368,0.0011465,0.0011555,0.0011644,0.0011732,0.0011812,0.0011891,0.0011966,0.0012037,0.0012108,0.0012174,0.0012239,0.0012305,0.0012373,0.001244,0.0012513,0.001259,0.0012672,0.0012761,0.0012852,0.0012947,0.0013059,0.0013164,0.0013283,0.0013398,0.001352,0.0013638,0.0013756,0.001388,0.0013995,0.001411,0.0014219,0.0014328,0.0014435,0.0014538,0.001464,0.0014742,0.0014842,0.0014942,0.0015045,0.0015141,0.0015252,0.001536,0.0015469,0.001558,0.0015692,0.0015805,0.0015916,0.0016035,0.0016145,0.0016251,0.0016363,0.0016463,0.0016559,0.0016662,0.0016752,0.0016841,0.0016931,0.001702,0.0017115,0.0017207,0.0017301,0.0017396,0.0017499,0.0017609,0.0017717,0.001783,0.0017951,0.0018071,0.0018192,0.0018323,0.001845,0.0018585,0.0018712,0.0018849,0.0018977,0.0019112,0.0019239,0.0019373,0.0019496,0.0019628,0.0019746,0.0019864,0.0019979,0.0020097,0.0020206,0.002031,0.0020411,0.0020518,0.0020612,0.0020705,0.0020797,0.0020889,0.002098,0.0021076,0.0021173,0.0021278,0.0021386,0.0021494,0.0021608,0.0021729,0.0021849,0.0021978,0.0022109,0.002224,0.0022384,0.002252,0.0022655,0.002279,0.0022924,0.0023055,0.0023176,0.0023306,0.002343,0.0023554,0.0023669,0.0023789,0.0023909,0.0024021,0.002414,0.0024259,0.0024371,0.0024491,0.0024611,0.0024723,0.0024844,0.0024965,0.0025086,0.0025207,0.0025328,0.002545,0.0025571,0.0025695,0.0025811,0.0025936,0.0026065,0.0026185,0.0026317,0.0026451,0.0026576,0.0026713,0.002684,0.0026977,0.0027105,0.0027241,0.0027368,0.0027502,0.0027635,0.0027759,0.0027891,0.0028023,0.0028146,0.0028278,0.002841,0.0028545,0.002868,0.0028808,0.0028946,0.0029085,0.0029217,0.0029359,0.0029491,0.0029632,0.0029763,0.0029903,0.0030029,0.0030164,0.0030287,0.0030415,0.0030535,0.0030661,0.0030778,0.0030894,0.0031023,0.0031142,0.0031272,0.0031399,0.0031534,0.0031674,0.0031807,0.0031951,0.0032098,0.0032237,0.0032386,0.0032539,0.0032681,0.0032834,0.0032978,0.0033133,0.0033276,0.0033419,0.0033572,0.003371,0.0033846,0.0033983,0.0034119,0.0034245,0.003437,0.0034485,0.00346,0.0034721,0.0034831,0.003494,0.003505,0.003517,0.0035281,0.0035398,0.0035527,0.0035647,0.0035785,0.0035915,0.0036055,0.0036193,0.003634,0.003648,0.0036632,0.0036775,0.003692,0.0037076,0.0037221,0.0037367,0.0037514,0.0037671,0.0037815,0.0037969,0.0038113,0.0038252,0.0038402,0.0038539,0.0038684,0.0038819,0.0038961,0.0039093,0.0039234,0.0039375,0.0039506,0.0039646,0.0039777,0.0039918,0.0040058,0.0040189,0.004033,0.0040459,0.0040597,0.0040725,0.0040849,0.0040981,0.0041104,0.0041221,0.0041338,0.0041454,0.0041575,0.0041688,0.0041802,0.0041918,0.0042034,0.0042157,0.0042284,0.0042411,0.0042551,0.0042695,0.0042839,0.0042997,0.0043157,0.0043316,0.0043496,0.0043663,0.0043831,0.0043996,0.0044162,0.0044323,0.0044479,0.0044634,0.0044772,0.0044912,0.0045053,0.0045177,0.0045304,0.004543,0.0045543,0.0045653,0.0045772,0.0045881,0.0045999,0.0046108,0.004622,0.0046344,0.0046467,0.0046587,0.0046719,0.0046842,0.0046979,0.0047117,0.0047246,0.0047387,0.0047529,0.004767,0.0047802,0.0047944,0.0048086,0.004822,0.0048363,0.0048496,0.0048642,0.0048788,0.0048924,0.0049072,0.0049209,0.0049357,0.0049494,0.0049642,0.0049789,0.0049924,0.0050069,0.0050202,0.0050343,0.0050484,0.0050624,0.0050751,0.0050887,0.0051023,0.0051155,0.0051288,0.0051419,0.0051549,0.005168,0.0051809,0.0051938,0.0052066,0.0052195,0.0052324,0.0052453,0.005258,0.0052707,0.0052834,0.0052956,0.0053078,0.0053199,0.0053316,0.0053424,0.005354,0.0053655,0.0053769,0.0053887,0.005401,0.0054132,0.0054264,0.0054402,0.0054541,0.0054692,0.0054848,0.0055005,0.005517,0.0055349,0.0055516,0.0055683,0.0055861,0.0056024,0.0056177,0.0056341,0.0056484,0.0056616,0.0056749,0.0056869,0.005698,0.0057092,0.0057194,0.0057294,0.0057394,0.0057499,0.0057604,0.0057709,0.0057826,0.0057951,0.005808,0.0058231,0.0058382,0.005855,0.0058719,0.0058887,0.0059056,0.0059238,0.0059409,0.005957,0.0059738,0.0059896,0.0060035,0.0060172,0.0060309,0.0060428,0.0060546,0.0060662,0.0060767,0.0060871,0.0060982,0.0061082,0.0061182,0.0061285,0.006139,0.0061503,0.0061618,0.0061737,0.0061864,0.0061995,0.0062137,0.0062271,0.0062421,0.0062562,0.0062702,0.0062851,0.0062991,0.0063136,0.0063278,0.0063411,0.0063538,0.0063672,0.0063797,0.0063917,0.0064046,0.0064165,0.0064282,0.0064407,0.0064524,0.0064641,0.0064766,0.0064887,0.006501,0.0065133,0.0065267,0.0065403,0.0065538,0.0065692,0.0065846,0.0066014,0.0066183,0.0066352,0.0066523,0.0066709,0.0066883,0.0067052,0.0067228,0.0067392,0.0067539,0.006769,0.0067831,0.0067942,0.0068052,0.0068159,0.0068248,0.0068324,0.0068408,0.0068471,0.0068539,0.0068608,0.006868,0.0068752,0.0068836,0.0068929,0.0069022,0.0069135,0.0069256,0.0069378,0.006952,0.0069666,0.0069812,0.0069971,0.0070142,0.0070301,0.007046,0.007062,0.0070776,0.0070924,0.0071073,0.0071214,0.0071345,0.0071476,0.0071596,0.0071708,0.0071821,0.0071923,0.0072022,0.007212,0.0072216,0.0072318,0.0072413,0.0072517,0.0072621,0.0072729,0.007286,0.0072982,0.007311,0.0073257,0.0073394,0.0073533,0.0073684,0.0073826,0.0073969,0.0074102,0.0074234,0.0074361,0.0074479,0.0074595,0.0074711,0.0074819,0.0074927,0.0075033,0.0075139,0.0075247,0.0075357,0.0075467,0.0075589,0.0075704,0.0075819,0.0075936,0.0076062,0.0076179,0.0076302,0.0076417,0.0076536,0.0076651,0.0076757,0.0076865,0.0076969,0.0077072,0.0077164,0.0077261,0.0077353,0.0077453,0.0077547,0.0077652,0.0077755,0.0077859,0.007797,0.0078093,0.0078208,0.0078329,0.0078451,0.0078582,0.0078703,0.0078824,0.0078951,0.0079064,0.0079185,0.0079293,0.0079402,0.0079504,0.0079605,0.0079697,0.0079796,0.0079888,0.0079974,0.0080066,0.0080158,0.008025,0.008034,0.008044,0.0080533,0.0080641,0.0080752,0.0080857,0.0080978,0.008109,0.0081213,0.0081337,0.0081453,0.0081576,0.0081689,0.008181,0.0081928,0.0082037,0.0082154,0.0082269,0.0082385,0.0082494,0.0082612,0.008273,0.008285,0.008297,0.0083081,0.0083197,0.0083313,0.0083426,0.0083531,0.0083629,0.0083724,0.0083813,0.0083896,0.0083972,0.0084041,0.0084114,0.0084176,0.0084242,0.0084306,0.0084372,0.0084443,0.0084517,0.0084602,0.0084681,0.0084779,0.0084874,0.0084975,0.0085081,0.0085195,0.0085309,0.0085419,0.0085537,0.0085645,0.008576,0.0085867,0.0085976,0.0086076,0.0086182,0.0086272,0.0086362,0.0086451,0.0086537,0.0086617,0.0086693,0.0086764,0.0086835,0.0086903,0.0086973,0.0087038,0.0087103,0.0087167,0.0087232,0.0087304,0.0087373,0.0087442,0.0087522,0.0087597,0.0087679,0.008776,0.0087847,0.0087932,0.0088025,0.0088112,0.008821,0.0088302,0.0088394,0.0088496,0.0088591,0.0088685,0.0088785,0.0088879,0.0088969,0.0089061,0.0089147,0.0089227,0.0089307,0.0089383,0.0089454,0.008952,0.0089589,0.0089654,0.0089714,0.0089778,0.0089843,0.0089908,0.0089976,0.0090041,0.009011,0.0090182,0.0090254,0.0090326,0.0090392,0.0090462,0.009053,0.0090596,0.0090657,0.009072,0.0090783,0.0090842,0.0090908,0.0090975,0.009104,0.0091116,0.0091192,0.0091273,0.0091352,0.0091436,0.0091522,0.0091607,0.0091696,0.0091773,0.0091851,0.0091919,0.0091988,0.0092052,0.0092109,0.0092164,0.0092217,0.0092274,0.0092326,0.0092385,0.0092444,0.0092506,0.009258,0.0092649,0.0092721,0.0092795,0.0092868,0.009294,0.0093015,0.0093084,0.0093147,0.009321,0.0093273,0.0093329,0.0093389,0.0093444,0.0093503,0.0093559,0.009362,0.0093678,0.0093741,0.0093805,0.0093865,0.0093927,0.0093986,0.0094045,0.0094099,0.0094156,0.0094207,0.0094261,0.0094312,0.0094368,0.009442,0.0094483,0.0094546,0.0094609,0.009468,0.0094752,0.0094827,0.0094902,0.0094976,0.0095044,0.0095116,0.0095179,0.0095246,0.0095302,0.0095353,0.0095403,0.0095443,0.0095483,0.0095519,0.0095549,0.0095582,0.0095611,0.0095639,0.0095668,0.0095698,0.0095727,0.009576,0.0095794,0.0095832,0.0095876,0.009592,0.009597,0.0096025,0.0096082,0.0096147,0.0096211,0.009628,0.0096351,0.0096417,0.0096487,0.0096558,0.0096624,0.0096683,0.0096746,0.0096793,0.0096843,0.0096884,0.0096916,0.009695,0.0096969,0.0096989,0.0097004,0.0097016,0.0097026,0.0097038,0.0097049,0.0097062,0.0097082,0.00971,0.0097129,0.0097161,0.0097195,0.0097237,0.0097282,0.0097333,0.0097388,0.0097444,0.0097501,0.0097562,0.0097623,0.0097685,0.0097742,0.0097797,0.0097848,0.0097898,0.0097937,0.0097979,0.0098008,0.0098033,0.0098056,0.0098069,0.0098082,0.0098089,0.0098094,0.0098099,0.0098103,0.0098106,0.0098112,0.009812,0.009813,0.0098148,0.0098165,0.0098192,0.0098223,0.0098258,0.0098305,0.0098352,0.0098403,0.0098462,0.0098517,0.009858,0.0098642,0.0098699,0.0098756,0.0098813,0.0098858,0.0098902,0.0098939,0.0098967,0.0098996,0.0099009,0.0099023,0.0099032,0.0099036,0.009904,0.009904,0.009904,0.009904,0.0099041,0.0099041,0.0099043,0.0099046,0.0099049,0.0099054,0.0099059,0.0099069,0.009908,0.0099093,0.0099114,0.0099134,0.0099165,0.0099201,0.0099236,0.0099286,0.0099335,0.0099387,0.0099441,0.0099494,0.009954,0.0099583,0.0099617,0.0099644,0.0099669,0.0099674,0.009968,0.0099679,0.0099671,0.0099664,0.0099653,0.0099642,0.0099634,0.0099627,0.009962,0.0099618,0.0099615,0.0099614,0.0099615,0.0099616,0.0099619,0.0099623,0.0099629,0.0099636,0.0099645,0.0099658,0.0099672,0.009969,0.0099709,0.0099728,0.0099749,0.009977,0.0099789,0.0099806,0.0099823,0.0099836,0.0099848,0.0099858,0.0099865,0.0099871,0.0099876,0.009988,0.0099885,0.0099891,0.0099896,0.0099903,0.0099911,0.0099919,0.0099928,0.0099937,0.0099946,0.0099954,0.0099961,0.0099967,0.0099973,0.0099979,0.0099984,0.009999,0.0099997,0.01,0.010001,0.010002,0.010003,0.010004,0.010005,0.010006,0.010007,0.010008,0.010008,0.010009,0.010009,0.010009,0.010009,0.010009,0.010008,0.010008,0.010008,0.010008,0.010008,0.010008,0.010008,0.010008,0.010008,0.010008,0.010008,0.010008,0.010008,0.010008,0.010008,0.010009,0.010009,0.01001,0.01001,0.010011,0.010012,0.010012,0.010013,0.010014,0.010014,0.010015,0.010015,0.010015,0.010015,0.010015,0.010014,0.010014,0.010013,0.010012,0.010012,0.010011,0.01001,0.010009,0.010008,0.010007,0.010006,0.010006,0.010005,0.010005,0.010005,0.010005,0.010006,0.010006,0.010007,0.010007,0.010008,0.010009,0.010009,0.01001,0.01001,0.010011,0.010011,0.010011,0.01001,0.01001,0.010009,0.010009,0.010008,0.010007,0.010006,0.010004,0.010003,0.010002,0.010001,0.0099998,0.009999,0.0099985,0.0099983,0.0099982,0.0099986,0.0099991,0.0099997,0.01,0.010001,0.010002,0.010002,0.010003,0.010003,0.010003,0.010003,0.010003,0.010003,0.010003,0.010002,0.010002,0.010001,0.010001,0.01,0.0099995,0.0099988,0.009998,0.0099973,0.0099966,0.0099961,0.0099957,0.0099954,0.0099954,0.0099954,0.0099957,0.009996,0.0099965,0.009997,0.0099975,0.0099979,0.0099983,0.0099984,0.0099986,0.0099983,0.009998,0.0099975,0.0099968,0.0099961,0.0099952,0.0099942,0.0099931,0.0099919,0.0099907,0.0099895,0.0099882,0.0099871,0.009986,0.0099852,0.0099845,0.0099841,0.009984,0.0099839,0.0099843,0.0099847,0.0099852,0.0099857,0.0099862,0.0099865,0.0099868,0.0099869,0.0099868,0.0099866,0.0099861,0.0099856,0.0099846,0.0099835,0.0099821,0.0099804,0.0099785,0.0099759,0.0099734,0.0099703,0.0099672,0.009964,0.0099608,0.0099578,0.0099553,0.0099528,0.0099512,0.0099501,0.0099492,0.0099493,0.0099493,0.00995,0.0099509,0.0099517,0.0099527,0.0099535,0.0099539,0.0099543,0.0099542,0.0099538,0.0099531,0.0099519,0.0099507,0.0099486,0.0099464,0.0099435,0.0099402,0.0099365,0.009932,0.0099278,0.0099225,0.0099172,0.0099121,0.0099071,0.0099024,0.0098994,0.0098961,0.0098947,0.0098938,0.0098938,0.009895,0.0098962,0.0098982,0.0099002,0.0099016,0.0099029,0.0099034,0.009903,0.0099024,0.0099001,0.0098978,0.0098944,0.0098905,0.0098864,0.0098818,0.0098772,0.0098726,0.0098683,0.0098641,0.0098602,0.0098568,0.0098539,0.009851,0.0098489,0.009847,0.0098453,0.009844,0.0098425,0.0098412,0.0098399,0.0098381,0.0098364,0.0098342,0.0098317,0.009829,0.0098255,0.0098221,0.0098178,0.0098136,0.0098093,0.0098048,0.0098003,0.009796,0.0097918,0.0097881,0.0097846,0.0097814,0.0097786,0.009776,0.0097738,0.0097717,0.0097697,0.0097679,0.0097659,0.0097637,0.0097615,0.0097589,0.0097563,0.0097531,0.0097498,0.0097462,0.0097422,0.0097381,0.0097334,0.009729,0.0097238,0.0097185,0.009713,0.0097072,0.0097013,0.0096952,0.0096891,0.009683,0.0096768,0.0096707,0.0096648,0.0096588,0.0096531,0.0096476,0.0096427,0.0096383,0.0096338,0.00963,0.0096261,0.009623,0.0096197,0.0096165,0.0096134,0.0096101,0.0096064,0.0096026,0.0095978,0.009593,0.0095875,0.0095809,0.0095744,0.0095667,0.0095595,0.0095516,0.0095436,0.0095355,0.0095279,0.0095202,0.0095133,0.0095066,0.0095004,0.0094952,0.0094896,0.0094849,0.0094801,0.0094756,0.0094713,0.0094667,0.0094619,0.0094571,0.009452,0.0094466,0.0094407,0.0094345,0.0094282,0.0094213,0.0094144,0.0094071,0.0093996,0.0093916,0.009384,0.0093763,0.0093687,0.0093611,0.0093535,0.0093463,0.0093394,0.0093329,0.0093264,0.0093203,0.0093139,0.0093081,0.0093023,0.0092965,0.0092905,0.0092842,0.0092778,0.0092714,0.0092642,0.0092573,0.0092497,0.0092423,0.0092342,0.0092258,0.0092179,0.0092089,0.0092003,0.0091908,0.0091816,0.0091717,0.009162,0.0091522,0.0091418,0.009132,0.009122,0.0091127,0.009104,0.0090954,0.0090876,0.0090804,0.0090732,0.0090675,0.0090615,0.0090557,0.00905,0.0090437,0.009037,0.0090298,0.0090212,0.0090124,0.0090014,0.008991,0.0089784,0.0089654,0.0089527,0.0089389,0.0089254,0.0089132,0.0089002,0.0088895,0.0088788,0.0088707,0.0088628,0.0088561,0.0088503,0.008845,0.0088403,0.0088352,0.0088295,0.0088235,0.0088156,0.0088073,0.0087972,0.0087861,0.0087742,0.0087616,0.0087485,0.0087347,0.0087209,0.0087076,0.0086935,0.0086805,0.0086666,0.008653,0.0086396,0.0086271,0.0086142,0.0086014,0.0085892,0.0085771,0.0085661,0.0085552,0.0085453,0.008536,0.0085268,0.0085189,0.0085111,0.0085038,0.0084964,0.0084885,0.0084806,0.0084717,0.008462,0.0084508,0.0084392,0.0084261,0.008412,0.0083971,0.0083804,0.0083646,0.0083476,0.0083304,0.0083128,0.0082965,0.008281,0.0082668,0.008253,0.0082414,0.0082291,0.0082197,0.0082104,0.0082022,0.0081943,0.0081861,0.0081783,0.0081697,0.0081606,0.0081511,0.0081395,0.0081279,0.0081135,0.0080988,0.0080824,0.0080652,0.0080473,0.0080287,0.0080103,0.0079921,0.0079731,0.0079569,0.0079407,0.0079271,0.0079131,0.0079019,0.0078917,0.0078823,0.0078734,0.0078652,0.0078568,0.0078488,0.0078392,0.0078302,0.0078183,0.0078063,0.0077925,0.0077775,0.0077615,0.0077437,0.007726,0.0077074,0.0076887,0.0076685,0.0076495,0.007631,0.0076125,0.0075953,0.0075782,0.0075621,0.0075465,0.0075314,0.0075167,0.0075022,0.0074871,0.0074728,0.0074584,0.0074432,0.0074288,0.0074136,0.0073987,0.0073848,0.0073706,0.0073568,0.0073435,0.0073307,0.0073186,0.007306,0.0072932,0.0072804,0.0072676,0.0072528,0.0072372,0.0072202,0.0072027,0.0071838,0.0071639,0.0071434,0.0071208,0.0070994,0.0070769,0.0070556,0.0070349,0.0070143,0.0069977,0.0069804,0.0069661,0.0069534,0.0069418,0.0069315,0.0069218,0.0069129,0.0069035,0.0068929,0.0068819,0.0068686,0.0068544,0.0068374,0.0068205,0.0067982,0.0067771,0.0067537,0.0067299,0.0067071,0.0066828,0.0066603,0.006639,0.0066164,0.006597,0.0065787,0.0065619,0.006546,0.0065316,0.0065187,0.0065063,0.0064943,0.0064829,0.006471,0.0064597,0.0064466,0.0064335,0.0064186,0.0064034,0.0063856,0.0063691,0.0063503,0.0063318,0.0063127,0.0062918,0.0062719,0.0062515,0.0062323,0.0062124,0.0061924,0.0061743,0.0061554,0.0061371,0.0061194,0.0061021,0.0060855,0.0060689,0.0060529,0.006036,0.0060198,0.0060027,0.0059851,0.0059682,0.00595,0.0059315,0.005913,0.0058942,0.0058755,0.005857,0.0058386,0.0058207,0.0058037,0.0057863,0.0057697,0.0057521,0.0057355,0.0057182,0.0057007,0.0056825,0.0056627,0.0056435,0.0056235,0.0056023,0.0055818,0.0055602,0.0055406,0.0055199,0.005501,0.0054835,0.005467,0.0054523,0.0054381,0.0054251,0.0054126,0.0054007,0.0053887,0.0053761,0.0053631,0.005348,0.0053337,0.0053153,0.0052969,0.0052764,0.0052545,0.0052319,0.0052074,0.0051836,0.0051579,0.0051324,0.0051084,0.0050836,0.0050602,0.0050372,0.0050167,0.0049964,0.0049792,0.0049621,0.0049479,0.0049339,0.0049207,0.0049086,0.0048967,0.0048842,0.0048714,0.0048582,0.0048424,0.0048264,0.0048084,0.004788,0.004767,0.0047435,0.0047202,0.0046961,0.0046718,0.0046475,0.0046235,0.0046006,0.004578,0.0045576,0.0045372,0.0045196,0.0045019,0.0044865,0.0044713,0.0044574,0.0044437,0.0044305,0.0044174,0.0044039,0.0043903,0.0043761,0.0043614,0.0043452,0.0043288,0.004312,0.004294,0.0042757,0.0042562,0.0042367,0.0042172,0.0041966,0.0041762,0.0041547,0.004134,0.0041132,0.0040914,0.0040708,0.0040494,0.0040296,0.0040091,0.0039896,0.0039704,0.0039528,0.0039353,0.0039195,0.0039044,0.0038896,0.0038742,0.0038598,0.0038447,0.0038292,0.0038144,0.003798,0.0037822,0.0037653,0.003748,0.0037309,0.003712,0.0036938,0.0036747,0.0036545,0.0036346,0.0036148,0.0035937,0.0035737,0.0035542,0.0035338,0.0035151,0.0034959,0.0034784,0.0034607,0.0034435,0.0034273,0.0034114,0.0033963,0.0033812,0.0033665,0.0033518,0.0033368,0.0033219,0.0033065,0.0032904,0.0032746,0.0032588,0.0032436,0.0032274,0.0032112,0.0031959,0.0031797,0.0031645,0.0031491,0.0031329,0.0031174,0.0031005,0.0030845,0.0030678,0.00305,0.0030324,0.0030135,0.0029951,0.0029754,0.0029556,0.0029366,0.0029168,0.0028975,0.0028793,0.0028614,0.0028435,0.0028274,0.0028113,0.0027969,0.0027826,0.0027694,0.0027572,0.0027447,0.0027323,0.0027198,0.0027077,0.0026945,0.0026813,0.002667,0.002652,0.0026362,0.0026193,0.0026015,0.0025833,0.0025638,0.0025436,0.0025243,0.002504,0.0024838,0.0024652,0.0024462,0.0024278,0.0024119,0.0023953,0.0023807,0.0023669,0.002354,0.0023418,0.0023298,0.0023185,0.0023067,0.0022955,0.0022834,0.0022715,0.0022594,0.0022457,0.0022327,0.0022188,0.0022049,0.0021904,0.0021757,0.0021608,0.0021457,0.0021305,0.0021153,0.0021001,0.002085,0.0020699,0.0020551,0.0020402,0.0020256,0.002011,0.0019965,0.0019821,0.0019669,0.0019526,0.0019383,0.0019233,0.0019091,0.0018951,0.0018803,0.0018667,0.0018532,0.0018394,0.0018266,0.0018143,0.0018018,0.0017903,0.0017795,0.0017693,0.0017592,0.0017491,0.0017392,0.0017293,0.0017191,0.0017087,0.0016979,0.0016863,0.0016747,0.0016616,0.0016478,0.0016334,0.001619,0.0016033,0.0015882,0.0015726,0.0015579,0.0015438,0.0015298,0.0015169,0.0015051,0.0014938,0.0014844,0.001475,0.0014663,0.0014573,0.0014486,0.0014397,0.0014296,0.0014191,0.0014081,0.0013944,0.0013814,0.0013653,0.0013501,0.0013337,0.0013172,0.0012999,0.0012835,0.0012679,0.0012532,0.0012385,0.0012263,0.0012145,0.0012046,0.0011952,0.0011875,0.0011803,0.0011737,0.0011678,0.0011615,0.0011555,0.0011487,0.0011413,0.0011338,0.0011247,0.0011159,0.0011049,0.0010945,0.001082,0.0010701,0.0010575,0.0010441,0.0010314,0.0010187,0.0010057,0.00099377,0.00098215,0.00097083,0.00096018,0.00095002,0.00093985,0.00093075,0.00092118,0.00091149,0.00090178,0.00089166,0.00088136,0.00087076,0.0008605,0.00084972,0.00083899,0.00082859,0.00081889,0.00080997,0.00080242,0.00079487,0.00078895,0.00078283,0.00077799,0.00077344,0.00076899,0.00076463,0.00075998,0.00075472,0.00074892,0.00074206,0.0007352,0.00072678,0.00071775,0.00070831,0.00069859,0.00068861,0.00067841,0.00066771,0.00065768,0.00064774,0.00063834,0.00062893,0.00062029,0.00061172,0.00060376,0.00059606,0.00058872,0.00058142,0.0005747,0.00056846,0.00056226,0.00055632,0.0005507,0.00054557,0.00054022,0.00053551,0.00053093,0.00052655,0.00052237,0.00051823,0.00051421,0.00051018,0.00050593,0.00050168,0.00049689,0.00049198,0.0004865,0.00048066,0.00047444,0.00046762,0.0004607,0.00045321,0.00044531,0.00043765,0.00043,0.00042218,0.00041485,0.00040783,0.00040063,0.00039401,0.00038766,0.00038138,0.00037537,0.00036936,0.00036362,0.00035789,0.00035249,0.0003472,0.00034234,0.00033785,0.0003339,0.00033053,0.0003272,0.00032504,0.00032289,0.00032147,0.00032022,0.00031912,0.00031813,0.00031695,0.00031551,0.00031391,0.0003112,0.0003085,0.00030454,0.00030059,0.00029561,0.00029033,0.00028446,0.00027826,0.00027168,0.00026514,0.00025822,0.00025188,0.00024525,0.00023897,0.00023313,0.00022778,0.00022294,0.0002181,0.00021407,0.00021009,0.0002065,0.00020305,0.00019991,0.00019673,0.00019361,0.00019072,0.00018798,0.00018557,0.00018331,0.00018152,0.00017991,0.00017864,0.00017783,0.00017708,0.00017667,0.00017627,0.00017568,0.000175,0.00017382,0.00017223,0.00017025,0.00016744,0.00016476,0.0001609,0.00015705,0.00015303,0.00014867,0.00014439,0.00014041,0.00013656,0.0001332,0.00012965,0.00012705,0.00012452,0.00012241,0.00012064,0.00011898,0.00011772,0.00011639,0.0001154,0.00011444,0.00011356,0.00011274,0.0001119,0.00011118,0.00011047,0.00010988,0.0001093,0.0001088,0.00010836,0.00010793,0.00010752,0.00010712,0.00010661,0.00010603,0.00010526,0.00010428,0.00010323,0.00010143,9.962e-05,9.7284e-05,9.4655e-05,9.19e-05,8.8836e-05,8.5771e-05,8.2742e-05,7.9894e-05,7.7575e-05,7.5556e-05,7.3856e-05,7.2966e-05,7.2128e-05,7.1965e-05,7.1913e-05,7.1986e-05,7.2167e-05,7.2328e-05,7.2212e-05,7.2088e-05,7.1572e-05,7.0916e-05,7.0105e-05,6.8987e-05,6.787e-05,6.6724e-05,6.5496e-05,6.4355e-05,6.3298e-05,6.2271e-05,6.1414e-05,6.0506e-05,5.9638e-05,5.8768e-05,5.7729e-05,5.6516e-05,5.5232e-05,5.3509e-05,5.1785e-05,4.9678e-05,4.7856e-05,4.5722e-05,4.3247e-05,4.0773e-05,3.8487e-05,3.6238e-05,3.4309e-05,3.2723e-05,3.1242e-05,3.0486e-05,2.9729e-05,2.9502e-05,2.9431e-05,2.9524e-05,2.9866e-05,3.0206e-05,3.0665e-05,3.1125e-05,3.1539e-05,3.194e-05,3.227e-05,3.2512e-05,3.2723e-05,3.2798e-05,3.2872e-05,3.2888e-05,3.2886e-05,3.287e-05,3.2826e-05,3.2782e-05,3.2682e-05,3.2582e-05,3.2445e-05,3.2282e-05,3.2066e-05,3.1754e-05,3.1412e-05,3.098e-05,3.0522e-05,3.0076e-05,2.9599e-05,2.9118e-05,2.8606e-05,2.8109e-05,2.7808e-05,2.7507e-05,2.7591e-05,2.7749e-05,2.8134e-05,2.8705e-05,2.9373e-05,3.0187e-05,3.1e-05,3.1708e-05,3.2362e-05,3.3023e-05,3.3665e-05,3.4164e-05,3.4503e-05,3.5814e-05,3.7033e-05,3.8185e-05,3.9351e-05,4.0507e-05,4.1543e-05,4.26e-05,4.3573e-05,4.4542e-05,4.5456e-05,4.6278e-05,4.7148e-05,4.7717e-05,4.8183e-05,4.8505e-05,4.857e-05,4.8605e-05,4.8232e-05,4.7859e-05,4.708e-05,4.6131e-05,4.4839e-05,4.3185e-05,4.1505e-05,3.9214e-05,3.7051e-05,3.4924e-05,3.2808e-05,3.0943e-05,2.9454e-05,2.8006e-05,2.7466e-05,2.6926e-05,2.6955e-05,2.724e-05,2.7625e-05,2.8212e-05,2.8798e-05,2.9167e-05,2.9531e-05,2.9593e-05,2.9473e-05,2.9258e-05,2.8782e-05,2.8278e-05,2.7743e-05,2.7207e-05,2.675e-05,2.6378e-05,2.607e-05,2.5889e-05,2.5721e-05,2.567e-05,2.5619e-05,2.5615e-05,2.5633e-05,2.569e-05,2.5834e-05,2.5977e-05,2.6357e-05,2.6746e-05,2.7347e-05,2.8088e-05,2.8929e-05,3.0077e-05,3.1224e-05,3.2755e-05,3.4332e-05,3.6212e-05,3.8141e-05,4.0211e-05,4.2229e-05,4.4247e-05,4.6059e-05,4.7754e-05,4.9026e-05,5.013e-05,5.0912e-05,5.1213e-05,5.1514e-05,5.1291e-05,5.1067e-05,5.0711e-05,5.0341e-05,4.9961e-05,4.9672e-05,4.9382e-05,4.9326e-05,4.9273e-05,4.9339e-05,4.9483e-05,4.9642e-05,4.9846e-05,5.0063e-05,5.0273e-05,5.0484e-05,5.0792e-05,5.1144e-05,5.1675e-05,5.2434e-05,5.3215e-05,5.464e-05,5.5982e-05,5.782e-05,5.9912e-05,6.2102e-05,6.4568e-05,6.7034e-05,6.9498e-05,7.1962e-05,7.4266e-05,7.6441e-05,7.8541e-05,8.0336e-05,8.2131e-05,8.3717e-05,8.5356e-05,8.6848e-05,8.8295e-05,8.9737e-05,9.1236e-05,9.2653e-05,9.4075e-05,9.5498e-05,9.6936e-05,9.8387e-05,9.9857e-05,0.00010141,0.00010287,0.00010465,0.0001065,0.00010857,0.00011096,0.00011339,0.00011646,0.00011953,0.0001231,0.00012687,0.00013113,0.00013556,0.00014002,0.0001449,0.00014977,0.00015473,0.00015972,0.00016459,0.00016923,0.00017387,0.00017748,0.00018131,0.0001845,0.00018706,0.00018962,0.00019124,0.00019296,0.00019416,0.00019528,0.0001963,0.00019734,0.00019838,0.0001997,0.00020113,0.00020278,0.00020487,0.00020703,0.00020972,0.00021257,0.00021568,0.00021923,0.00022267,0.0002265,0.00023032,0.00023461,0.00023873,0.0002429,0.00024721,0.00025152,0.00025597,0.00026048,0.00026504,0.00026978,0.00027481,0.0002797,0.00028462,0.00028982,0.00029467,0.00029982,0.00030427,0.00030898,0.00031306,0.00031704,0.00032073,0.00032372,0.00032689,0.00032959,0.0003321,0.00033462,0.00033712,0.00033961,0.00034235,0.00034524,0.00034842,0.00035187,0.00035532,0.00035912,0.00036308,0.0003671,0.0003717,0.00037603,0.00038086,0.00038548,0.00039051,0.00039545,0.0004007,0.00040595,0.00041122,0.00041699,0.00042261,0.0004286,0.0004346,0.0004406,0.00044682,0.00045324,0.00046009,0.00046688,0.00047367,0.00048059,0.00048759,0.00049458,0.00050148,0.00050881,0.00051542,0.00052188,0.00052824,0.00053445,0.00054029,0.00054607,0.00055135,0.00055687,0.00056184,0.00056682,0.00057177,0.00057672,0.00058171,0.0005868,0.00059188,0.00059712,0.00060239,0.00060773,0.0006132,0.00061867,0.00062437,0.0006305,0.00063644,0.00064268,0.00064892,0.0006557,0.000663,0.00067016,0.00067771,0.00068573,0.00069381,0.00070189,0.0007106,0.00071892,0.00072724,0.00073545,0.00074417,0.00075213,0.00075994,0.00076769,0.00077495,0.00078222,0.0007892,0.00079602,0.00080281,0.00080982,0.00081642,0.00082308,0.00083019,0.00083693,0.00084387,0.00085125,0.00085841,0.00086607,0.00087334,0.00088117,0.00088901,0.00089648,0.00090443,0.000912,0.00092014,0.00092783,0.00093584,0.00094436,0.00095273,0.00096129,0.00096995,0.00097914,0.00098833,0.00099789,0.0010083,0.0010181,0.0010284,0.0010386,0.0010491,0.0010597,0.0010703,0.0010811,0.0010919,0.0011026,0.0011133,0.0011233,0.0011336,0.0011439,0.0011537,0.0011632,0.0011727,0.0011806,0.0011891,0.0011971,0.0012042,0.0012117,0.0012183,0.0012252,0.0012319,0.0012391,0.0012463,0.0012538,0.001262,0.0012701,0.0012798,0.0012895,0.0013003,0.0013115,0.0013229,0.0013344,0.0013466,0.0013591,0.0013717,0.0013834,0.0013957,0.0014071,0.001419,0.0014299,0.0014415,0.0014517,0.001462,0.0014728,0.0014829,0.0014929,0.0015038,0.0015141,0.0015245,0.001536,0.0015469,0.001558,0.00157,0.001582,0.0015931,0.001605,0.0016166,0.0016272,0.0016384,0.0016482,0.0016585,0.0016686,0.0016775,0.0016865,0.001696,0.0017049,0.0017138,0.0017232,0.0017333,0.001743,0.0017533,0.0017643,0.0017754,0.0017868,0.001799,0.0018111,0.0018241,0.0018365,0.0018492,0.0018627,0.0018755,0.0018892,0.0019019,0.0019155,0.0019281,0.0019406,0.0019529,0.0019659,0.0019777,0.0019895,0.0020009,0.0020119,0.0020228,0.002033,0.0020431,0.0020531,0.0020624,0.0020717,0.002081,0.0020901,0.0020999,0.0021095,0.0021192,0.0021292,0.00214,0.0021516,0.0021632,0.0021753,0.0021874,0.0022004,0.0022144,0.0022276,0.0022412,0.0022547,0.0022682,0.0022817,0.002296,0.0023081,0.002322,0.0023347,0.0023471,0.0023596,0.0023717,0.0023837,0.0023957,0.0024076,0.0024196,0.0024315,0.0024435,0.0024555,0.0024675,0.0024796,0.0024916,0.0025045,0.0025166,0.0025288,0.0025409,0.002553,0.0025654,0.0025778,0.0025911,0.0026031,0.0026159,0.002629,0.0026424,0.0026558,0.0026685,0.0026822,0.0026959,0.0027096,0.0027223,0.0027359,0.0027493,0.0027618,0.002775,0.0027882,0.0028014,0.0028137,0.0028269,0.0028401,0.0028527,0.0028662,0.0028789,0.0028928,0.0029067,0.0029198,0.002934,0.0029472,0.0029604,0.0029745,0.0029876,0.0030002,0.0030137,0.0030261,0.0030381,0.0030501,0.0030619,0.0030736,0.0030861,0.003098,0.00311,0.0031219,0.0031345,0.0031471,0.0031607,0.0031741,0.0031874,0.0032019,0.0032158,0.0032297,0.0032447,0.003259,0.0032742,0.0032886,0.003303,0.0033174,0.0033327,0.003347,0.0033612,0.0033749,0.0033885,0.003402,0.0034146,0.0034272,0.0034394,0.0034509,0.0034624,0.0034737,0.0034846,0.0034955,0.0035066,0.0035177,0.0035297,0.0035415,0.0035536,0.0035656,0.0035794,0.0035924,0.0036055,0.0036202,0.003634,0.003648,0.0036622,0.0036775,0.003692,0.0037065,0.0037211,0.0037357,0.0037514,0.003766,0.0037805,0.0037949,0.0038093,0.0038242,0.0038382,0.003852,0.0038655,0.003879,0.0038924,0.0039065,0.0039197,0.0039328,0.0039468,0.0039599,0.003973,0.0039871,0.0040002,0.0040143,0.0040274,0.0040413,0.0040542,0.004067,0.0040805,0.0040929,0.0041052,0.0041179,0.0041296,0.0041413,0.0041526,0.0041647,0.0041761,0.0041877,0.0041993,0.0042111,0.0042239,0.0042375,0.004251,0.0042654,0.0042809,0.0042963,0.0043134,0.0043293,0.0043472,0.0043639,0.0043819,0.0043984,0.0044162,0.0044335,0.004449,0.0044656,0.0044802,0.0044943,0.0045083,0.0045222,0.0045349,0.0045476,0.0045603,0.0045721,0.0045839,0.0045965,0.0046082,0.0046211,0.0046344,0.0046467,0.0046606,0.0046748,0.004689,0.0047038,0.0047177,0.0047326,0.0047478,0.004763,0.0047772,0.0047924,0.0048076,0.004822,0.0048373,0.0048527,0.0048673,0.004883,0.0048976,0.0049135,0.0049293,0.0049441,0.00496,0.0049747,0.0049903,0.0050048,0.0050202,0.0050343,0.0050494,0.0050634,0.005078,0.0050917,0.0051051,0.0051193,0.0051326,0.0051466,0.0051596,0.0051735,0.0051873,0.0052002,0.005214,0.0052269,0.0052407,0.0052534,0.0052662,0.0052798,0.0052921,0.0053043,0.0053166,0.0053291,0.0053407,0.0053524,0.0053638,0.0053753,0.005387,0.0053992,0.0054115,0.0054244,0.0054382,0.0054521,0.0054681,0.0054837,0.0054993,0.005517,0.0055337,0.0055516,0.0055683,0.0055861,0.0056024,0.0056188,0.0056341,0.0056484,0.0056626,0.0056759,0.0056877,0.0056988,0.00571,0.0057202,0.0057301,0.0057401,0.0057514,0.0057619,0.0057727,0.0057853,0.0057978,0.0058123,0.0058274,0.0058426,0.0058598,0.0058767,0.0058947,0.0059117,0.0059299,0.0059469,0.0059637,0.0059794,0.0059957,0.0060094,0.0060231,0.0060368,0.0060487,0.0060605,0.0060714,0.0060826,0.0060931,0.0061039,0.0061139,0.006124,0.0061353,0.0061458,0.0061576,0.0061694,0.0061821,0.0061948,0.006209,0.0062222,0.0062371,0.0062511,0.0062662,0.0062801,0.0062951,0.0063089,0.0063221,0.0063364,0.0063493,0.0063627,0.0063753,0.0063874,0.0063994,0.0064123,0.006424,0.0064357,0.0064474,0.0064591,0.0064708,0.0064826,0.0064957,0.006508,0.0065208,0.0065344,0.006548,0.0065637,0.0065791,0.0065956,0.0066123,0.0066292,0.0066473,0.006666,0.0066834,0.0067017,0.0067181,0.0067357,0.0067519,0.006766,0.006781,0.0067926,0.0068036,0.0068153,0.0068236,0.0068318,0.0068398,0.0068471,0.0068539,0.0068608,0.0068685,0.0068758,0.0068842,0.0068942,0.0069036,0.0069161,0.0069282,0.0069415,0.0069572,0.0069718,0.006988,0.0070051,0.007021,0.0070381,0.007054,0.0070699,0.0070861,0.0071009,0.0071167,0.0071298,0.0071429,0.0071556,0.0071676,0.0071789,0.0071895,0.0072001,0.0072099,0.0072195,0.007229,0.0072392,0.0072495,0.0072599,0.0072703,0.0072825,0.0072947,0.0073071,0.0073218,0.0073355,0.0073493,0.0073634,0.0073775,0.0073912,0.0074054,0.0074187,0.007431,0.0074428,0.0074547,0.0074657,0.0074765,0.0074874,0.007498,0.0075078,0.0075185,0.0075294,0.0075404,0.0075507,0.0075622,0.0075737,0.0075844,0.0075962,0.0076079,0.0076196,0.007631,0.0076425,0.0076544,0.0076651,0.0076757,0.0076858,0.0076962,0.0077059,0.007715,0.0077248,0.007734,0.0077433,0.0077527,0.0077623,0.0077726,0.0077829,0.0077937,0.0078052,0.0078167,0.0078286,0.0078408,0.007853,0.0078651,0.0078772,0.0078893,0.0079007,0.0079121,0.0079242,0.0079344,0.0079446,0.0079553,0.0079645,0.0079737,0.0079833,0.0079919,0.0080011,0.0080097,0.0080189,0.0080281,0.0080373,0.0080473,0.0080567,0.0080671,0.0080782,0.0080889,0.0081002,0.0081123,0.0081238,0.0081354,0.0081478,0.0081592,0.0081705,0.0081819,0.0081936,0.0082045,0.0082154,0.0082262,0.0082377,0.0082486,0.0082596,0.0082715,0.0082826,0.0082946,0.0083057,0.0083174,0.0083283,0.0083398,0.0083503,0.0083601,0.0083701,0.0083784,0.0083872,0.0083948,0.0084021,0.008409,0.0084158,0.008422,0.0084282,0.0084353,0.008442,0.0084494,0.0084574,0.0084659,0.0084745,0.0084846,0.0084948,0.0085058,0.0085172,0.0085286,0.0085403,0.0085521,0.0085638,0.0085752,0.0085867,0.0085976,0.0086076,0.0086182,0.0086279,0.0086375,0.0086468,0.0086554,0.0086639,0.0086719,0.0086795,0.0086871,0.008694,0.008701,0.008708,0.0087149,0.0087222,0.0087295,0.0087368,0.0087447,0.0087527,0.0087613,0.0087696,0.0087789,0.0087876,0.0087975,0.0088069,0.0088171,0.0088269,0.0088375,0.0088476,0.0088577,0.0088685,0.0088785,0.0088892,0.0088987,0.008908,0.0089178,0.0089259,0.008934,0.0089422,0.0089492,0.0089562,0.0089632,0.0089697,0.0089761,0.008983,0.0089895,0.0089962,0.0090036,0.0090105,0.0090177,0.0090254,0.0090326,0.0090396,0.0090467,0.0090534,0.0090604,0.009067,0.0090733,0.0090796,0.009086,0.0090926,0.0090993,0.0091065,0.0091141,0.0091217,0.0091301,0.0091386,0.009147,0.0091556,0.0091647,0.0091727,0.0091804,0.0091885,0.0091949,0.0092018,0.0092081,0.0092135,0.0092189,0.0092245,0.0092298,0.0092357,0.0092417,0.0092476,0.0092543,0.0092612,0.0092681,0.0092755,0.0092829,0.0092906,0.0092977,0.0093048,0.0093113,0.0093181,0.0093243,0.0093303,0.0093359,0.0093419,0.0093474,0.0093529,0.009359,0.0093647,0.0093709,0.0093769,0.0093833,0.0093892,0.0093955,0.0094012,0.0094066,0.0094121,0.0094176,0.0094227,0.0094277,0.009433,0.0094382,0.009444,0.0094499,0.0094558,0.0094627,0.0094694,0.0094761,0.0094836,0.0094912,0.0094981,0.0095053,0.009512,0.0095183,0.0095242,0.0095299,0.009535,0.0095397,0.0095438,0.0095475,0.0095513,0.0095543,0.0095576,0.0095604,0.0095632,0.0095659,0.0095689,0.0095716,0.0095749,0.0095781,0.0095816,0.0095857,0.0095901,0.0095949,0.0096001,0.0096056,0.0096118,0.0096179,0.0096245,0.0096315,0.0096386,0.0096452,0.0096523,0.0096592,0.0096652,0.0096715,0.0096768,0.0096818,0.0096867,0.0096899,0.0096933,0.0096959,0.0096979,0.0096997,0.009701,0.0097021,0.0097032,0.0097043,0.0097055,0.0097073,0.0097093,0.0097116,0.0097149,0.0097181,0.0097223,0.0097268,0.0097316,0.0097371,0.0097426,0.0097486,0.0097547,0.0097608,0.0097669,0.009773,0.0097783,0.0097838,0.009789,0.0097929,0.0097971,0.0098001,0.0098028,0.0098054,0.0098066,0.0098079,0.0098088,0.0098093,0.0098098,0.0098102,0.0098105,0.009811,0.0098118,0.0098125,0.0098141,0.0098158,0.009818,0.0098211,0.0098241,0.0098284,0.0098328,0.0098374,0.0098432,0.0098487,0.0098544,0.0098607,0.0098666,0.009872,0.0098774,0.0098827,0.0098869,0.0098913,0.0098944,0.0098973,0.0098998,0.0099011,0.0099024,0.0099032,0.0099036,0.009904,0.009904,0.009904,0.009904,0.0099041,0.0099041,0.0099043,0.0099045,0.0099049,0.0099054,0.0099059,0.0099068,0.0099078,0.009909,0.009911,0.0099131,0.0099158,0.0099194,0.0099227,0.0099276,0.0099323,0.0099374,0.0099424,0.0099478,0.0099526,0.0099572,0.0099611,0.0099637,0.0099662,0.0099673,0.0099678,0.0099681,0.0099673,0.0099666,0.0099656,0.0099646,0.0099636,0.0099629,0.0099623,0.0099619,0.0099616,0.0099614,0.0099615,0.0099615,0.0099618,0.0099621,0.0099625,0.0099633,0.0099641,0.0099653,0.0099667,0.0099683,0.0099702,0.0099721,0.0099742,0.0099763,0.0099783,0.0099801,0.0099819,0.0099833,0.0099846,0.0099856,0.0099863,0.009987,0.0099875,0.009988,0.0099884,0.009989,0.0099895,0.0099903,0.0099911,0.0099919,0.0099928,0.0099938,0.0099946,0.0099955,0.0099962,0.0099968,0.0099975,0.009998,0.0099986,0.0099993,0.01,0.010001,0.010002,0.010003,0.010004,0.010005,0.010006,0.010007,0.010008,0.010008,0.010009,0.010009,0.010009,0.010009,0.010008,0.010008,0.010008,0.010008,0.010008,0.010008,0.010008,0.010008,0.010008,0.010008,0.010008,0.010008,0.010008,0.010008,0.010008,0.010009,0.010009,0.01001,0.01001,0.010011,0.010012,0.010013,0.010013,0.010014,0.010015,0.010015,0.010015,0.010015,0.010015,0.010014,0.010014,0.010013,0.010012,0.010011,0.01001,0.010009,0.010008,0.010008,0.010007,0.010006,0.010005,0.010005,0.010005,0.010005,0.010005,0.010006,0.010006,0.010007,0.010008,0.010008,0.010009,0.01001,0.01001,0.01001,0.010011,0.010011,0.010011,0.01001,0.01001,0.010009,0.010008,0.010007,0.010006,0.010005,0.010003,0.010002,0.010001,0.0099998,0.009999,0.0099985,0.0099983,0.0099982,0.0099987,0.0099991,0.0099998,0.010001,0.010001,0.010002,0.010003,0.010003,0.010003,0.010003,0.010003,0.010003,0.010003,0.010003,0.010002,0.010002,0.010001,0.010001,0.01,0.0099992,0.0099985,0.0099978,0.0099971,0.0099964,0.009996,0.0099955,0.0099954,0.0099953,0.0099955,0.0099958,0.0099962,0.0099967,0.0099972,0.0099977,0.0099981,0.0099983,0.0099985,0.0099985,0.0099982,0.0099979,0.0099972,0.0099966,0.0099957,0.0099948,0.0099937,0.0099926,0.0099914,0.0099901,0.0099889,0.0099877,0.0099866,0.0099856,0.0099849,0.0099842,0.009984,0.009984,0.0099841,0.0099845,0.0099849,0.0099855,0.009986,0.0099864,0.0099867,0.0099869,0.0099868,0.0099867,0.0099862,0.0099856,0.0099847,0.0099837,0.0099822,0.0099805,0.0099785,0.0099758,0.0099732,0.00997,0.0099668,0.0099636,0.0099602,0.0099572,0.0099547,0.0099523,0.0099509,0.0099497,0.0099492,0.0099493,0.0099495,0.0099503,0.0099511,0.0099521,0.009953,0.0099537,0.0099541,0.0099544,0.009954,0.0099536,0.0099526,0.0099514,0.0099499,0.0099478,0.0099456,0.0099423,0.0099391,0.0099349,0.0099304,0.009926,0.0099206,0.0099153,0.0099106,0.0099056,0.0099017,0.0098984,0.0098954,0.0098945,0.0098936,0.009894,0.0098952,0.0098966,0.0098985,0.0099004,0.0099018,0.009903,0.0099034,0.009903,0.0099022,0.0099,0.0098978,0.0098944,0.0098905,0.0098864,0.0098821,0.0098774,0.0098731,0.0098686,0.0098646,0.0098607,0.0098571,0.0098542,0.0098513,0.0098493,0.0098473,0.0098456,0.0098442,0.0098428,0.0098415,0.0098401,0.0098385,0.0098368,0.0098348,0.0098323,0.0098297,0.0098264,0.0098229,0.009819,0.0098149,0.0098109,0.0098063,0.0098018,0.0097975,0.0097935,0.0097896,0.009786,0.0097825,0.0097798,0.0097771,0.0097749,0.0097728,0.0097707,0.0097689,0.009767,0.009765,0.0097629,0.0097603,0.0097577,0.0097548,0.0097516,0.0097483,0.0097443,0.0097403,0.0097362,0.0097315,0.0097266,0.0097213,0.009716,0.0097103,0.0097045,0.0096985,0.009692,0.0096859,0.0096797,0.0096732,0.0096672,0.0096613,0.0096553,0.0096498,0.0096444,0.0096396,0.009635,0.0096309,0.009627,0.0096236,0.0096201,0.0096168,0.0096134,0.0096101,0.0096062,0.0096021,0.0095972,0.0095918,0.0095859,0.009579,0.0095717,0.009564,0.0095559,0.0095474,0.0095388,0.0095306,0.0095229,0.0095153,0.0095081,0.0095014,0.0094958,0.0094899,0.0094852,0.0094801,0.0094756,0.0094708,0.0094662,0.0094614,0.0094562,0.0094507,0.0094453,0.0094389,0.0094327,0.0094262,0.0094189,0.0094119,0.009404,0.0093966,0.0093889,0.0093808,0.0093732,0.0093652,0.0093577,0.0093505,0.0093433,0.0093363,0.0093298,0.0093235,0.0093175,0.0093115,0.0093057,0.0092996,0.0092937,0.0092877,0.0092815,0.0092751,0.0092682,0.0092613,0.0092544,0.009247,0.0092392,0.0092314,0.0092235,0.0092154,0.0092068,0.0091978,0.0091886,0.0091795,0.0091699,0.0091602,0.0091505,0.0091407,0.0091303,0.009121,0.0091116,0.0091031,0.0090949,0.0090868,0.00908,0.0090729,0.0090672,0.0090612,0.0090557,0.00905,0.0090437,0.0090374,0.0090303,0.0090221,0.0090135,0.0090032,0.0089928,0.0089806,0.0089683,0.0089558,0.0089428,0.0089298,0.0089175,0.0089053,0.0088937,0.0088836,0.0088742,0.0088664,0.0088589,0.0088533,0.0088481,0.0088432,0.0088384,0.0088333,0.0088279,0.0088218,0.0088139,0.008806,0.0087955,0.0087855,0.0087742,0.0087616,0.0087493,0.0087363,0.0087232,0.0087099,0.0086959,0.0086828,0.0086697,0.008656,0.0086434,0.0086307,0.0086178,0.0086056,0.0085933,0.0085811,0.0085697,0.0085594,0.0085489,0.0085396,0.0085304,0.0085228,0.0085149,0.0085079,0.0085005,0.0084934,0.0084855,0.0084777,0.0084685,0.0084588,0.0084474,0.008435,0.008422,0.008407,0.0083925,0.0083758,0.008359,0.0083419,0.0083247,0.0083083,0.008292,0.0082771,0.0082629,0.0082497,0.0082381,0.0082274,0.0082182,0.0082089,0.0082009,0.0081935,0.0081857,0.0081783,0.0081702,0.0081616,0.008153,0.0081421,0.0081305,0.0081175,0.0081037,0.0080881,0.0080719,0.0080555,0.008037,0.0080194,0.0080022,0.007984,0.0079677,0.0079515,0.0079366,0.0079241,0.0079109,0.0079008,0.0078911,0.0078823,0.0078739,0.0078661,0.0078586,0.0078507,0.0078423,0.0078332,0.0078234,0.007812,0.0078004,0.0077862,0.0077727,0.0077568,0.00774,0.0077229,0.0077054,0.0076866,0.0076685,0.0076505,0.0076331,0.0076156,0.0075981,0.007582,0.0075665,0.0075509,0.0075363,0.0075224,0.0075078,0.0074942,0.0074799,0.0074656,0.007452,0.0074376,0.0074232,0.0074088,0.0073948,0.0073809,0.0073677,0.0073547,0.0073421,0.00733,0.0073179,0.0073067,0.0072946,0.0072818,0.0072697,0.0072553,0.0072413,0.0072251,0.0072086,0.0071905,0.0071716,0.0071517,0.0071303,0.0071089,0.0070875,0.0070662,0.0070458,0.0070263,0.0070076,0.0069913,0.0069752,0.0069625,0.0069499,0.0069391,0.0069293,0.0069204,0.0069119,0.0069024,0.0068929,0.0068826,0.00687,0.0068572,0.0068403,0.0068233,0.0068029,0.006783,0.0067604,0.0067365,0.0067139,0.0066896,0.0066654,0.0066428,0.0066202,0.0066002,0.0065809,0.0065636,0.0065478,0.0065323,0.0065195,0.0065063,0.0064949,0.0064829,0.006471,0.0064591,0.0064452,0.0064321,0.006417,0.0064018,0.0063847,0.0063681,0.0063493,0.0063308,0.0063105,0.0062907,0.0062707,0.0062504,0.0062301,0.006209,0.0061891,0.0061701,0.0061512,0.0061331,0.0061155,0.0060974,0.0060809,0.0060645,0.0060476,0.0060315,0.0060144,0.0059973,0.0059804,0.0059626,0.0059442,0.0059257,0.005907,0.0058883,0.0058697,0.0058512,0.005833,0.005816,0.0057982,0.0057807,0.0057642,0.0057466,0.0057299,0.0057123,0.0056948,0.0056763,0.0056575,0.0056369,0.0056168,0.0055966,0.0055761,0.0055547,0.0055351,0.0055156,0.0054971,0.0054796,0.0054637,0.0054482,0.0054354,0.0054224,0.0054101,0.0053983,0.005386,0.0053734,0.0053599,0.0053449,0.0053289,0.0053114,0.0052926,0.0052718,0.0052499,0.0052268,0.0052023,0.0051782,0.0051538,0.0051284,0.0051044,0.0050799,0.0050565,0.005035,0.0050145,0.0049946,0.0049774,0.0049612,0.0049472,0.0049331,0.0049207,0.0049086,0.0048967,0.0048849,0.0048721,0.0048589,0.0048433,0.0048273,0.0048095,0.0047911,0.0047706,0.0047482,0.0047253,0.0047024,0.0046782,0.0046539,0.0046308,0.0046078,0.0045861,0.0045651,0.0045457,0.004527,0.0045094,0.0044937,0.0044785,0.0044638,0.0044509,0.0044374,0.0044243,0.0044111,0.0043975,0.0043839,0.0043691,0.0043536,0.0043374,0.0043211,0.0043035,0.0042855,0.0042665,0.004247,0.004228,0.0042074,0.0041864,0.004166,0.0041444,0.0041236,0.0041017,0.0040811,0.0040594,0.0040384,0.0040175,0.0039978,0.0039783,0.0039602,0.0039426,0.0039262,0.0039103,0.003895,0.0038796,0.003865,0.0038499,0.0038347,0.0038199,0.0038039,0.003788,0.0037717,0.0037544,0.0037368,0.003719,0.0037001,0.0036811,0.003662,0.0036424,0.0036214,0.0036015,0.0035826,0.0035628,0.0035434,0.0035242,0.003506,0.0034868,0.00347,0.0034533,0.0034367,0.0034214,0.0034058,0.0033915,0.0033766,0.0033618,0.003347,0.0033321,0.0033171,0.0033025,0.0032871,0.0032713,0.0032554,0.0032402,0.003224,0.0032087,0.0031933,0.0031772,0.0031619,0.0031466,0.0031312,0.0031156,0.0030996,0.0030836,0.0030659,0.003049,0.0030314,0.0030125,0.0029941,0.0029754,0.0029556,0.0029356,0.0029168,0.0028975,0.0028783,0.0028604,0.0028435,0.0028274,0.0028113,0.0027969,0.0027826,0.0027694,0.0027565,0.002744,0.0027323,0.0027198,0.002707,0.0026945,0.0026805,0.002667,0.0026512,0.0026362,0.0026184,0.0026006,0.0025812,0.0025617,0.0025415,0.0025222,0.0025019,0.0024817,0.0024622,0.0024432,0.0024252,0.0024083,0.0023922,0.0023776,0.0023634,0.0023506,0.0023379,0.002326,0.0023142,0.0023024,0.0022906,0.0022781,0.0022656,0.0022529,0.0022393,0.002225,0.0022103,0.0021952,0.0021798,0.0021641,0.0021482,0.0021331,0.0021161,0.0021001,0.0020842,0.0020683,0.0020526,0.0020369,0.0020215,0.0020061,0.0019909,0.0019757,0.0019598,0.0019447,0.0019296,0.0019138,0.001899,0.0018834,0.001869,0.0018547,0.0018401,0.0018266,0.001813,0.0018005,0.0017885,0.0017771,0.0017659,0.0017553,0.0017447,0.0017348,0.0017243,0.0017139,0.0017029,0.0016915,0.0016793,0.0016659,0.0016528,0.0016382,0.001623,0.0016083,0.0015924,0.0015766,0.0015612,0.001546,0.0015328,0.0015188,0.0015069,0.0014951,0.0014854,0.0014755,0.0014663,0.0014573,0.0014486,0.0014392,0.0014296,0.0014185,0.0014074,0.0013937,0.0013805,0.0013645,0.0013492,0.0013319,0.0013154,0.001299,0.0012817,0.0012663,0.0012507,0.0012364,0.0012243,0.0012124,0.0012025,0.0011931,0.0011855,0.0011784,0.0011721,0.0011658,0.0011595,0.0011532,0.001146,0.0011386,0.00113,0.0011209,0.0011107,0.0010997,0.0010886,0.001076,0.0010632,0.0010504,0.0010377,0.0010243,0.0010116,0.00099905,0.00098716,0.0009756,0.00096488,0.0009543,0.00094413,0.00093428,0.00092521,0.00091558,0.00090587,0.000896,0.0008857,0.00087532,0.00086449,0.00085367,0.00084351,0.00083279,0.00082298,0.00081379,0.00080535,0.00079739,0.00079089,0.00078508,0.00077975,0.00077495,0.00077044,0.00076608,0.00076145,0.00075618,0.00075091,0.00074396,0.00073711,0.00072868,0.00072012,0.00071101,0.00070075,0.00069088,0.00068011,0.00066994,0.00065935,0.00064933,0.00063938,0.00062997,0.00062077,0.0006122,0.00060376,0.00059606,0.00058834,0.00058104,0.00057435,0.00056776,0.00056132,0.0005557,0.0005498,0.00054445,0.00053938,0.0005345,0.00052992,0.00052562,0.00052121,0.00051711,0.00051309,0.000509,0.00050475,0.00050043,0.00049552,0.00049062,0.00048488,0.00047903,0.00047254,0.00046573,0.00045862,0.00045113,0.00044361,0.00043595,0.00042789,0.00042055,0.00041322,0.00040631,0.00039949,0.00039295,0.0003866,0.00038038,0.0003747,0.00036872,0.00036299,0.00035757,0.00035249,0.0003472,0.00034259,0.00033835,0.00033408,0.0003309,0.00032753,0.00032528,0.00032325,0.00032168,0.00032043,0.00031934,0.00031835,0.00031728,0.00031577,0.00031433,0.0003118,0.00030925,0.0003057,0.00030175,0.00029716,0.00029188,0.00028661,0.00028008,0.00027388,0.00026745,0.00026053,0.00025409,0.00024746,0.00024124,0.0002354,0.00022956,0.00022455,0.00021971,0.0002154,0.00021164,0.00020784,0.00020439,0.00020097,0.00019779,0.00019479,0.00019184,0.00018911,0.00018649,0.00018424,0.00018215,0.00018054,0.00017901,0.00017819,0.00017737,0.00017685,0.00017645,0.00017594,0.00017526,0.00017445,0.00017285,0.00017125,0.00016869,0.00016589,0.0001624,0.00015855,0.00015448,0.00015036,0.00014603,0.00014205,0.00013783,0.00013438,0.00013103,0.00012794,0.00012541,0.00012304,0.00012116,0.0001194,0.00011802,0.00011676,0.00011563,0.00011461,0.0001137,0.00011283,0.00011198,0.00011122,0.00011051,0.00010988,0.0001093,0.00010877,0.00010831,0.00010788,0.00010745,0.00010705,0.00010644,0.00010586,0.00010489,0.00010379,0.00010238,0.00010047,9.8366e-05,9.5583e-05,9.28e-05,8.9557e-05,8.6312e-05,8.3077e-05,8.0062e-05,7.7575e-05,7.5437e-05,7.3751e-05,7.2809e-05,7.2003e-05,7.195e-05,7.1894e-05,7.2065e-05,7.2257e-05,7.2262e-05,7.2139e-05,7.1818e-05,7.1121e-05,7.0424e-05,6.925e-05,6.8133e-05,6.6868e-05,6.5641e-05,6.4417e-05,6.3298e-05,6.2271e-05,6.1363e-05,6.0456e-05,5.9536e-05,5.8615e-05,5.7515e-05,5.6231e-05,5.4827e-05,5.3002e-05,5.124e-05,4.8897e-05,4.6814e-05,4.4412e-05,4.1937e-05,3.9413e-05,3.7164e-05,3.4962e-05,3.3376e-05,3.1696e-05,3.0753e-05,2.9996e-05,2.9527e-05,2.9452e-05,2.9429e-05,2.9771e-05,3.0094e-05,3.053e-05,3.1017e-05,3.1445e-05,3.1846e-05,3.2216e-05,3.2458e-05,3.2687e-05,3.278e-05,3.2854e-05,3.2889e-05,3.2886e-05,3.2877e-05,3.2834e-05,3.2792e-05,3.27e-05,3.26e-05,3.2463e-05,3.2309e-05,3.2103e-05,3.1791e-05,3.146e-05,3.1031e-05,3.0573e-05,3.0129e-05,2.9652e-05,2.9178e-05,2.8666e-05,2.8144e-05,2.7843e-05,2.7542e-05,2.7573e-05,2.7723e-05,2.8033e-05,2.8604e-05,2.9182e-05,2.9995e-05,3.0809e-05,3.1515e-05,3.2169e-05,3.2844e-05,3.3451e-05,3.407e-05,3.439e-05,3.4729e-05,3.6559e-05,3.7779e-05,3.8901e-05,3.9993e-05,4.1131e-05,4.213e-05,4.3128e-05,4.4057e-05,4.4972e-05,4.5843e-05,4.6665e-05,4.7443e-05,4.7909e-05,4.8375e-05,4.853e-05,4.8591e-05,4.8473e-05,4.81e-05,4.7694e-05,4.6689e-05,4.574e-05,4.4255e-05,4.2601e-05,4.0614e-05,3.8451e-05,3.6292e-05,3.4053e-05,3.1937e-05,3.033e-05,2.884e-05,2.7784e-05,2.7244e-05,2.6771e-05,2.7055e-05,2.734e-05,2.7832e-05,2.8419e-05,2.8953e-05,2.9317e-05,2.9664e-05,2.9537e-05,2.9417e-05,2.9006e-05,2.853e-05,2.7996e-05,2.7428e-05,2.6925e-05,2.6531e-05,2.6159e-05,2.596e-05,2.5789e-05,2.5691e-05,2.564e-05,2.5607e-05,2.5625e-05,2.5643e-05,2.5775e-05,2.5918e-05,2.6173e-05,2.6563e-05,2.6999e-05,2.7739e-05,2.848e-05,2.9469e-05,3.0617e-05,3.192e-05,3.3497e-05,3.5077e-05,3.712e-05,3.9049e-05,4.1042e-05,4.306e-05,4.4963e-05,4.6657e-05,4.8252e-05,4.9332e-05,5.0375e-05,5.0983e-05,5.1266e-05,5.1476e-05,5.1265e-05,5.104e-05,5.0711e-05,5.0318e-05,4.9978e-05,4.9689e-05,4.9416e-05,4.9332e-05,4.9282e-05,4.9315e-05,4.9443e-05,4.9582e-05,4.9786e-05,4.999e-05,5.0187e-05,5.0397e-05,5.0647e-05,5.0999e-05,5.1331e-05,5.2032e-05,5.2747e-05,5.3802e-05,5.5143e-05,5.6485e-05,5.8558e-05,6.0527e-05,6.2683e-05,6.5148e-05,6.7469e-05,6.9933e-05,7.2252e-05,7.4522e-05,7.6697e-05,7.8752e-05,8.0442e-05,8.2237e-05,8.3808e-05,8.5356e-05,8.6848e-05,8.8295e-05,8.9737e-05,9.1153e-05,9.2569e-05,9.3991e-05,9.5331e-05,9.6765e-05,9.8217e-05,9.9583e-05,0.00010114,0.00010269,0.00010433,0.00010617,0.00010801,0.0001104,0.00011278,0.00011556,0.00011863,0.00012199,0.00012576,0.00012957,0.000134,0.00013843,0.00014317,0.00014805,0.00015297,0.00015766,0.00016265,0.00016732,0.00017196,0.00017613,0.00017973,0.00018338,0.00018594,0.00018866,0.00019063,0.00019225,0.00019377,0.00019482,0.00019593,0.00019691,0.00019795,0.00019919,0.00020063,0.00020204,0.00020413,0.00020623,0.00020888,0.00021173,0.00021464,0.00021819,0.00022174,0.00022554,0.00022961,0.00023358,0.00023796,0.00024209,0.00024667,0.00025098,0.00025569,0.00026048,0.00026534,0.00027008,0.00027511,0.00028032,0.00028554,0.00029073,0.00029588,0.00030095,0.00030594,0.00031064,0.0003147,0.00031867,0.00032222,0.0003254,0.00032849,0.00033116,0.00033368,0.00033634,0.00033883,0.00034163,0.00034452,0.00034759,0.00035101,0.00035468,0.00035838,0.00036258,0.00036656,0.00037116,0.00037549,0.00038028,0.00038519,0.0003902,0.00039514,0.00040039,0.00040595,0.00041122,0.00041699,0.00042261,0.0004286,0.0004346,0.0004406,0.00044723,0.00045364,0.00046009,0.00046688,0.0004741,0.00048103,0.00048803,0.00049501,0.00050191,0.00050924,0.00051582,0.00052228,0.00052897,0.00053481,0.00054065,0.0005464,0.00055168,0.00055687,0.00056184,0.00056682,0.00057208,0.00057703,0.00058203,0.00058711,0.0005922,0.00059745,0.00060272,0.00060807,0.00061354,0.00061901,0.0006251,0.00063086,0.00063683,0.00064346,0.0006497,0.00065656,0.00066385,0.0006711,0.00067913,0.00068725,0.00069532,0.00070391,0.00071216,0.00072048,0.00072929,0.0007375,0.00074571,0.0007536,0.00076141,0.0007695,0.00077677,0.00078403,0.00079091,0.00079772,0.00080446,0.00081106,0.00081766,0.00082433,0.00083144,0.00083823,0.00084518,0.00085255,0.00085976,0.00086697,0.00087472,0.00088209,0.00088994,0.00089742,0.0009049,0.00091296,0.00092062,0.00092833,0.00093634,0.00094436,0.00095273,0.00096129,0.00096995,0.00097914,0.00098833,0.00099789,0.0010077,0.0010175,0.0010277,0.001038,0.0010485,0.001059,0.0010697,0.0010804,0.0010912,0.0011019,0.0011126,0.0011239,0.0011342,0.0011445,0.0011537,0.0011632,0.0011727,0.0011812,0.0011897,0.0011976,0.0012051,0.0012121,0.0012191,0.0012261,0.0012332,0.0012404,0.0012477,0.0012559,0.0012641,0.0012731,0.0012834,0.0012933,0.0013045,0.0013157,0.0013283,0.0013405,0.0013528,0.0013654,0.0013779,0.0013903,0.0014026,0.0014147,0.0014255,0.0014371,0.0014483,0.0014586,0.0014695,0.0014795,0.0014902,0.0015004,0.0015114,0.0015217,0.0015324,0.001544,0.001555,0.001567,0.0015782,0.0015901,0.0016013,0.0016131,0.0016237,0.0016349,0.001645,0.0016553,0.0016649,0.0016746,0.0016835,0.0016925,0.0017014,0.0017103,0.0017195,0.0017289,0.0017383,0.0017485,0.0017588,0.0017694,0.0017807,0.001792,0.0018047,0.0018168,0.0018289,0.0018416,0.0018543,0.001867,0.0018798,0.0018926,0.0019053,0.0019188,0.0019315,0.0019438,0.0019562,0.0019683,0.0019801,0.0019919,0.0020031,0.002014,0.002025,0.0020344,0.0020445,0.0020543,0.0020636,0.002073,0.0020822,0.0020913,0.0020999,0.0021095,0.0021192,0.0021292,0.00214,0.0021516,0.0021632,0.0021753,0.0021874,0.0022004,0.0022144,0.0022276,0.0022412,0.0022547,0.0022682,0.0022817,0.0022951,0.0023081,0.0023211,0.0023339,0.0023463,0.0023587,0.0023709,0.0023829,0.0023941,0.0024061,0.002418,0.0024299,0.0024419,0.0024539,0.0024659,0.0024772,0.0024892,0.0025013,0.0025134,0.0025255,0.0025377,0.0025506,0.0025629,0.0025753,0.0025868,0.0025996,0.0026125,0.0026255,0.0026388,0.0026522,0.0026658,0.0026786,0.0026923,0.0027059,0.0027196,0.0027332,0.0027466,0.0027591,0.0027724,0.0027856,0.0027987,0.0028119,0.0028251,0.0028383,0.0028518,0.0028653,0.0028789,0.0028928,0.0029067,0.0029207,0.0029349,0.0029491,0.0029632,0.0029763,0.0029903,0.0030038,0.0030173,0.0030304,0.0030432,0.0030561,0.0030686,0.0030811,0.0030937,0.0031065,0.0031194,0.0031327,0.0031471,0.0031607,0.003175,0.0031903,0.0032048,0.0032207,0.0032356,0.0032518,0.0032671,0.0032824,0.0032989,0.0033143,0.0033297,0.003346,0.0033612,0.0033759,0.0033905,0.0034047,0.0034182,0.0034317,0.0034444,0.0034567,0.003469,0.0034807,0.0034924,0.0035042,0.0035162,0.0035281,0.0035398,0.0035527,0.0035664,0.0035803,0.0035943,0.0036084,0.0036232,0.0036379,0.003653,0.0036683,0.0036836,0.0036992,0.0037138,0.0037294,0.0037451,0.0037608,0.0037753,0.0037908,0.0038062,0.0038202,0.0038352,0.0038501,0.0038636,0.003878,0.0038914,0.0039056,0.0039197,0.0039337,0.0039468,0.0039609,0.0039749,0.003989,0.004003,0.0040161,0.0040302,0.0040441,0.0040578,0.0040707,0.004084,0.0040964,0.0041096,0.0041213,0.0041338,0.0041454,0.0041575,0.0041688,0.004181,0.0041926,0.0042051,0.0042175,0.0042311,0.0042439,0.0042592,0.0042747,0.0042906,0.0043065,0.0043236,0.0043412,0.0043592,0.0043771,0.0043949,0.0044114,0.004429,0.0044457,0.0044612,0.0044772,0.0044912,0.0045063,0.0045195,0.0045322,0.0045458,0.0045577,0.0045695,0.0045822,0.004594,0.0046066,0.0046185,0.0046308,0.0046441,0.0046578,0.004671,0.0046851,0.0046989,0.0047137,0.0047286,0.0047427,0.0047579,0.0047731,0.0047873,0.0048026,0.0048168,0.0048312,0.0048465,0.0048611,0.0048757,0.0048903,0.0049061,0.0049209,0.0049357,0.0049505,0.0049652,0.004981,0.0049955,0.00501,0.0050243,0.0050394,0.0050535,0.0050673,0.0050819,0.0050956,0.0051089,0.0051231,0.0051364,0.0051503,0.0051633,0.0051772,0.0051901,0.0052039,0.0052168,0.0052296,0.0052434,0.0052562,0.0052689,0.0052816,0.0052947,0.005307,0.0053191,0.0053308,0.0053424,0.0053548,0.0053663,0.0053778,0.0053896,0.0054027,0.0054149,0.0054283,0.0054432,0.0054571,0.0054726,0.0054893,0.0055051,0.005523,0.0055409,0.0055576,0.0055754,0.005592,0.0056089,0.0056242,0.0056406,0.0056541,0.0056673,0.0056805,0.0056924,0.0057036,0.0057144,0.0057244,0.0057344,0.0057446,0.0057544,0.0057648,0.0057763,0.0057889,0.0058014,0.0058155,0.0058307,0.0058458,0.0058622,0.0058791,0.0058959,0.0059129,0.0059299,0.0059469,0.0059626,0.0059783,0.0059937,0.0060074,0.0060212,0.0060343,0.0060453,0.0060571,0.0060684,0.0060782,0.0060886,0.0060989,0.0061082,0.0061182,0.0061285,0.0061383,0.0061488,0.0061601,0.0061711,0.006183,0.0061957,0.006208,0.0062213,0.0062351,0.0062481,0.0062622,0.0062761,0.0062901,0.0063031,0.0063165,0.0063297,0.006343,0.0063547,0.0063672,0.0063797,0.0063917,0.0064029,0.0064148,0.0064265,0.0064374,0.006449,0.0064599,0.0064716,0.0064826,0.0064949,0.0065071,0.0065189,0.0065325,0.0065461,0.0065604,0.0065758,0.0065901,0.0066075,0.0066244,0.0066413,0.0066585,0.0066759,0.0066933,0.0067111,0.0067275,0.0067438,0.0067579,0.006772,0.0067855,0.0067965,0.0068076,0.0068177,0.0068259,0.0068342,0.0068418,0.0068486,0.0068553,0.0068624,0.0068691,0.0068763,0.0068849,0.0068942,0.0069036,0.0069152,0.0069274,0.0069395,0.0069541,0.0069687,0.0069834,0.0069994,0.0070153,0.0070312,0.0070472,0.0070631,0.0070786,0.0070935,0.0071083,0.0071223,0.0071354,0.0071485,0.0071604,0.0071716,0.0071829,0.007193,0.0072029,0.0072127,0.0072223,0.0072318,0.0072413,0.0072517,0.0072621,0.0072729,0.0072851,0.0072973,0.00731,0.0073237,0.0073374,0.0073513,0.0073654,0.0073805,0.0073941,0.0074073,0.0074206,0.0074327,0.0074454,0.0074572,0.007468,0.0074788,0.0074896,0.0074995,0.0075101,0.0075208,0.0075318,0.0075428,0.007554,0.0075663,0.0075778,0.0075894,0.007602,0.0076138,0.0076261,0.0076384,0.0076498,0.0076612,0.0076727,0.0076837,0.0076941,0.0077038,0.0077137,0.0077235,0.0077333,0.0077426,0.0077527,0.0077623,0.0077733,0.0077836,0.0077953,0.0078068,0.0078183,0.0078312,0.0078434,0.0078564,0.0078685,0.0078815,0.0078935,0.0079048,0.0079169,0.0079278,0.0079387,0.0079489,0.0079585,0.0079684,0.0079776,0.0079869,0.0079955,0.0080047,0.0080134,0.0080226,0.008032,0.0080413,0.0080513,0.0080619,0.0080723,0.0080834,0.0080945,0.0081058,0.0081179,0.0081296,0.0081412,0.0081527,0.0081641,0.0081762,0.0081873,0.0081982,0.0082091,0.00822,0.0082308,0.0082424,0.0082533,0.0082644,0.0082762,0.0082874,0.0082993,0.0083105,0.0083221,0.0083329,0.008344,0.0083538,0.0083636,0.008373,0.0083813,0.0083896,0.0083967,0.0084036,0.0084104,0.0084171,0.0084233,0.0084296,0.0084363,0.0084434,0.0084505,0.0084591,0.008467,0.0084765,0.0084867,0.0084961,0.0085074,0.0085187,0.0085301,0.0085419,0.0085529,0.0085645,0.008576,0.0085867,0.0085976,0.0086076,0.0086175,0.0086272,0.0086362,0.0086457,0.0086537,0.0086617,0.0086698,0.0086774,0.0086845,0.0086917,0.0086982,0.0087052,0.0087121,0.0087186,0.0087256,0.0087329,0.0087397,0.0087474,0.0087554,0.0087629,0.0087714,0.0087801,0.0087888,0.0087975,0.0088069,0.0088164,0.0088263,0.0088355,0.0088455,0.0088557,0.0088652,0.0088752,0.0088852,0.0088944,0.0089037,0.0089123,0.0089211,0.0089291,0.0089367,0.008944,0.0089511,0.0089576,0.0089641,0.0089705,0.008977,0.008983,0.0089895,0.0089962,0.0090031,0.0090101,0.0090172,0.0090244,0.0090316,0.0090387,0.0090453,0.0090521,0.0090587,0.0090652,0.0090712,0.0090775,0.0090837,0.00909,0.0090966,0.0091035,0.0091111,0.0091182,0.0091262,0.0091346,0.0091431,0.0091516,0.0091607,0.0091691,0.0091768,0.0091851,0.0091919,0.0091988,0.0092052,0.0092106,0.0092164,0.0092217,0.009227,0.0092323,0.0092381,0.009244,0.0092501,0.009257,0.0092635,0.0092706,0.009278,0.0092854,0.0092925,0.0092996,0.0093067,0.009313,0.0093193,0.0093254,0.009331,0.0093367,0.0093422,0.0093477,0.0093532,0.009359,0.0093647,0.0093705,0.0093765,0.0093825,0.0093884,0.0093943,0.0093997,0.0094052,0.0094106,0.0094159,0.009421,0.0094257,0.0094309,0.0094361,0.0094413,0.0094468,0.0094526,0.0094587,0.0094649,0.0094716,0.0094785,0.0094851,0.0094921,0.009499,0.0095057,0.0095125,0.0095183,0.0095242,0.0095296,0.0095343,0.0095391,0.0095431,0.0095468,0.0095505,0.0095535,0.0095566,0.0095595,0.009562,0.0095647,0.0095674,0.0095702,0.0095729,0.0095762,0.0095794,0.009583,0.0095871,0.0095912,0.0095959,0.0096011,0.0096066,0.0096126,0.0096191,0.0096254,0.009632,0.009639,0.0096456,0.0096527,0.0096592,0.0096652,0.0096715,0.0096768,0.0096815,0.0096862,0.0096897,0.0096929,0.0096957,0.0096976,0.0096995,0.0097008,0.0097019,0.009703,0.0097041,0.0097052,0.0097068,0.0097088,0.0097107,0.0097139,0.0097171,0.0097209,0.0097254,0.0097299,0.0097354,0.0097409,0.0097463,0.0097524,0.0097585,0.0097646,0.0097704,0.0097763,0.0097817,0.0097868,0.0097913,0.0097955,0.0097993,0.0098018,0.0098045,0.0098062,0.0098075,0.0098086,0.0098092,0.0098097,0.0098101,0.0098104,0.0098109,0.0098116,0.0098124,0.0098138,0.0098155,0.0098176,0.0098207,0.0098239,0.0098281,0.0098328,0.0098377,0.0098436,0.0098495,0.0098556,0.0098619,0.0098681,0.0098738,0.0098795,0.0098846,0.0098891,0.0098932,0.0098962,0.009899,0.0099008,0.0099021,0.0099031,0.0099036,0.009904,0.009904,0.009904,0.009904,0.0099041,0.0099042,0.0099044,0.0099046,0.009905,0.0099056,0.0099063,0.0099073,0.0099084,0.0099102,0.0099123,0.0099147,0.0099183,0.0099219,0.0099264,0.0099313,0.0099364,0.0099418,0.0099472,0.0099523,0.0099569,0.0099609,0.0099637,0.0099664,0.0099673,0.0099679,0.009968,0.0099673,0.0099665,0.0099655,0.0099644,0.0099635,0.0099628,0.0099621,0.0099618,0.0099616,0.0099614,0.0099615,0.0099616,0.0099619,0.0099622,0.0099627,0.0099634,0.0099642,0.0099656,0.0099669,0.0099685,0.0099704,0.0099723,0.0099744,0.0099766,0.0099785,0.0099804,0.0099822,0.0099834,0.0099847,0.0099857,0.0099864,0.0099871,0.0099876,0.009988,0.0099885,0.0099891,0.0099897,0.0099904,0.0099913,0.0099921,0.0099931,0.009994,0.0099948,0.0099957,0.0099964,0.009997,0.0099976,0.0099982,0.0099988,0.0099995,0.01,0.010001,0.010002,0.010003,0.010004,0.010006,0.010007,0.010007,0.010008,0.010009,0.010009,0.010009,0.010009,0.010009,0.010008,0.010008,0.010008,0.010008,0.010008,0.010008,0.010008,0.010008,0.010008,0.010008,0.010008,0.010008,0.010008,0.010008,0.010008,0.010009,0.010009,0.01001,0.01001,0.010011,0.010012,0.010013,0.010014,0.010014,0.010015,0.010015,0.010015,0.010015,0.010015,0.010014,0.010014,0.010013,0.010012,0.010011,0.01001,0.010009,0.010008,0.010007,0.010007,0.010006,0.010005,0.010005,0.010005,0.010005,0.010006,0.010006,0.010007,0.010007,0.010008,0.010009,0.010009,0.01001,0.01001,0.010011,0.010011,0.010011,0.01001,0.01001,0.010009,0.010008,0.010007,0.010006,0.010005,0.010004,0.010003,0.010001,0.01,0.0099994,0.0099986,0.0099984,0.0099982,0.0099984,0.0099989,0.0099993,0.01,0.010001,0.010001,0.010002,0.010003,0.010003,0.010003,0.010003,0.010003,0.010003,0.010003,0.010003,0.010002,0.010002,0.010001,0.010001,0.01,0.0099994,0.0099987,0.009998,0.0099973,0.0099966,0.0099962,0.0099957,0.0099955,0.0099954,0.0099954,0.0099956,0.0099959,0.0099964,0.0099969,0.0099973,0.0099978,0.0099982,0.0099984,0.0099985,0.0099984,0.0099982,0.0099979,0.0099972,0.0099966,0.0099958,0.0099949,0.0099939,0.0099928,0.0099916,0.0099904,0.0099892,0.009988,0.0099869,0.0099858,0.0099851,0.0099844,0.0099841,0.009984,0.009984,0.0099844,0.0099847,0.0099852,0.0099858,0.0099862,0.0099865,0.0099869,0.0099868,0.0099868,0.0099865,0.009986,0.0099854,0.0099843,0.0099833,0.0099817,0.0099799,0.0099779,0.0099753,0.0099725,0.0099694,0.0099663,0.0099631,0.0099599,0.0099569,0.0099546,0.0099521,0.0099509,0.0099497,0.0099492,0.0099493,0.0099495,0.0099503,0.0099511,0.0099521,0.009953,0.0099537,0.0099541,0.0099544,0.009954,0.0099536,0.0099526,0.0099514,0.0099497,0.0099476,0.0099454,0.0099421,0.0099389,0.0099347,0.0099302,0.0099253,0.00992,0.0099144,0.0099094,0.0099045,0.0099007,0.0098975,0.0098951,0.0098941,0.0098934,0.0098946,0.0098958,0.0098977,0.0098998,0.0099013,0.0099027,0.0099035,0.009903,0.0099026,0.0099002,0.0098978,0.0098944,0.0098905,0.0098861,0.0098815,0.0098769,0.0098721,0.0098675,0.0098634,0.0098595,0.0098559,0.009853,0.0098503,0.0098484,0.0098463,0.0098449,0.0098434,0.009842,0.0098407,0.0098391,0.0098374,0.0098355,0.009833,0.0098303,0.0098272,0.0098235,0.0098198,0.0098156,0.0098114,0.0098069,0.0098024,0.009798,0.0097935,0.0097896,0.009786,0.0097825,0.0097798,0.0097771,0.0097747,0.0097727,0.0097707,0.0097688,0.0097669,0.0097647,0.0097627,0.0097602,0.0097576,0.0097546,0.0097512,0.0097478,0.0097438,0.0097399,0.0097353,0.0097307,0.0097257,0.0097204,0.009715,0.0097089,0.0097031,0.009697,0.0096905,0.0096844,0.0096779,0.0096718,0.0096655,0.0096595,0.0096537,0.0096479,0.009643,0.0096383,0.0096336,0.0096297,0.0096257,0.0096224,0.0096191,0.0096157,0.0096125,0.0096089,0.0096051,0.0096008,0.0095957,0.0095903,0.009584,0.0095771,0.0095699,0.0095618,0.0095535,0.0095455,0.0095369,0.0095288,0.0095211,0.0095137,0.0095066,0.0095004,0.0094945,0.0094891,0.0094841,0.0094793,0.0094745,0.00947,0.0094653,0.0094602,0.0094552,0.0094495,0.009444,0.0094374,0.0094312,0.0094241,0.0094172,0.0094097,0.0094018,0.0093943,0.0093862,0.0093781,0.0093705,0.0093625,0.0093547,0.0093476,0.0093402,0.0093333,0.0093267,0.0093203,0.0093139,0.0093081,0.009302,0.0092958,0.0092895,0.009283,0.0092763,0.0092694,0.0092621,0.0092552,0.0092475,0.0092396,0.0092314,0.009223,0.0092144,0.0092053,0.0091962,0.009187,0.0091773,0.0091671,0.0091574,0.009147,0.0091372,0.009127,0.0091171,0.0091079,0.0090992,0.0090906,0.0090836,0.0090764,0.0090699,0.0090639,0.0090579,0.0090522,0.0090463,0.00904,0.0090333,0.009025,0.0090164,0.0090069,0.0089959,0.0089849,0.0089719,0.0089596,0.0089466,0.0089336,0.0089204,0.0089081,0.0088967,0.0088866,0.008876,0.0088685,0.0088611,0.0088549,0.0088493,0.0088445,0.0088398,0.0088349,0.0088292,0.0088235,0.0088156,0.0088082,0.0087984,0.0087879,0.0087764,0.0087644,0.0087523,0.0087385,0.0087255,0.0087123,0.0086982,0.0086851,0.0086712,0.0086575,0.0086449,0.0086314,0.0086185,0.0086056,0.0085933,0.0085811,0.0085697,0.0085588,0.0085484,0.0085391,0.0085295,0.0085215,0.0085136,0.0085062,0.0084989,0.0084912,0.0084833,0.008475,0.0084652,0.0084549,0.0084426,0.0084302,0.0084153,0.0084004,0.0083841,0.0083674,0.0083495,0.0083323,0.0083146,0.0082984,0.0082818,0.0082676,0.008253,0.0082407,0.0082291,0.0082197,0.0082099,0.0082017,0.0081935,0.0081857,0.0081775,0.0081692,0.0081601,0.0081498,0.0081382,0.0081265,0.0081119,0.0080972,0.0080795,0.0080623,0.0080442,0.0080256,0.0080062,0.007988,0.0079695,0.0079533,0.0079366,0.0079234,0.0079095,0.0078991,0.0078882,0.007879,0.0078706,0.0078621,0.0078538,0.0078448,0.0078352,0.0078246,0.0078126,0.0077996,0.0077846,0.007769,0.0077512,0.0077332,0.0077136,0.007695,0.0076749,0.0076558,0.0076361,0.0076177,0.0075991,0.007582,0.0075656,0.0075491,0.0075338,0.0075184,0.0075038,0.0074887,0.0074744,0.0074592,0.0074448,0.0074296,0.0074144,0.0073995,0.0073848,0.0073713,0.0073575,0.0073442,0.0073313,0.0073186,0.007306,0.0072939,0.0072804,0.0072676,0.007252,0.0072372,0.0072202,0.0072027,0.0071838,0.0071639,0.0071422,0.0071208,0.0070994,0.0070769,0.0070556,0.0070349,0.0070143,0.0069967,0.0069804,0.0069661,0.0069527,0.0069413,0.006931,0.0069214,0.0069124,0.0069024,0.0068919,0.0068805,0.0068665,0.0068516,0.0068346,0.0068158,0.0067935,0.0067723,0.0067471,0.0067233,0.006699,0.0066747,0.0066516,0.006629,0.0066078,0.0065873,0.0065689,0.0065522,0.0065366,0.006523,0.0065094,0.0064974,0.0064855,0.0064735,0.0064616,0.006448,0.0064341,0.0064194,0.0064034,0.0063856,0.0063672,0.0063483,0.0063287,0.0063083,0.0062885,0.0062673,0.006247,0.0062257,0.0062057,0.0061858,0.0061669,0.006148,0.0061302,0.0061116,0.0060947,0.0060772,0.0060609,0.006044,0.006027,0.0060099,0.0059926,0.0059747,0.0059568,0.0059374,0.0059189,0.0059001,0.0058804,0.0058619,0.0058424,0.0058245,0.0058065,0.005789,0.0057715,0.005754,0.0057364,0.0057182,0.0057007,0.0056815,0.0056617,0.0056424,0.0056213,0.0056012,0.0055795,0.005558,0.0055373,0.0055166,0.0054981,0.0054796,0.0054637,0.0054482,0.0054347,0.0054217,0.0054095,0.0053976,0.0053854,0.0053728,0.0053583,0.0053433,0.0053279,0.0053095,0.0052903,0.0052695,0.0052474,0.0052242,0.005201,0.0051755,0.0051511,0.0051257,0.0051018,0.0050775,0.0050552,0.0050329,0.0050124,0.0049937,0.0049765,0.0049597,0.0049464,0.0049324,0.0049207,0.0049086,0.0048967,0.0048849,0.0048721,0.0048596,0.004845,0.0048289,0.0048125,0.0047931,0.0047741,0.0047517,0.0047304,0.0047062,0.0046833,0.0046603,0.004636,0.0046139,0.0045921,0.0045705,0.0045511,0.0045326,0.0045149,0.0044985,0.0044833,0.0044681,0.0044552,0.0044416,0.0044284,0.0044153,0.0044018,0.0043882,0.0043738,0.004359,0.0043434,0.0043271,0.0043101,0.0042921,0.0042747,0.0042552,0.0042356,0.0042161,0.0041955,0.0041751,0.0041536,0.0041329,0.0041121,0.0040903,0.0040685,0.0040472,0.0040263,0.004006,0.0039865,0.0039677,0.0039501,0.0039328,0.003917,0.0039012,0.0038865,0.0038711,0.003856,0.0038409,0.0038253,0.0038106,0.0037939,0.003778,0.0037617,0.0037444,0.0037259,0.0037081,0.0036885,0.0036684,0.003649,0.003628,0.0036081,0.003587,0.0035671,0.0035467,0.0035263,0.003507,0.0034878,0.00347,0.0034523,0.0034359,0.0034188,0.0034035,0.0033875,0.0033727,0.0033572,0.0033423,0.0033266,0.0033106,0.0032944,0.0032788,0.0032621,0.0032461,0.0032291,0.0032129,0.0031967,0.0031806,0.0031645,0.0031483,0.003132,0.0031156,0.0030988,0.0030818,0.003064,0.0030471,0.0030284,0.0030095,0.0029899,0.0029702,0.0029503,0.0029303,0.0029097,0.0028904,0.0028718,0.0028538,0.0028367,0.0028206,0.0028051,0.0027901,0.0027762,0.0027633,0.0027505,0.0027375,0.0027251,0.0027124,0.0027003,0.0026864,0.0026732,0.0026578,0.0026429,0.0026259,0.0026081,0.0025904,0.0025709,0.0025522,0.0025318,0.0025115,0.0024923,0.0024721,0.0024532,0.0024342,0.0024172,0.0024003,0.0023853,0.0023707,0.0023573,0.0023445,0.0023323,0.0023204,0.0023086,0.0022968,0.0022847,0.0022722,0.0022594,0.0022457,0.0022327,0.002218,0.0022034,0.0021879,0.0021733,0.0021574,0.0021415,0.0021263,0.0021102,0.0020951,0.0020791,0.0020633,0.0020485,0.0020329,0.0020174,0.0020021,0.0019869,0.0019717,0.0019566,0.0019415,0.0019265,0.0019115,0.0018967,0.0018819,0.0018675,0.0018532,0.0018394,0.0018252,0.0018123,0.0017998,0.0017879,0.0017771,0.0017659,0.0017558,0.0017452,0.0017353,0.0017254,0.0017145,0.001704,0.0016921,0.0016805,0.0016681,0.0016543,0.0016398,0.0016254,0.0016099,0.0015941,0.0015791,0.0015636,0.0015482,0.0015342,0.0015203,0.0015082,0.0014963,0.001486,0.0014765,0.0014672,0.0014582,0.0014491,0.0014397,0.0014302,0.0014191,0.0014074,0.0013937,0.0013805,0.0013645,0.0013492,0.0013319,0.0013154,0.001299,0.0012817,0.0012663,0.0012507,0.0012371,0.0012243,0.0012129,0.001203,0.0011939,0.0011863,0.0011791,0.0011727,0.0011664,0.0011605,0.0011542,0.0011472,0.0011402,0.0011319,0.0011233,0.0011141,0.0011032,0.0010926,0.0010807,0.0010688,0.0010561,0.0010434,0.0010307,0.001018,0.0010063,0.00099443,0.00098274,0.00097202,0.0009613,0.00095162,0.00094199,0.00093277,0.0009237,0.00091405,0.00090485,0.00089546,0.00088516,0.00087532,0.00086506,0.0008548,0.00084407,0.00083391,0.00082451,0.00081532,0.00080703,0.00079948,0.0007925,0.0007867,0.00078102,0.00077647,0.00077192,0.00076754,0.00076318,0.00075823,0.00075296,0.00074701,0.00074015,0.00073248,0.00072393,0.00071533,0.00070561,0.00069535,0.00068521,0.00067501,0.00066492,0.0006549,0.00064461,0.0006352,0.000626,0.00061743,0.00060889,0.00060076,0.00059307,0.00058603,0.00057873,0.00057227,0.00056568,0.00055976,0.00055382,0.00054811,0.00054304,0.00053806,0.00053322,0.00052865,0.00052446,0.00052028,0.000516,0.00051198,0.00050782,0.00050357,0.00049907,0.00049416,0.0004891,0.00048325,0.00047741,0.00047065,0.00046384,0.00045654,0.00044864,0.00044106,0.00043298,0.00042544,0.0004177,0.00041048,0.00040328,0.00039648,0.00039013,0.00038342,0.00037737,0.00037136,0.00036521,0.00035948,0.00035396,0.00034867,0.00034358,0.0003391,0.00033465,0.00033128,0.00032791,0.0003254,0.00032325,0.00032161,0.00032036,0.00031923,0.00031818,0.00031703,0.00031551,0.00031376,0.00031105,0.00030835,0.0003043,0.00029989,0.00029467,0.00028909,0.000283,0.00027643,0.00026976,0.00026322,0.0002563,0.00024967,0.00024304,0.00023702,0.00023118,0.0002259,0.00022106,0.0002165,0.00021252,0.00020841,0.00020515,0.00020151,0.0001985,0.00019532,0.00019233,0.00018943,0.00018676,0.00018437,0.00018224,0.00018063,0.0001791,0.00017819,0.00017742,0.00017685,0.00017645,0.00017594,0.0001753,0.00017453,0.00017294,0.00017134,0.00016869,0.00016589,0.0001624,0.00015855,0.00015448,0.00015012,0.00014579,0.00014181,0.0001376,0.00013399,0.00013063,0.00012764,0.00012497,0.00012272,0.00012085,0.00011905,0.0001178,0.00011647,0.0001154,0.00011438,0.00011346,0.00011259,0.00011177,0.00011106,0.00011032,0.00010971,0.0001091,0.00010862,0.00010818,0.00010774,0.00010733,0.00010684,0.00010627,0.00010563,0.00010452,0.00010348,0.00010175,9.9833e-05,9.7438e-05,9.481e-05,9.19e-05,8.8655e-05,8.5422e-05,8.2407e-05,7.9392e-05,7.71e-05,7.4962e-05,7.3542e-05,7.2652e-05,7.1993e-05,7.1941e-05,7.1895e-05,7.2088e-05,7.2291e-05,7.2248e-05,7.2125e-05,7.1736e-05,7.1039e-05,7.0303e-05,6.9119e-05,6.8001e-05,6.6724e-05,6.5496e-05,6.4293e-05,6.3236e-05,6.217e-05,6.1263e-05,6.0355e-05,5.9485e-05,5.8563e-05,5.7372e-05,5.6159e-05,5.4624e-05,5.2799e-05,5.0849e-05
-4.8258e-06,-4.8258e-06,-4.8258e-06,-4.8258e-06,-4.8258e-06,-4.7993e-06,-4.7993e-06,-4.7728e-06,-4.7728e-06,-4.7463e-06,-4.7198e-06,-4.6933e-06,-4.6668e-06,-4.6138e-06,-4.5874e-06,-4.5344e-06,-4.4814e-06,-4.4284e-06,-4.3489e-06,-4.2959e-06,-4.2165e-06,-4.137e-06,-4.0575e-06,-3.978e-06,-3.8985e-06,-3.7868e-06,-3.6665e-06,-3.5762e-06,-3.4559e-06,-3.3355e-06,-3.1851e-06,-3.0648e-06,-2.4144e-06,-2.294e-06,-2.1436e-06,-2.0498e-06,-1.4613e-06,-1.3551e-06,-7.4887e-07,-6.4268e-07,-5.3649e-07,-4.303e-07,2.9508e-08,-3.1999e-08,-9.3507e-08,-1.4623e-07,-2.0774e-07,2.3076e-07,-2.529e-08,-2.6047e-07,4.3515e-09,-2.6442e-07,3.963e-10,-3.3175e-07,-2.1453e-07,-5.9732e-07,-4.801e-07,-8.6288e-07,-7.0441e-07,-1.0123e-06,-8.5869e-07,-1.1666e-06,-1.013e-06,-1.3386e-06,-1.1595e-06,-9.8052e-07,-1.3015e-06,-1.0664e-06,-7.3578e-07,9.4865e-08,4.2551e-07,7.5616e-07,-1.7904e-07,-2.8884e-07,-3.9864e-07,-5.0844e-07,-6.6743e-07,-2.4538e-07,-3.2334e-07,-4.0129e-07,-3.1361e-08,-5.9956e-08,3.5272e-07,3.2412e-07,7.3761e-07,1.1994e-06,1.6611e-06,2.1229e-06,2.1385e-06,2.6019e-06,2.6185e-06,2.635e-06,2.6533e-06,2.8518e-06,3.0777e-06,3.2761e-06,3.0472e-06,3.5113e-06,3.4718e-06,3.4323e-06,3.5462e-06,3.7875e-06,4.0289e-06,3.7703e-06,4.3496e-06,3.9639e-06,4.1341e-06,4.411e-06,4.981e-06,5.1482e-06,5.2182e-06,5.0546e-06,5.5817e-06,5.9815e-06,5.9978e-06,5.8665e-06,5.7353e-06,5.7284e-06,5.2732e-06,5.2373e-06,4.789e-06,5.0985e-06,4.4798e-06,4.3293e-06,4.7106e-06,4.6367e-06,4.4357e-06,4.7347e-06,4.9851e-06,5.071e-06,5.157e-06,4.7429e-06,4.46e-06,4.2031e-06,3.9248e-06,3.9412e-06,4.0328e-06,3.6174e-06,3.8674e-06,4.2313e-06,4.0952e-06,3.9509e-06,3.8612e-06,4.2715e-06,4.1384e-06,3.9228e-06,4.1854e-06,3.9409e-06,4.0616e-06,3.6923e-06,3.8202e-06,3.3562e-06,3.3951e-06,3.4311e-06,3.4279e-06,3.415e-06,3.4022e-06,2.8342e-06,2.7329e-06,2.6231e-06,2.4597e-06,2.6618e-06,2.3867e-06,2.586e-06,2.5198e-06,1.9972e-06,2.431e-06,2.1399e-06,2.2623e-06,2.4521e-06,2.3431e-06,1.6372e-06,1.524e-06,1.1703e-06,1.1946e-06,7.1902e-07,3.3042e-07,2.8709e-07,2.4376e-07,-2.2246e-07,8.1657e-08,2.8612e-07,5.6746e-07,8.3162e-07,1.0345e-06,1.2373e-06,1.5234e-06,1.7932e-06,2.0631e-06,2.1575e-06,2.3294e-06,2.488e-06,2.2378e-06,2.5382e-06,2.3155e-06,2.0804e-06,1.8017e-06,2.006e-06,2.1744e-06,2.2153e-06,2.2561e-06,2.2661e-06,2.1621e-06,2.0581e-06,1.9472e-06,1.7911e-06,1.635e-06,1.9787e-06,2.3175e-06,2.1439e-06,1.9774e-06,2.208e-06,2.4385e-06,2.1691e-06,2.0983e-06,2.018e-06,2.4377e-06,1.9041e-06,1.3143e-06,1.2245e-06,1.2217e-06,6.219e-07,5.2206e-07,2.1378e-07,-1.7175e-07,-5.7283e-08,-8.6932e-08,-4.7119e-07,-3.963e-10,1.4725e-07,4.8396e-07,1.9272e-07,1.5554e-07,1.7727e-07,1.9901e-07,4.1499e-07,1.4082e-07,3.7421e-07,6.8239e-07,4.9058e-07,8.0466e-07,6.3831e-07,9.7196e-07,8.8724e-07,7.153e-07,1.0434e-06,8.6128e-07,6.6627e-07,4.7127e-07,3.1891e-07,3.9984e-08,2.6106e-07,-1.7509e-07,-1.963e-07,-2.175e-07,-5.9045e-07,-1.0575e-06,-8.8407e-07,-8.3352e-07,-1.3632e-06,-1.3928e-06,-1.9994e-06,-2.6074e-06,-2.5501e-06,-2.6977e-06,-2.3452e-06,-2.6222e-06,-3.4279e-06,-3.4465e-06,-3.0147e-06,-2.6217e-06,-2.2288e-06,-2.1366e-06,-1.7321e-06,-1.0547e-06,2.3533e-07,1.0846e-06,1.4811e-06,2.2416e-06,3.5022e-06,4.4205e-06,5.0037e-06,5.5869e-06,5.836e-06,5.854e-06,5.4375e-06,5.0545e-06,4.6999e-06,4.2842e-06,3.1824e-06,2.4157e-06,1.7335e-06,9.0336e-07,1.78e-07,-8.2589e-07,-1.6753e-06,-2.1925e-06,-2.8057e-06,-2.7282e-06,-3.3594e-06,-3.5665e-06,-3.4127e-06,-3.2589e-06,-3.0712e-06,-2.1744e-06,-1.2815e-06,-1.3208e-06,-5.9084e-07,3.1785e-07,1.3779e-06,1.1564e-06,1.8139e-06,2.3721e-06,2.9303e-06,3.1482e-06,3.2314e-06,3.1349e-06,4.0876e-06,3.5403e-06,3.2057e-06,3.5512e-06,3.8967e-06,3.8091e-06,3.571e-06,3.2555e-06,3.4521e-06,3.6486e-06,4.1116e-06,3.7521e-06,3.3925e-06,3.2057e-06,2.8641e-06,2.4508e-06,1.7415e-06,1.0323e-06,4.5579e-08,-6.9163e-07,-9.2884e-07,-1.3248e-06,-2.0364e-06,-2.7896e-06,-3.3477e-06,-3.4058e-06,-3.0876e-06,-3.4202e-06,-3.2528e-06,-2.8191e-06,-1.9508e-06,-1.6179e-06,-1.0644e-06,-5.1089e-07,3.9931e-07,6.2923e-07,8.5915e-07,1.3142e-06,1.5637e-06,9.2366e-07,4.0997e-07,3.9628e-07,6.7683e-07,3.0937e-07,-5.8087e-08,3.8802e-07,-6.756e-07,-3.0165e-07,-2.8295e-07,-1.2473e-06,-1.2425e-06,-7.9776e-07,-1.353e-06,-1.297e-06,-7.7146e-07,-7.4595e-07,-8.6446e-07,-3.2167e-07,2.2664e-07,3.7343e-07,2.0928e-07,5.2883e-08,7.2527e-07,5.8854e-07,-1.2061e-07,-7.1828e-08,-3.4099e-07,-4.2166e-07,-8.6477e-07,-1.9798e-06,-2.6057e-06,-3.2316e-06,-3.5914e-06,-4.995e-06,-5.3986e-06,-5.6802e-06,-6.0283e-06,-6.8764e-06,-7.2329e-06,-7.1674e-06,-7.2294e-06,-8.2808e-06,-7.8603e-06,-8.2331e-06,-7.8057e-06,-7.3783e-06,-7.1617e-06,-6.4621e-06,-5.736e-06,-4.4332e-06,-3.1172e-06,-2.1177e-06,-9.3664e-07,2.3232e-07,1.3128e-06,1.5033e-06,2.1682e-06,2.7825e-06,2.8969e-06,2.9982e-06,2.8086e-06,2.6191e-06,1.8783e-06,1.1089e-06,8.3951e-07,-6.6304e-07,-1.6719e-06,-2.3072e-06,-3.5205e-06,-5.2831e-06,-6.1406e-06,-6.5526e-06,-6.9647e-06,-7.4743e-06,-7.4875e-06,-7.0706e-06,-7.2477e-06,-6.4247e-06,-6.2908e-06,-5.8055e-06,-4.8202e-06,-4.2574e-06,-3.286e-06,-2.4055e-06,-1.4466e-06,-1.062e-06,-4.0392e-07,5.027e-08,3.9404e-07,-7.0313e-08,-6.7782e-07,-1.4483e-07,-5.6135e-07,-4.9523e-07,-9.7369e-07,-3.9528e-07,-4.8984e-07,-5.5111e-07,-5.8419e-07,-1.1727e-07,3.196e-07,6.6032e-07,5.9907e-07,1.756e-06,1.817e-06,2.2631e-06,2.8184e-06,3.8736e-06,4.4424e-06,4.3787e-06,5.2858e-06,4.6622e-06,4.6095e-06,4.969e-06,3.7206e-06,2.9722e-06,1.7931e-06,6.1324e-07,-1.0794e-06,-3.2831e-06,-4.8797e-06,-7.5476e-06,-9.5481e-06,-1.2049e-05,-1.4418e-05,-1.6652e-05,-1.812e-05,-1.805e-05,-1.8335e-05,-1.8108e-05,-1.6591e-05,-1.4809e-05,-1.3099e-05,-9.7268e-06,-7.578e-06,-5.0874e-06,-1.6562e-06,1.275e-06,4.3592e-06,6.3251e-06,8.4599e-06,1.0356e-05,1.0556e-05,1.1851e-05,1.1717e-05,1.1582e-05,9.5831e-06,8.5831e-06,6.0831e-06,3.8887e-06,1.4819e-06,-1.1683e-06,-2.6032e-06,-4.4264e-06,-6.4347e-06,-7.4301e-06,-7.9255e-06,-8.3232e-06,-8.2076e-06,-8.0921e-06,-8.544e-06,-6.751e-06,-6.0509e-06,-5.0573e-06,-4.3266e-06,-2.5959e-06,-1.36e-06,1.7615e-08,8.9523e-07,2.6007e-06,2.5448e-06,3.9889e-06,3.7651e-06,4.4327e-06,5.1002e-06,4.7855e-06,4.9708e-06,4.6357e-06,4.6755e-06,4.2152e-06,3.7903e-06,3.4561e-06,2.622e-06,1.9235e-06,1.4123e-06,1.4011e-06,6.7879e-07,6.8346e-07,1.8813e-07,2.1181e-07,4.579e-07,2.0399e-07,1.3355e-06,1.4312e-06,1.5268e-06,1.7563e-06,2.6715e-06,2.9648e-06,2.9187e-06,3.3763e-06,2.773e-06,2.7103e-06,2.1476e-06,1.3211e-06,2.3264e-07,-1.3558e-06,-2.4184e-06,-5.0068e-06,-5.7894e-06,-7.6328e-06,-8.8369e-06,-1.0913e-05,-1.0984e-05,-1.1135e-05,-1.1286e-05,-1.1257e-05,-1.0326e-05,-9.3185e-06,-7.9438e-06,-5.5692e-06,-4.0281e-06,-1.1189e-06,1.2903e-06,3.8648e-06,6.1404e-06,8.916e-06,1.1254e-05,1.2636e-05,1.4518e-05,1.5354e-05,1.5673e-05,1.5492e-05,1.474e-05,1.4478e-05,1.2408e-05,1.111e-05,8.8126e-06,7.0079e-06,5.1781e-06,2.0391e-06,1.1084e-07,-1.9456e-06,-4.0021e-06,-5.8156e-06,-8.1773e-06,-9.1815e-06,-1.0062e-05,-1.0545e-05,-1.0528e-05,-1.0295e-05,-1.0086e-05,-9.3728e-06,-7.6168e-06,-5.8609e-06,-4.5537e-06,-2.0484e-06,-4.3556e-07,2.1506e-06,4.3498e-06,6.549e-06,8.7401e-06,9.9249e-06,1.023e-05,1.1216e-05,1.1643e-05,1.157e-05,1.0229e-05,9.279e-06,8.2955e-06,6.567e-06,3.3935e-06,2.1898e-06,3.6383e-08,-1.6171e-06,-3.5258e-06,-4.1601e-06,-6.1969e-06,-6.8795e-06,-6.3522e-06,-6.325e-06,-5.5543e-06,-4.2311e-06,-4.2521e-06,-2.7223e-06,-1.1925e-06,-1.1856e-06,1.6059e-07,6.0298e-07,1.7031e-07,1.3069e-06,1.4889e-06,1.236e-06,1.3437e-06,2.4364e-06,2.6731e-06,2.9099e-06,3.0831e-06,4.1689e-06,4.225e-06,4.898e-06,4.6129e-06,5.3468e-06,6.0845e-06,5.4743e-06,5.35e-06,5.8668e-06,6.2825e-06,6.4383e-06,7.9317e-06,7.1033e-06,7.8513e-06,8.9311e-06,8.2309e-06,8.6555e-06,7.9949e-06,7.5372e-06,6.1422e-06,5.1246e-06,4.1071e-06,1.6999e-06,2.1723e-07,-1.4291e-06,-3.6805e-06,-5.9484e-06,-6.9288e-06,-9.2223e-06,-1.0496e-05,-1.0951e-05,-1.2051e-05,-1.1611e-05,-1.124e-05,-9.8811e-06,-8.0224e-06,-5.9429e-06,-4.3596e-06,-1.7203e-06,8.1879e-07,3.3579e-06,6.0201e-06,9.0277e-06,1.1035e-05,1.3667e-05,1.5984e-05,1.7801e-05,1.8669e-05,1.9579e-05,1.9989e-05,1.8876e-05,1.8251e-05,1.6189e-05,1.4588e-05,1.2991e-05,1.0402e-05,8.5497e-06,5.6977e-06,3.4344e-06,1.0916e-06,-7.511e-07,-2.886e-06,-4.5672e-06,-5.414e-06,-5.9495e-06,-6.7503e-06,-7.051e-06,-7.0045e-06,-7.0974e-06,-6.1904e-06,-6.5392e-06,-6.2727e-06,-5.0062e-06,-5.5946e-06,-5.516e-06,-4.9374e-06,-5.9418e-06,-5.8945e-06,-5.4716e-06,-6.4293e-06,-5.6897e-06,-4.876e-06,-3.4336e-06,-3.6739e-06,-2.1334e-06,-6.5426e-07,1.3249e-06,3.3457e-06,5.7778e-06,8.2099e-06,1.1236e-05,1.3555e-05,1.5374e-05,1.748e-05,1.8148e-05,1.8822e-05,1.8567e-05,1.7812e-05,1.7435e-05,1.5084e-05,1.3733e-05,1.1086e-05,8.8771e-06,5.6685e-06,3.1399e-06,-2.2775e-07,-3.586e-06,-6.1518e-06,-8.3038e-06,-9.9559e-06,-1.1664e-05,-1.2383e-05,-1.2103e-05,-1.2442e-05,-1.1785e-05,-1.0657e-05,-8.7523e-06,-7.3475e-06,-5.9937e-06,-3.7876e-06,-1.5814e-06,1.688e-06,3.9142e-06,5.6404e-06,6.9971e-06,8.5035e-06,1.001e-05,1.2765e-05,1.3172e-05,1.3578e-05,1.3771e-05,1.4102e-05,1.2933e-05,1.2089e-05,1.1318e-05,9.5476e-06,8.0284e-06,5.5922e-06,4.1057e-06,2.2235e-06,8.4122e-07,-1.0379e-06,-2.4098e-06,-3.2816e-06,-4.5854e-06,-4.8042e-06,-5.1146e-06,-5.0813e-06,-4.8097e-06,-4.5381e-06,-3.3865e-06,-2.0339e-06,-1.1813e-06,1.6285e-06,3.1545e-06,4.6804e-06,6.5565e-06,7.829e-06,9.5973e-06,9.738e-06,1.0379e-05,1.0268e-05,8.0269e-06,7.9021e-06,6.891e-06,5.1749e-06,2.7648e-06,1.5955e-06,9.6198e-07,-1.3596e-06,-1.9676e-06,-1.7812e-06,-2.0947e-06,-5.2805e-07,2.0905e-07,1.5657e-06,3.9053e-06,5.7449e-06,7.8142e-06,1.1035e-05,1.2541e-05,1.3917e-05,1.5179e-05,1.6192e-05,1.5517e-05,1.4866e-05,1.3318e-05,1.1314e-05,7.6912e-06,3.5683e-06,1.3182e-07,-3.5143e-06,-7.8639e-06,-1.0799e-05,-1.4806e-05,-1.6099e-05,-1.6824e-05,-1.7546e-05,-1.6645e-05,-1.5023e-05,-1.2759e-05,-9.0148e-06,-3.9862e-06,-3.1785e-07,4.6956e-06,9.371e-06,1.4644e-05,1.8168e-05,2.2782e-05,2.5767e-05,2.8968e-05,3.0783e-05,3.1744e-05,3.1958e-05,3.1215e-05,2.8371e-05,2.5873e-05,2.1405e-05,1.7106e-05,1.1861e-05,6.9332e-06,4.0159e-07,-3.6277e-06,-9.0996e-06,-1.2565e-05,-1.7028e-05,-1.986e-05,-2.1201e-05,-2.2486e-05,-2.1129e-05,-2.0167e-05,-1.8666e-05,-1.5313e-05,-1.1959e-05,-8.4406e-06,-3.7904e-06,2.5237e-08,4.6745e-06,9.3125e-06,1.2615e-05,1.6715e-05,1.9814e-05,2.1536e-05,2.4053e-05,2.3465e-05,2.2376e-05,2.2521e-05,1.8624e-05,1.5726e-05,1.242e-05,7.5139e-06,3.6077e-06,-9.9946e-07,-5.3946e-06,-9.2897e-06,-1.2153e-05,-1.4583e-05,-1.6514e-05,-1.6327e-05,-1.5916e-05,-1.5506e-05,-1.2052e-05,-7.292e-06,-3.8203e-06,1.6388e-06,7.3754e-06,1.2702e-05,1.8376e-05,2.3598e-05,2.7273e-05,3.1082e-05,3.3376e-05,3.4794e-05,3.2967e-05,3.1805e-05,2.9281e-05,2.3614e-05,1.8447e-05,1.3378e-05,5.7534e-06,-8.709e-07,-8.0867e-06,-1.5014e-05,-2.0441e-05,-2.4234e-05,-2.8168e-05,-3.0102e-05,-3.1825e-05,-3.1185e-05,-3.0045e-05,-2.6502e-05,-2.1677e-05,-1.6789e-05,-1.1272e-05,-4.5131e-06,1.7608e-06,8.9073e-06,1.6758e-05,2.3432e-05,2.8933e-05,3.3933e-05,3.7233e-05,4.0062e-05,4.0648e-05,3.9727e-05,3.6555e-05,3.2383e-05,2.7556e-05,2.0355e-05,1.3653e-05,6.219e-06,-1.3917e-06,-8.5024e-06,-1.5466e-05,-2.1236e-05,-2.5506e-05,-2.8479e-05,-2.934e-05,-3.0139e-05,-2.8473e-05,-2.6307e-05,-2.2596e-05,-1.8206e-05,-1.2816e-05,-8.0521e-06,-2.5344e-06,2.9832e-06,8.7523e-06,1.3752e-05,1.8251e-05,2.126e-05,2.4015e-05,2.593e-05,2.7428e-05,2.7132e-05,2.6483e-05,2.53e-05,2.3354e-05,2.0364e-05,1.6963e-05,1.4755e-05,1.0796e-05,7.0266e-06,3.7489e-06,3.9703e-07,-3.6229e-06,-6.4518e-06,-9.7793e-06,-1.2345e-05,-1.4792e-05,-1.7614e-05,-1.8115e-05,-1.9504e-05,-1.9203e-05,-1.8771e-05,-1.6867e-05,-1.5327e-05,-1.1739e-05,-7.8565e-06,-3.6662e-06,-2.122e-07,5.0841e-06,9.1516e-06,1.3678e-05,1.6319e-05,2.0117e-05,2.1871e-05,2.3776e-05,2.4065e-05,2.3347e-05,2.2244e-05,1.9682e-05,1.6234e-05,1.2449e-05,7.652e-06,2.5493e-06,-1.8133e-06,-7.4097e-06,-1.12e-05,-1.5889e-05,-1.8507e-05,-2.0625e-05,-2.2427e-05,-2.2752e-05,-2.1576e-05,-2.0633e-05,-1.8815e-05,-1.5218e-05,-1.2033e-05,-8.6027e-06,-3.9146e-06,-2.3237e-07,4.2377e-06,7.867e-06,1.2181e-05,1.5197e-05,1.6935e-05,1.9107e-05,2.0005e-05,2.1044e-05,2.1056e-05,2.0336e-05,1.9453e-05,1.8163e-05,1.6249e-05,1.4889e-05,1.2528e-05,9.03e-06,6.8222e-06,3.6143e-06,1.3334e-07,-3.0136e-06,-6.1353e-06,-9.605e-06,-1.2056e-05,-1.4445e-05,-1.758e-05,-1.9216e-05,-2.1028e-05,-2.1872e-05,-2.2217e-05,-2.1942e-05,-2.0713e-05,-1.8154e-05,-1.5129e-05,-1.2105e-05,-8.1962e-06,-3.1673e-06,1.1493e-06,4.7403e-06,9.2343e-06,1.2599e-05,1.56e-05,1.753e-05,1.8227e-05,1.9628e-05,1.9023e-05,1.8253e-05,1.7234e-05,1.475e-05,1.1333e-05,7.4328e-06,3.9625e-06,-8.7109e-07,-5.2047e-06,-9.307e-06,-1.3813e-05,-1.732e-05,-2.0334e-05,-2.2037e-05,-2.3779e-05,-2.4123e-05,-2.3967e-05,-2.3019e-05,-2.1895e-05,-1.8612e-05,-1.6178e-05,-1.2343e-05,-8.5087e-06,-3.995e-06,6.8679e-07,4.8913e-06,9.1605e-06,1.193e-05,1.5374e-05,1.7843e-05,1.9274e-05,2.0099e-05,2.0588e-05,2.0179e-05,1.8746e-05,1.6814e-05,1.435e-05,1.0857e-05,7.3638e-06,2.5168e-06,-1.3992e-06,-5.8663e-06,-9.5874e-06,-1.2808e-05,-1.5448e-05,-1.7505e-05,-1.9062e-05,-1.8707e-05,-1.8267e-05,-1.6864e-05,-1.5146e-05,-1.2929e-05,-9.8648e-06,-7.5104e-06,-4.156e-06,-1e-06,2.4213e-06,4.8271e-06,6.8969e-06,8.4666e-06,9.4921e-06,9.3647e-06,9.3077e-06,8.8644e-06,7.6143e-06,6.5648e-06,4.6904e-06,3.7457e-06,1.9888e-06,1.5607e-06,1.3263e-07,-2.004e-06,-2.7795e-06,-4.2786e-06,-5.7206e-06,-7.1627e-06,-9.2597e-06,-1.0685e-05,-1.1611e-05,-1.299e-05,-1.3371e-05,-1.3186e-05,-1.3756e-05,-1.3352e-05,-1.1515e-05,-1.0832e-05,-9.5706e-06,-7.7316e-06,-5.385e-06,-3.488e-06,-1.4834e-06,5.2125e-07,1.8677e-06,2.629e-06,3.3902e-06,3.4007e-06,2.4062e-06,1.4553e-06,4.9133e-07,-8.6296e-07,-2.4697e-06,-4.3939e-06,-6.318e-06,-7.5822e-06,-8.651e-06,-1.0246e-05,-1.1119e-05,-1.1841e-05,-1.196e-05,-1.2351e-05,-1.2742e-05,-1.2745e-05,-1.2437e-05,-1.1682e-05,-1.1214e-05,-1.0285e-05,-9.3351e-06,-7.5883e-06,-6.8416e-06,-5.6537e-06,-3.6168e-06,-2.4701e-06,-1.4657e-06,3.1843e-07,1.1872e-06,2.471e-06,3.7548e-06,4.5277e-06,4.5036e-06,3.9796e-06,3.182e-06,2.1708e-06,9.8011e-07,-7.8006e-07,-2.5444e-06,-4.4483e-06,-6.5035e-06,-7.7769e-06,-1.0009e-05,-1.1636e-05,-1.2763e-05,-1.4775e-05,-1.5422e-05,-1.6653e-05,-1.6707e-05,-1.676e-05,-1.6647e-05,-1.57e-05,-1.4813e-05,-1.2425e-05,-1.1479e-05,-9.3401e-06,-6.3096e-06,-4.2791e-06,-8.4164e-07,1.1308e-06,3.098e-06,5.8984e-06,7.1987e-06,8.611e-06,9.7712e-06,9.9313e-06,9.6277e-06,9.0654e-06,7.9985e-06,6.8381e-06,5.2502e-06,2.7189e-06,2.3626e-07,-1.6224e-06,-4.8193e-06,-6.8462e-06,-9.0934e-06,-1.1089e-05,-1.3084e-05,-1.4657e-05,-1.617e-05,-1.7386e-05,-1.7492e-05,-1.7217e-05,-1.6827e-05,-1.4557e-05,-1.3032e-05,-1.0152e-05,-7.1142e-06,-3.9972e-06,-1.9698e-07,2.3954e-06,6.3979e-06,9.2339e-06,1.1688e-05,1.3467e-05,1.4664e-05,1.5582e-05,1.5553e-05,1.5105e-05,1.3759e-05,1.1913e-05,9.7585e-06,7.5526e-06,5.1071e-06,1.8636e-06,-3.7989e-07,-3.1129e-06,-6.2868e-06,-7.9538e-06,-1.0138e-05,-1.1822e-05,-1.2885e-05,-1.4264e-05,-1.4666e-05,-1.5043e-05,-1.5312e-05,-1.3811e-05,-1.3035e-05,-1.1259e-05,-8.2215e-06,-5.6732e-06,-1.8376e-06,1.8198e-06,4.4772e-06,8.0227e-06,1.1172e-05,1.3322e-05,1.4431e-05,1.508e-05,1.5556e-05,1.5034e-05,1.3499e-05,1.1956e-05,9.8821e-06,7.1514e-06,4.9064e-06,2.4917e-06,-3.8767e-08,-1.6563e-06,-3.2335e-06,-4.8106e-06,-6.0553e-06,-6.6488e-06,-6.7462e-06,-7.8069e-06,-7.3676e-06,-8.2387e-06,-9.1746e-06,-9.151e-06,-9.2163e-06,-9.6192e-06,-9.0942e-06,-8.6769e-06,-7.7221e-06,-5.8583e-06,-3.9944e-06,-2.0713e-06,3.4237e-07,1.7749e-06,3.5096e-06,4.2443e-06,5.144e-06,5.2009e-06,4.2546e-06,2.9561e-06,1.6139e-06,-3.8187e-07,-2.1245e-06,-4.3671e-06,-6.411e-06,-7.978e-06,-9.6442e-06,-1.0974e-05,-1.1304e-05,-1.151e-05,-1.1223e-05,-1.0166e-05,-9.5187e-06,-8.3716e-06,-7.6671e-06,-6.5687e-06,-6.0266e-06,-5.1132e-06,-4.1998e-06,-3.5689e-06,-2.8842e-06,-2.9535e-06,-2.709e-06,-2.4646e-06,-2.3117e-06,-2.011e-06,-2.1531e-06,-2.6055e-06,-3.0579e-06,-3.0762e-06,-3.6191e-06,-4.2147e-06,-4.9899e-06,-5.7652e-06,-6.6287e-06,-7.0819e-06,-7.4541e-06,-7.814e-06,-8.1233e-06,-8.2754e-06,-8.4374e-06,-8.0349e-06,-8.0947e-06,-8.1546e-06,-7.9038e-06,-7.6238e-06,-7.4758e-06,-7.4817e-06,-7.4247e-06,-7.5349e-06,-7.1571e-06,-7.1859e-06,-7.0711e-06,-7.4563e-06,-6.9007e-06,-7.266e-06,-6.9229e-06,-6.8269e-06,-6.7226e-06,-6.9436e-06,-7.1645e-06,-6.9224e-06,-7.2386e-06,-7.0647e-06,-7.044e-06,-7.0233e-06,-7.552e-06,-7.6134e-06,-7.6677e-06,-7.7071e-06,-7.7465e-06,-7.8301e-06,-7.9338e-06,-7.5581e-06,-7.8842e-06,-7.7103e-06,-8.2071e-06,-8.309e-06,-8.4292e-06,-8.6885e-06,-8.9477e-06,-9.1709e-06,-8.9154e-06,-9.0666e-06,-8.983e-06,-8.8993e-06,-9.0322e-06,-8.5269e-06,-8.4203e-06,-7.9779e-06,-7.5355e-06,-7.3419e-06,-7.055e-06,-7.2243e-06,-7.2445e-06,-7.7034e-06,-7.7542e-06,-7.8134e-06,-8.4538e-06,-8.7987e-06,-8.6436e-06,-9.3361e-06,-9.1256e-06,-9.0395e-06,-9.2892e-06,-9.5242e-06,-1.0059e-05,-9.611e-06,-9.2108e-06,-8.9253e-06,-8.5976e-06,-7.707e-06,-7.2765e-06,-6.7089e-06,-6.4814e-06,-6.7226e-06,-6.5909e-06,-6.4669e-06,-6.0634e-06,-6.0021e-06,-6.3841e-06,-6.3471e-06,-6.3711e-06,-6.2089e-06,-6.4654e-06,-6.805e-06,-7.1017e-06,-7.3983e-06,-8.456e-06,-9.1676e-06,-9.4617e-06,-1.0325e-05,-1.0188e-05,-1.041e-05,-1.0347e-05,-1.0315e-05,-1.0007e-05,-9.2001e-06,-8.8302e-06,-7.9218e-06,-7.4791e-06,-6.7764e-06,-6.5736e-06,-6.1838e-06,-5.6764e-06,-5.6439e-06,-5.4262e-06,-5.194e-06,-5.3829e-06,-5.458e-06,-6.0596e-06,-5.974e-06,-6.9118e-06,-6.775e-06,-7.6144e-06,-7.4097e-06,-7.735e-06,-7.61e-06,-7.4917e-06,-7.5408e-06,-7.59e-06,-7.4101e-06,-7.3276e-06,-7.8009e-06,-8.0749e-06,-8.3489e-06,-7.7555e-06,-7.7323e-06,-7.2012e-06,-7.0989e-06,-7.0231e-06,-6.2737e-06,-6.3938e-06,-6.5134e-06,-6.2436e-06,-6.4906e-06,-6.554e-06,-6.4586e-06,-6.8235e-06,-6.4499e-06,-6.5472e-06,-6.1339e-06,-6.0259e-06,-5.9179e-06,-6.2464e-06,-6.0614e-06,-6.4232e-06,-6.3837e-06,-6.3443e-06,-6.6365e-06,-6.5019e-06,-7.0451e-06,-6.9719e-06,-6.8988e-06,-7.1902e-06,-7.0649e-06,-6.95e-06,-6.9605e-06,-6.4709e-06,-6.328e-06,-6.114e-06,-5.8514e-06,-5.7834e-06,-5.7155e-06,-5.3607e-06,-4.8704e-06,-4.7917e-06,-4.8007e-06,-4.7478e-06,-4.7687e-06,-4.5116e-06,-4.634e-06,-4.0748e-06,-4.1662e-06,-3.7834e-06,-3.1361e-06,-3.1509e-06,-2.6336e-06,-2.6163e-06,-3.5782e-06,-3.7448e-06,-4.4738e-06,-5.8269e-06,-6.1799e-06,-7.6965e-06,-8.2472e-06,-8.6502e-06,-8.9519e-06,-8.7536e-06,-8.1211e-06,-7.9909e-06,-7.1287e-06,-6.4986e-06,-5.8738e-06,-5.0001e-06,-4.603e-06,-3.7867e-06,-2.5844e-06,-2.3289e-06,-2.2119e-06,-1.7193e-06,-1.2618e-06,-6.7274e-07,-7.7346e-07,-2.4295e-07,-4.7893e-07,-2.8846e-07,2.1998e-07,-6.0893e-07,-1.4373e-06,-1.9841e-06,-3.9138e-06,-5.1517e-06,-6.8602e-06,-8.4962e-06,-9.4259e-06,-1.1101e-05,-1.1777e-05,-1.2041e-05,-1.1988e-05,-1.1647e-05,-9.8927e-06,-9.0488e-06,-6.6203e-06,-4.6918e-06,-1.9775e-06,2.9339e-07,2.0969e-06,3.9223e-06,5.0228e-06,5.5834e-06,6.2006e-06,6.0258e-06,5.6033e-06,3.8441e-06,2.2479e-06,4.2209e-07,-1.8721e-06,-4.1553e-06,-6.0272e-06,-8.7046e-06,-1.0768e-05,-1.2313e-05,-1.3438e-05,-1.4169e-05,-1.385e-05,-1.2993e-05,-1.1251e-05,-9.6115e-06,-7.3466e-06,-4.8292e-06,-2.7255e-06,-3.0725e-07,1.611e-06,2.978e-06,4.9179e-06,6.2452e-06,6.9923e-06,7.2394e-06,7.4995e-06,6.9989e-06,5.159e-06,3.2106e-06,9.9299e-07,-1.2931e-06,-4.2387e-06,-6.4462e-06,-8.4949e-06,-9.9799e-06,-1.1254e-05,-1.242e-05,-1.3521e-05,-1.3463e-05,-1.2833e-05,-1.1233e-05,-9.7859e-06,-7.0652e-06,-4.4983e-06,-2.0997e-06,8.6502e-07,2.6358e-06,5.0323e-06,6.7036e-06,7.4669e-06,8.2677e-06,8.342e-06,8.1493e-06,7.1151e-06,6.1571e-06,4.7756e-06,2.0491e-06,2.1165e-07,-2.6258e-06,-4.6738e-06,-6.7251e-06,-9.0827e-06,-1.0621e-05,-1.2142e-05,-1.3933e-05,-1.4223e-05,-1.4964e-05,-1.5595e-05,-1.5489e-05,-1.4902e-05,-1.3124e-05,-1.1581e-05,-9.3466e-06,-6.4493e-06,-3.5827e-06,-1.2661e-06,1.3254e-06,2.9168e-06,5.6596e-06,7.2093e-06,9.2417e-06,1.0903e-05,1.1097e-05,1.1184e-05,9.7712e-06,7.5717e-06,4.7627e-06,1.5948e-06,-3.0837e-06,-6.3671e-06,-1.0737e-05,-1.3658e-05,-1.6581e-05,-1.9618e-05,-2.1421e-05,-2.292e-05,-2.3683e-05,-2.294e-05,-2.1126e-05,-1.8548e-05,-1.5101e-05,-1.1473e-05,-7.267e-06,-3.0613e-06,1.0967e-06,4.5025e-06,8.0585e-06,1.0481e-05,1.2339e-05,1.3012e-05,1.2685e-05,1.1303e-05,9.388e-06,6.3551e-06,2.5236e-06,-1.3078e-06,-6.1924e-06,-1.012e-05,-1.3852e-05,-1.7311e-05,-2.0326e-05,-2.2537e-05,-2.3749e-05,-2.4332e-05,-2.3894e-05,-2.1859e-05,-1.8984e-05,-1.5998e-05,-1.1695e-05,-7.7983e-06,-3.9376e-06,4.0202e-07,4.1365e-06,6.5754e-06,9.1677e-06,1.1191e-05,1.2215e-05,1.2822e-05,1.2488e-05,1.0952e-05,8.6566e-06,5.8864e-06,2.2188e-06,-1.4487e-06,-5.5523e-06,-9.2382e-06,-1.2482e-05,-1.5817e-05,-1.8831e-05,-2.1039e-05,-2.2748e-05,-2.4324e-05,-2.4651e-05,-2.4081e-05,-2.2652e-05,-1.9795e-05,-1.548e-05,-1.1665e-05,-6.9206e-06,-2.2727e-06,2.1829e-06,7.611e-06,1.1539e-05,1.5103e-05,1.7892e-05,1.9336e-05,1.9842e-05,1.7994e-05,1.521e-05,1.0707e-05,4.9486e-06,-1.4487e-06,-8.1942e-06,-1.475e-05,-2.0305e-05,-2.5918e-05,-3.0689e-05,-3.4406e-05,-3.6456e-05,-3.681e-05,-3.5962e-05,-3.3615e-05,-2.8925e-05,-2.2942e-05,-1.5711e-05,-7.2657e-06,-2.2129e-07,7.7063e-06,1.4134e-05,1.9866e-05,2.3617e-05,2.622e-05,2.7501e-05,2.7282e-05,2.4855e-05,2.0922e-05,1.5746e-05,9.4178e-06,1.9694e-06,-5.8246e-06,-1.2901e-05,-1.9896e-05,-2.5244e-05,-3.0548e-05,-3.4142e-05,-3.6885e-05,-3.8544e-05,-3.8816e-05,-3.8808e-05,-3.5859e-05,-3.2312e-05,-2.7899e-05,-2.2255e-05,-1.5793e-05,-9.2198e-06,-1.4876e-06,4.7039e-06,1.1787e-05,1.7441e-05,2.1599e-05,2.7011e-05,2.9291e-05,3.199e-05,3.269e-05,3.1818e-05,2.9002e-05,2.3158e-05,1.6896e-05,9.3373e-06,4.8481e-07,-7.2689e-06,-1.6182e-05,-2.3739e-05,-3.1182e-05,-3.741e-05,-4.3005e-05,-4.6161e-05,-4.735e-05,-4.7526e-05,-4.5653e-05,-4.0555e-05,-3.4462e-05,-2.5463e-05,-1.6999e-05,-7.4438e-06,2.3843e-06,1.2036e-05,2.1314e-05,2.905e-05,3.6506e-05,4.1574e-05,4.4363e-05,4.4019e-05,4.2365e-05,3.7042e-05,2.966e-05,1.9359e-05,9.0585e-06,-4.5424e-06,-1.675e-05,-2.8888e-05,-3.9532e-05,-4.7902e-05,-5.4987e-05,-5.9744e-05,-6.0699e-05,-5.9371e-05,-5.5001e-05,-4.8131e-05,-3.8191e-05,-2.6955e-05,-1.3533e-05,-6.9169e-07,1.2526e-05,2.4109e-05,3.4341e-05,4.3462e-05,5.0047e-05,5.4017e-05,5.5487e-05,5.4293e-05,5.0361e-05,4.2668e-05,3.3759e-05,2.3038e-05,1.0669e-05,-1.2324e-06,-1.3428e-05,-2.5624e-05,-3.5763e-05,-4.3095e-05,-4.9691e-05,-5.3772e-05,-5.5793e-05,-5.5819e-05,-5.3145e-05,-4.7398e-05,-4.1002e-05,-3.3354e-05,-2.4206e-05,-1.5255e-05,-5.8212e-06,2.7375e-06,1.1568e-05,1.9835e-05,2.7147e-05,3.2648e-05,3.8616e-05,4.3085e-05,4.7477e-05,4.884e-05,4.9798e-05,4.9702e-05,4.707e-05,4.2395e-05,3.5885e-05,2.6445e-05,1.7279e-05,6.1131e-06,-4.5525e-06,-1.5615e-05,-2.4949e-05,-3.3742e-05,-4.243e-05,-5.0301e-05,-5.5821e-05,-5.8977e-05,-5.7947e-05,-5.5228e-05,-4.8669e-05,-4.1106e-05,-2.8657e-05,-1.7708e-05,-4.0284e-06,7.5804e-06,1.9687e-05,3.1507e-05,4.1139e-05,4.9453e-05,5.6185e-05,5.9277e-05,5.9869e-05,5.6309e-05,4.9679e-05,4.0427e-05,2.9252e-05,1.7192e-05,3.0777e-06,-9.2228e-06,-2.1877e-05,-3.2904e-05,-4.1975e-05,-5.0046e-05,-5.4896e-05,-5.7221e-05,-5.6273e-05,-5.4066e-05,-4.802e-05,-4.0512e-05,-3.0303e-05,-1.9792e-05,-8.8074e-06,3.0218e-06,1.3418e-05,2.3745e-05,3.2573e-05,3.9455e-05,4.4914e-05,4.8708e-05,4.9062e-05,4.8521e-05,4.5654e-05,4.1651e-05,3.4712e-05,2.7272e-05,1.7856e-05,8.3867e-06,-5.168e-08,-9.3295e-06,-1.6836e-05,-2.302e-05,-2.8896e-05,-3.1922e-05,-3.3874e-05,-3.4618e-05,-3.3901e-05,-3.2861e-05,-2.9346e-05,-2.636e-05,-2.1432e-05,-1.6309e-05,-1.1261e-05,-5.1401e-06,2.7842e-08,5.0194e-06,1.101e-05,1.4794e-05,1.8569e-05,2.1344e-05,2.3855e-05,2.4881e-05,2.526e-05,2.5386e-05,2.3353e-05,1.9963e-05,1.6767e-05,1.0774e-05,5.713e-06,-7.9238e-07,-7.1901e-06,-1.3408e-05,-1.7943e-05,-2.307e-05,-2.6217e-05,-2.7837e-05,-2.9406e-05,-2.8264e-05,-2.6031e-05,-2.2829e-05,-1.7379e-05,-1.2177e-05,-4.4219e-06,2.1798e-06,9.8971e-06,1.8116e-05,2.3625e-05,2.9967e-05,3.5692e-05,3.9635e-05,4.1961e-05,4.1692e-05,4.0924e-05,3.7302e-05,3.3243e-05,2.6192e-05,1.7914e-05,8.251e-06,-1.4325e-06,-1.0319e-05,-2.028e-05,-2.8241e-05,-3.5011e-05,-3.982e-05,-4.2765e-05,-4.3275e-05,-4.2602e-05,-3.8426e-05,-3.3553e-05,-2.5152e-05,-1.6752e-05,-5.7393e-06,5.4743e-06,1.6889e-05,2.6517e-05,3.5487e-05,4.2269e-05,4.9127e-05,5.2842e-05,5.335e-05,5.1515e-05,4.788e-05,4.1106e-05,3.3833e-05,2.5214e-05,1.4642e-05,3.8522e-06,-7.2439e-06,-1.734e-05,-2.6869e-05,-3.3246e-05,-3.8463e-05,-4.2063e-05,-4.3096e-05,-4.1338e-05,-3.8833e-05,-3.3019e-05,-2.7768e-05,-1.9735e-05,-1.1702e-05,-1.8394e-06,6.0507e-06,1.5716e-05,2.4231e-05,3.2133e-05,3.7362e-05,4.2301e-05,4.5597e-05,4.7394e-05,4.6994e-05,4.6229e-05,4.1696e-05,3.7094e-05,2.9574e-05,2.2072e-05,1.3238e-05,4.3352e-06,-4.4525e-06,-1.2093e-05,-1.8916e-05,-2.5222e-05,-3.0546e-05,-3.4201e-05,-3.5101e-05,-3.534e-05,-3.3576e-05,-3.0669e-05,-2.4803e-05,-1.9798e-05,-1.2897e-05,-6.8035e-06,1.5097e-06,8.2187e-06,1.4753e-05,2.1863e-05,2.7695e-05,3.2028e-05,3.6003e-05,3.9e-05,3.9599e-05,3.8479e-05,3.638e-05,3.2093e-05,2.7869e-05,2.2049e-05,1.5955e-05,8.2881e-06,1.4478e-06,-5.9318e-06,-1.2812e-05,-1.8773e-05,-2.4042e-05,-2.7634e-05,-2.9197e-05,-2.8621e-05,-2.7747e-05,-2.4558e-05,-2.0734e-05,-1.672e-05,-1.1924e-05,-6.7555e-06,4.4169e-07,5.2662e-06,1.2389e-05,1.7681e-05,2.3961e-05,2.7384e-05,3.0848e-05,3.3229e-05,3.3907e-05,3.3714e-05,3.2703e-05,3.1078e-05,2.7322e-05,2.4061e-05,1.9324e-05,1.4303e-05,9.6853e-06,3.0101e-06,-2.147e-06,-7.2275e-06,-1.2262e-05,-1.7393e-05,-2.0834e-05,-2.3587e-05,-2.6088e-05,-2.7105e-05,-2.6213e-05,-2.5068e-05,-2.3218e-05,-2.0397e-05,-1.6313e-05,-1.2627e-05,-6.1626e-06,-1.4336e-06,5.3597e-06,1.1288e-05,1.7578e-05,2.2962e-05,2.8596e-05,3.3596e-05,3.682e-05,3.9122e-05,4.0477e-05,3.9639e-05,3.8302e-05,3.5368e-05,3.1825e-05,2.5196e-05,1.9548e-05,1.1673e-05,3.7699e-06,-3.9949e-06,-1.1168e-05,-1.8333e-05,-2.3978e-05,-2.8636e-05,-3.2461e-05,-3.3122e-05,-3.3093e-05,-3.2224e-05,-2.8207e-05,-2.3296e-05,-1.6673e-05,-8.5088e-06,-7.0079e-07,7.7518e-06,1.557e-05,2.2672e-05,2.9639e-05,3.4361e-05,3.8423e-05,4.001e-05,4.0097e-05,3.9816e-05,3.667e-05,3.267e-05,2.6772e-05,2.1074e-05,1.4771e-05,6.6302e-06,-2.785e-07,-6.7074e-06,-1.1698e-05,-1.6499e-05,-1.9727e-05,-2.0955e-05,-2.2175e-05,-2.1405e-05,-2.0531e-05,-1.8548e-05,-1.4797e-05,-1.1996e-05,-6.6238e-06,-2.3245e-06,1.7111e-06,6.2746e-06,1.0317e-05,1.3721e-05,1.7125e-05,2.0587e-05,2.1518e-05,2.429e-05,2.4356e-05,2.5434e-05,2.5521e-05,2.4086e-05,2.4356e-05,2.2427e-05,2.1317e-05,1.8366e-05,1.5299e-05,1.1419e-05,7.6106e-06,3.5814e-06,-1.6398e-06,-5.7829e-06,-1.005e-05,-1.3582e-05,-1.6511e-05,-1.9049e-05,-2.0979e-05,-2.0634e-05,-1.9695e-05,-1.7168e-05,-1.3557e-05,-8.9124e-06,-2.2686e-06,4.8085e-06,1.0547e-05,1.7409e-05,2.2922e-05,2.7895e-05,3.2166e-05,3.4873e-05,3.5113e-05,3.4854e-05,3.0813e-05,2.6936e-05,2.0773e-05,1.4637e-05,7.4685e-06,-8.6851e-07,-8.008e-06,-1.4036e-05,-1.9563e-05,-2.2768e-05,-2.5803e-05,-2.5953e-05,-2.446e-05,-2.1427e-05,-1.63e-05,-9.4466e-06,-2.055e-06,6.1211e-06,1.387e-05,2.078e-05,2.7731e-05,3.4465e-05,3.8465e-05,4.2151e-05,4.2901e-05,4.3132e-05,4.1511e-05,3.7136e-05,3.2858e-05,2.6779e-05,1.8873e-05,1.1751e-05,4.3243e-06,-2.0731e-06,-7.873e-06,-1.3671e-05,-1.7412e-05,-2.0154e-05,-2.2077e-05,-2.1319e-05,-1.9611e-05,-1.6452e-05,-1.2059e-05,-8.8822e-06,-3.6947e-06,4.4454e-07,5.4933e-06,9.4743e-06,1.2779e-05,1.5786e-05,1.7836e-05,1.9115e-05,1.9973e-05,2.0331e-05,2.0484e-05,1.8458e-05,1.7671e-05,1.703e-05,1.4515e-05,1.3566e-05,1.0747e-05,9.969e-06,8.1908e-06,6.3277e-06,4.4627e-06,2.561e-06,1.5861e-06,-6.3412e-07,-1.2266e-06,-1.8869e-06,-2.2963e-06,-3.2299e-06,-2.86e-06,-3.5912e-06,-2.7989e-06,-1.3786e-06,-1.5888e-07,9.31e-07,2.5953e-06,4.72e-06,6.3446e-06,6.9676e-06,8.0367e-06,8.7739e-06,9.3538e-06,1.0255e-05,9.7073e-06,1.0364e-05,9.8843e-06,9.6814e-06,9.4037e-06,7.9141e-06,7.5654e-06,7.199e-06,6.9181e-06,5.937e-06,6.3328e-06,7.6467e-06,7.4607e-06,8.8336e-06,9.8214e-06,9.91e-06,1.1064e-05,1.2597e-05,1.2432e-05,1.3185e-05,1.3504e-05,1.2822e-05,1.2707e-05,1.2059e-05,1.0669e-05,9.6779e-06,7.7348e-06,5.9665e-06,4.609e-06,2.9008e-06,1.3986e-06,4.4802e-07,4.3529e-07,-3.5867e-07,-9.9011e-07,-1.1981e-06,-1.5461e-06,-1.1201e-06,-8.7385e-07,-7.8586e-08,9.1647e-07,1.9115e-06,3.3538e-06,4.8712e-06,6.6386e-06,8.8433e-06,1.0649e-05,1.3328e-05,1.4954e-05,1.7039e-05,1.9123e-05,2.0731e-05,2.13e-05,2.1204e-05,2.0627e-05,1.995e-05,1.7215e-05,1.5798e-05,1.2141e-05,9.9841e-06,5.9885e-06,3.8311e-06,6.4319e-07,-2.5994e-06,-5.2972e-06,-6.3465e-06,-7.9257e-06,-8.9245e-06,-8.7468e-06,-7.964e-06,-6.5686e-06,-4.5857e-06,-2.8325e-06,-7.0113e-07,8.2567e-07,2.8525e-06,4.2629e-06,5.5761e-06,6.1437e-06,6.5232e-06,6.9829e-06,7.6642e-06,7.8077e-06,8.3389e-06,8.8481e-06,9.7268e-06,1.0531e-05,1.1066e-05,1.1923e-05,1.211e-05,1.2967e-05,1.3582e-05,1.309e-05,1.2804e-05,1.1972e-05,1.0328e-05,9.5634e-06,7.5898e-06,5.6163e-06,3.6488e-06,1.9172e-06,4.3294e-07,-7.3808e-07,-1.5402e-06,-2.5208e-06,-2.558e-06,-2.1771e-06,-1.3588e-06,-6.0303e-07,1.5349e-07,8.2528e-07,1.4342e-06,2.508e-06,2.9477e-06,3.3875e-06,3.8278e-06,4.2321e-06,4.6982e-06,4.7749e-06,5.3529e-06,5.8961e-06,6.4393e-06,7.4768e-06,8.3896e-06,9.4847e-06,1.0113e-05,1.092e-05,1.1985e-05,1.223e-05,1.2297e-05,1.2144e-05,1.1228e-05,1.0248e-05,9.0808e-06,7.9709e-06,6.9133e-06,5.0759e-06,3.6286e-06,2.5669e-06,1.3746e-06,1.2137e-06,8.3702e-07,9.6033e-07,1.5103e-06,2.166e-06,3.0017e-06,4.1197e-06,5.2376e-06,5.9621e-06,6.7615e-06,7.3731e-06,7.9298e-06,8.4219e-06,8.8292e-06,8.6865e-06,8.5567e-06,7.978e-06,8.0981e-06,7.8106e-06,7.7147e-06,7.9384e-06,7.6716e-06,7.8843e-06,7.7271e-06,7.1293e-06,7.1041e-06,6.496e-06,6.3775e-06,6.0795e-06,5.1655e-06,4.7516e-06,4.244e-06,3.5006e-06,3.0143e-06,2.5852e-06,2.631e-06,2.308e-06,2.466e-06,2.5383e-06,3.5788e-06,3.6435e-06,4.2428e-06,4.3656e-06,5.1367e-06,4.9081e-06,5.2787e-06,5.2088e-06,5.152e-06,5.1544e-06,5.1567e-06,5.1907e-06,5.2321e-06,5.3003e-06,5.4003e-06,5.4968e-06,5.6505e-06,5.3043e-06,5.5671e-06,5.3791e-06,5.7312e-06,5.6631e-06,5.5697e-06,5.5186e-06,5.469e-06,5.4238e-06,5.9352e-06,6.3972e-06,6.6803e-06,6.9635e-06,6.9856e-06,6.845e-06,7.1427e-06,6.6051e-06,6.5676e-06,6.3812e-06,6.1156e-06,5.8726e-06,5.7183e-06,6.1025e-06,6.0188e-06,6.4125e-06,6.4148e-06,6.6137e-06,7.2938e-06,6.4822e-06,6.3303e-06,6.7684e-06,7.1767e-06,7.6492e-06,7.7051e-06,7.7067e-06,8.807e-06,9.4459e-06,9.5854e-06,1.0312e-05,1.0538e-05,1.0934e-05,1.0995e-05,1.1054e-05,1.1497e-05,1.1439e-05,1.1612e-05,1.1985e-05,1.1903e-05,1.2352e-05,1.2246e-05,1.2689e-05,1.3245e-05,1.3046e-05,1.3209e-05,1.2745e-05,1.2367e-05,1.1357e-05,1.0598e-05,9.0878e-06,8.4901e-06,6.5116e-06,5.0517e-06,4.1367e-06,2.8687e-06,2.5541e-06,2.002e-06,1.4154e-06,2.0028e-06,2.6389e-06,3.406e-06,4.5187e-06,5.1385e-06,5.5634e-06,6.0393e-06,6.5456e-06,6.5821e-06,6.5946e-06,5.9666e-06,5.8385e-06,5.5515e-06,5.2225e-06,4.8412e-06,4.3891e-06,4.4386e-06,3.9215e-06,3.9033e-06,3.8089e-06,3.6738e-06,3.9827e-06,4.1159e-06,4.2263e-06,4.1069e-06,3.8665e-06,4.045e-06,3.8973e-06,3.7496e-06,3.2865e-06,3.2095e-06,2.9432e-06,2.5136e-06,2.5679e-06,2.0497e-06,2.5315e-06,2.8806e-06,3.6865e-06,5.2609e-06,6.7184e-06,7.7373e-06,8.9348e-06,1.0134e-05,1.0671e-05,1.1382e-05,1.1645e-05,1.2038e-05,1.1908e-05,1.1217e-05,1.1006e-05,1.0687e-05,1.024e-05,9.7821e-06,9.6461e-06,9.0101e-06,8.8271e-06,8.623e-06,8.9167e-06,8.7059e-06,8.9951e-06,8.6458e-06,8.7935e-06,8.6875e-06,8.4287e-06,8.0748e-06,7.1496e-06,6.7245e-06,5.7295e-06,4.7604e-06,4.5039e-06,3.6832e-06,3.2176e-06,2.8985e-06,2.9344e-06,2.7752e-06,2.6001e-06,2.5003e-06,3.3108e-06,4.0158e-06,4.915e-06,5.9588e-06,6.9486e-06,8.0014e-06,8.5546e-06,9.7216e-06,9.8053e-06,9.9687e-06,1.0046e-05,9.7027e-06,9.7516e-06,9.3859e-06,8.4535e-06,7.9919e-06,6.8682e-06,6.1297e-06,5.3912e-06,4.269e-06,3.521e-06,2.612e-06,1.0403e-06,6.4926e-07,-2.7736e-07,-1.3294e-06,-1.8317e-06,-1.5004e-06,-1.4295e-06,-1.9927e-06,-1.5854e-06,-1.0147e-06,-2.0844e-07,3.2077e-07,1.4522e-06,3.5836e-06,5.1355e-06,6.8097e-06,8.8211e-06,1.1262e-05,1.2202e-05,1.3712e-05,1.5593e-05,1.5967e-05,1.6919e-05,1.7372e-05,1.7371e-05,1.6834e-05,1.6274e-05,1.4838e-05,1.3487e-05,1.1527e-05,9.5548e-06,7.1707e-06,4.9856e-06,2.8006e-06,8.1557e-07,-1.0244e-06,-2.0885e-06,-3.6517e-06,-3.9827e-06,-4.1007e-06,-3.7187e-06,-3.4358e-06,-2.7444e-06,-1.5564e-06,-5.9279e-08,1.4379e-06,2.5178e-06,4.7799e-06,6.5285e-06,8.1117e-06,9.8875e-06,1.0513e-05,1.1359e-05,1.3091e-05,1.3382e-05,1.3951e-05,1.4309e-05,1.5071e-05,1.5069e-05,1.5391e-05,1.4901e-05,1.4325e-05,1.3808e-05,1.2798e-05,1.1801e-05,1.0303e-05,8.964e-06,7.7548e-06,6.193e-06,4.74e-06,3.287e-06,1.9278e-06,4.6874e-07,-1.0124e-07,-9.2985e-07,-1.029e-06,-1.1095e-06,-1.2309e-06,-4.6646e-07,2.8428e-07,1.8438e-06,3.0952e-06,4.8189e-06,6.3993e-06,7.7779e-06,9.1565e-06,9.6891e-06,1.0689e-05,1.1518e-05,1.1104e-05,1.1189e-05,1.1432e-05,1.064e-05,9.7632e-06,9.762e-06,8.3232e-06,7.4242e-06,7.0288e-06,6.3354e-06,5.3764e-06,4.5279e-06,4.6884e-06,4.3489e-06,5.2965e-06,6.0088e-06,6.2266e-06,7.2515e-06,7.7764e-06,8.8164e-06,8.8706e-06,8.9229e-06,9.6538e-06,9.5667e-06,8.8965e-06,8.4534e-06,8.6807e-06,8.0777e-06,7.1101e-06,6.0484e-06,5.6448e-06,4.881e-06,3.2603e-06,2.9122e-06,2.0568e-06,1.1933e-06,7.5874e-07,-3.3134e-08,3.8736e-07,-1.9443e-07,-2.7183e-07,-3.4439e-07,-5.4152e-07,1.5808e-07,3.3766e-07,1.6325e-06,2.4354e-06,3.8461e-06,5.0272e-06,6.7082e-06,8.2208e-06,9.4113e-06,1.1102e-05,1.1708e-05,1.2323e-05,1.3498e-05,1.3309e-05,1.3119e-05,1.3378e-05,1.2109e-05,1.184e-05,1.0837e-05,9.8281e-06,8.742e-06,6.9795e-06,5.7661e-06,3.8986e-06,2.4865e-06,1.5712e-06,9.0572e-08,-4.2253e-07,-1.006e-06,-6.8307e-07,-3.601e-07,-2.9378e-07,1.9056e-07,1.095e-06,2.6016e-06,3.573e-06,5.2971e-06,5.6816e-06,7.0662e-06,8.044e-06,8.8878e-06,9.1942e-06,1.0087e-05,9.9792e-06,1.0237e-05,9.1406e-06,9.7067e-06,9.1425e-06,9.048e-06,8.9621e-06,8.2602e-06,8.2271e-06,8.8954e-06,9.2361e-06,9.0768e-06,9.5438e-06,1.0605e-05,1.0358e-05,1.1382e-05,1.1905e-05,1.2413e-05,1.335e-05,1.3286e-05,1.3662e-05,1.3609e-05,1.3019e-05,1.2771e-05,1.2022e-05,1.078e-05,9.0875e-06,7.382e-06,4.8976e-06,2.8009e-06,8.523e-07,-2.3482e-06,-4.3487e-06,-6.7412e-06,-8.7099e-06,-9.9786e-06,-1.0764e-05,-1.0549e-05,-1.0467e-05,-9.4504e-06,-7.4339e-06,-4.8863e-06,-2.7375e-06,5.1348e-07,3.7612e-06,6.5089e-06,9.866e-06,1.2332e-05,1.4798e-05,1.6542e-05,1.8929e-05,1.8851e-05,1.9493e-05,1.9135e-05,1.8583e-05,1.6833e-05,1.5083e-05,1.2915e-05,1.0522e-05,8.0101e-06,6.4852e-06,3.7587e-06,2.2826e-06,1.6446e-06,3.746e-07,3.9125e-07,4.079e-07,9.5597e-07,1.0633e-06,1.5777e-06,2.3108e-06,3.4151e-06,4.4512e-06,5.6415e-06,5.1445e-06,6.3627e-06,7.0528e-06,6.9889e-06,7.4557e-06,7.8138e-06,7.7246e-06,8.066e-06,7.5634e-06,8.3013e-06,8.6324e-06,8.8262e-06,9.3014e-06,1.0122e-05,9.779e-06,1.0946e-05,1.129e-05,1.1967e-05,1.2686e-05,1.3106e-05,1.3388e-05,1.4401e-05,1.4507e-05,1.5431e-05,1.4219e-05,1.5391e-05,1.5062e-05,1.48e-05,1.4147e-05,1.3995e-05,1.2947e-05,1.1737e-05,1.0762e-05,8.4532e-06,7.1442e-06,4.7757e-06,2.6873e-06,5.9885e-07,-7.4794e-07,-3.3238e-06,-3.947e-06,-6.4057e-06,-6.9608e-06,-6.4721e-06,-6.4388e-06,-5.4056e-06,-3.4795e-06,-1.0483e-07,1.9556e-06,4.5369e-06,7.6182e-06,1.1667e-05,1.464e-05,1.7614e-05,2.096e-05,2.3548e-05,2.5135e-05,2.6958e-05,2.7979e-05,2.748e-05,2.8218e-05,2.6651e-05,2.4566e-05,2.2461e-05,1.9857e-05,1.6724e-05,1.4085e-05,1.0913e-05,8.0308e-06,5.9743e-06,3.3993e-06,5.376e-07,-4.6661e-07,-2.6703e-06,-4.045e-06,-4.5281e-06,-5.209e-06,-4.4992e-06,-4.1934e-06,-2.9374e-06,-1.5918e-06,7.6888e-07,2.3817e-06,4.4945e-06,7.1361e-06,9.4567e-06,1.1777e-05,1.3962e-05,1.5767e-05,1.7503e-05,1.8532e-05,1.906e-05,2.0279e-05,2.0404e-05,1.9529e-05,1.9347e-05,1.8173e-05,1.6948e-05,1.4855e-05,1.3202e-05,1.0779e-05,9.6448e-06,7.108e-06,6.3309e-06,4.503e-06,4.0302e-06,2.4457e-06,2.2689e-06,2.592e-06,1.7777e-06,2.8075e-06,2.3144e-06,3.1606e-06,3.103e-06,3.1703e-06,4.3069e-06,4.9889e-06,5.236e-06,6.3365e-06,6.9364e-06,7.6731e-06,9.4275e-06,1.0613e-05,1.1698e-05,1.2255e-05,1.3917e-05,1.5651e-05,1.5366e-05,1.6559e-05,1.7422e-05,1.8286e-05,1.7665e-05,1.808e-05,1.8582e-05,1.8576e-05,1.9069e-05,1.7911e-05,1.7991e-05,1.7571e-05,1.7047e-05,1.5589e-05,1.4429e-05,1.3217e-05,1.0341e-05,9.3239e-06,6.0546e-06,5.0719e-06,2.5543e-06,7.8636e-07,-1.465e-06,-2.4092e-06,-3.7027e-06,-3.9767e-06,-4.4109e-06,-5.0111e-06,-4.0714e-06,-2.6941e-06,-1.3353e-06,-5.2236e-07,2.0571e-06,3.6107e-06,6.2825e-06,9.8216e-06,1.1363e-05,1.4093e-05,1.6136e-05,1.9144e-05,2.1401e-05,2.3718e-05,2.5093e-05,2.6059e-05,2.7469e-05,2.7438e-05,2.7813e-05,2.7251e-05,2.5702e-05,2.4604e-05,2.2571e-05,2.064e-05,1.837e-05,1.6018e-05,1.4118e-05,1.0394e-05,8.6171e-06,6.4359e-06,5.2548e-06,3.6649e-06,2.0569e-06,7.5615e-07,3.2355e-07,2.3063e-07,1.377e-07,8.7038e-07,6.3685e-07,9.0333e-07,1.4355e-06,1.5141e-06,2.0927e-06,1.8371e-06,1.8845e-06,2.4227e-06,1.4651e-06,1.7046e-06,2.4893e-06,3.4317e-06,3.8741e-06,5.1925e-06,6.6716e-06,7.6508e-06,9.8651e-06,1.1797e-05,1.3229e-05,1.5859e-05,1.7678e-05,1.8497e-05,2.1205e-05,2.2719e-05,2.2888e-05,2.3445e-05,2.319e-05,2.2775e-05,2.2024e-05,2.0173e-05,1.7322e-05,1.5812e-05,1.2603e-05,1.0338e-05,6.6683e-06,3.8006e-06,1.4235e-06,-1.1627e-06,-4.3147e-06,-6.4667e-06,-7.1642e-06,-8.3834e-06,-9.1027e-06,-8.4179e-06,-8.7605e-06,-7.0786e-06,-5.6673e-06,-4.7625e-06,-2.3236e-06,-1.1174e-06,2.1454e-06,3.8538e-06,6.6353e-06,8.3615e-06,9.6381e-06,1.218e-05,1.3186e-05,1.5299e-05,1.5705e-05,1.6111e-05,1.6652e-05,1.696e-05,1.6291e-05,1.5276e-05,1.4006e-05,1.2235e-05,1.0603e-05,9.0957e-06,7.5886e-06,5.1646e-06,3.7823e-06,1.9001e-06,5.2619e-07,-3.457e-07,-1.7176e-06,-1.9448e-06,-3.1636e-06,-2.8406e-06,-2.569e-06,-2.2974e-06,-1.3947e-06,-4.2159e-08,2.1424e-06,4.046e-06,5.5719e-06,7.5979e-06,9.7968e-06,1.1069e-05,1.2842e-05,1.3678e-05,1.4318e-05,1.4459e-05,1.3339e-05,1.2714e-05,1.159e-05,9.533e-06,6.6229e-06,4.9122e-06,3.2787e-06,4.5714e-07,-8.1088e-07,-1.1244e-06,-3.0318e-06,-2.844e-06,-1.6069e-06,-8.6975e-07,6.8834e-07,3.0279e-06,5.3675e-06,7.6037e-06,1.011e-05,1.2617e-05,1.4175e-05,1.5689e-05,1.6102e-05,1.6451e-05,1.4903e-05,1.3555e-05,1.0432e-05,6.8089e-06,2.5389e-06,-2.3107e-06,-5.6603e-06,-9.0839e-06,-1.3306e-05,-1.5814e-05,-1.6447e-05,-1.7792e-05,-1.7514e-05,-1.4966e-05,-1.2203e-05,-8.8802e-06,-3.7118e-06,1.4566e-06,5.857e-06,1.1382e-05,1.6906e-05,2.1359e-05,2.5844e-05,2.9329e-05,3.2041e-05,3.4002e-05,3.4211e-05,3.4215e-05,3.2371e-05,3.0181e-05,2.6013e-05,2.0822e-05,1.5953e-05,9.9196e-06,4.8881e-06,-6.1819e-07,-5.5784e-06,-1.0041e-05,-1.4063e-05,-1.7802e-05,-1.9592e-05,-1.9733e-05,-2.0667e-05,-1.9166e-05,-1.717e-05,-1.5532e-05,-1.2444e-05,-8.6288e-06,-5.1478e-06,-1.3387e-06,3.4637e-06,6.9306e-06,1.1322e-05,1.5044e-05,1.8266e-05,2.0377e-05,2.1788e-05,2.37e-05,2.2323e-05,2.1426e-05,1.9128e-05,1.6221e-05,1.3315e-05,1.0243e-05,5.6054e-06,1.7103e-06,-1.1531e-06,-4.2571e-06,-7.1874e-06,-8.333e-06,-9.4292e-06,-9.519e-06,-7.127e-06,-4.6552e-06,-1.3685e-06,2.2778e-06,7.6046e-06,1.1734e-05,1.694e-05,2.1661e-05,2.5214e-05,2.8508e-05,3.0302e-05,3.1463e-05,3.0136e-05,2.9308e-05,2.6067e-05,2.19e-05,1.8233e-05,1.2066e-05,5.9412e-06,-1.8303e-07,-6.5503e-06,-1.3115e-05,-1.7544e-05,-2.1978e-05,-2.4412e-05,-2.6518e-05,-2.6378e-05,-2.5238e-05,-2.2819e-05,-1.8931e-05,-1.4543e-05,-9.5598e-06,-2.8012e-06,2.9573e-06,9.7226e-06,1.6869e-05,2.3016e-05,2.8468e-05,3.279e-05,3.7221e-05,3.9306e-05,4.0392e-05,4.0597e-05,3.6555e-05,3.3383e-05,2.9056e-05,2.1876e-05,1.6174e-05,9.2111e-06,1.5925e-06,-4.5182e-06,-1.0861e-05,-1.5131e-05,-1.9813e-05,-2.2021e-05,-2.3381e-05,-2.2961e-05,-2.2568e-05,-1.9902e-05,-1.6127e-05,-1.2237e-05,-6.847e-06,-1.6899e-06,3.8278e-06,9.3454e-06,1.3645e-05,1.8644e-05,2.3144e-05,2.6904e-05,2.882e-05,3.1125e-05,3.1829e-05,3.2353e-05,3.0931e-05,2.9985e-05,2.7802e-05,2.4591e-05,2.1689e-05,1.7309e-05,1.4191e-05,1.0921e-05,7.245e-06,3.2251e-06,8.7315e-07,-3.1648e-06,-5.4924e-06,-7.3199e-06,-9.4347e-06,-1.1757e-05,-1.2258e-05,-1.2875e-05,-1.2074e-05,-1.2135e-05,-1.0231e-05,-7.327e-06,-5.0469e-06,-1.3565e-06,2.026e-06,6.7878e-06,1.0355e-05,1.4652e-05,1.852e-05,2.1819e-05,2.3966e-05,2.6757e-05,2.8162e-05,2.845e-05,2.7733e-05,2.6515e-05,2.5019e-05,2.1571e-05,1.8786e-05,1.3912e-05,8.8091e-06,4.8807e-06,-2.1614e-07,-4.5065e-06,-8.2192e-06,-1.1667e-05,-1.3784e-05,-1.5545e-05,-1.537e-05,-1.6003e-05,-1.4248e-05,-1.2151e-05,-9.8192e-06,-6.3893e-06,-2.4594e-06,2.1461e-06,5.8284e-06,1.0011e-05,1.4073e-05,1.8089e-05,2.1403e-05,2.4294e-05,2.6193e-05,2.6938e-05,2.7451e-05,2.8162e-05,2.7598e-05,2.6716e-05,2.5925e-05,2.4329e-05,2.2469e-05,1.9691e-05,1.7483e-05,1.4331e-05,1.0982e-05,7.8351e-06,4.2134e-06,1.3704e-06,-2.1484e-06,-4.5993e-06,-7.8503e-06,-9.81e-06,-1.1977e-05,-1.3066e-05,-1.441e-05,-1.4379e-05,-1.3865e-05,-1.3137e-05,-9.9789e-06,-7.9544e-06,-4.1649e-06,-4.5086e-08,3.9838e-06,7.8164e-06,1.281e-05,1.6804e-05,1.9956e-05,2.2886e-05,2.5387e-05,2.7219e-05,2.8121e-05,2.8023e-05,2.7719e-05,2.5734e-05,2.3716e-05,2.0753e-05,1.7313e-05,1.3372e-05,8.5956e-06,3.7509e-06,-1.3827e-07,-4.6445e-06,-8.117e-06,-1.0853e-05,-1.2976e-05,-1.5179e-05,-1.514e-05,-1.5984e-05,-1.4704e-05,-1.3969e-05,-1.1687e-05,-8.9039e-06,-6.0662e-06,-1.554e-06,2.492e-06,6.5082e-06,1.119e-05,1.5161e-05,1.843e-05,2.1814e-05,2.4374e-05,2.6805e-05,2.7274e-05,2.8099e-05,2.8555e-05,2.7107e-05,2.5675e-05,2.3671e-05,2.0716e-05,1.7223e-05,1.323e-05,8.939e-06,4.984e-06,1.568e-06,-2.1431e-06,-5.3642e-06,-8.0365e-06,-9.1232e-06,-9.6804e-06,-9.458e-06,-8.5177e-06,-6.6401e-06,-4.9708e-06,-1.7532e-06,8.5042e-07,4.2048e-06,7.0592e-06,1.0526e-05,1.2948e-05,1.5869e-05,1.7707e-05,1.9839e-05,1.9908e-05,2.0358e-05,1.9801e-05,1.7958e-05,1.7224e-05,1.4989e-05,1.3628e-05,1.1753e-05,1.0384e-05,8.5939e-06,7.1657e-06,5.8096e-06,4.6824e-06,3.4069e-06,2.0523e-06,1.1103e-06,-2.7858e-08,-1.415e-06,-1.8405e-06,-2.0378e-06,-1.9189e-06,-2.3e-06,-1.4171e-06,-9.8672e-07,1.6982e-07,1.8525e-06,3.5352e-06,5.276e-06,7.1225e-06,8.6111e-06,1.1116e-05,1.2254e-05,1.3133e-05,1.4012e-05,1.3773e-05,1.3401e-05,1.2007e-05,1.1065e-05,9.3205e-06,7.4662e-06,6.0838e-06,5.1597e-06,3.459e-06,2.3902e-06,9.8351e-07,8.1754e-07,2.4803e-07,3.8079e-09,-7.8001e-07,-1.0638e-06,-8.5335e-07,-9.9047e-07,-6.276e-07,-6.5651e-07,-1.9988e-07,1.4138e-06,2.1606e-06,3.9572e-06,5.1147e-06,6.481e-06,8.7919e-06,1.0262e-05,1.2231e-05,1.4719e-05,1.5755e-05,1.7124e-05,1.86e-05,1.8875e-05,1.8965e-05,1.8095e-05,1.6194e-05,1.4246e-05,1.2297e-05,1.0088e-05,7.596e-06,5.3159e-06,2.4142e-06,1.248e-08,-1.9323e-06,-4.4222e-06,-6.1533e-06,-7.6102e-06,-8.5671e-06,-8.9695e-06,-8.5228e-06,-7.1353e-06,-5.6889e-06,-3.7425e-06,-8.2994e-07,2.2006e-06,5.4864e-06,9.773e-06,1.3245e-05,1.6605e-05,1.9905e-05,2.2492e-05,2.513e-05,2.6667e-05,2.7123e-05,2.749e-05,2.6928e-05,2.5273e-05,2.3185e-05,2.0838e-05,1.7856e-05,1.4997e-05,1.169e-05,8.461e-06,5.5304e-06,2.3161e-06,3.2078e-07,-2.2793e-06,-3.7921e-06,-4.8594e-06,-6.084e-06,-6.1902e-06,-5.7995e-06,-4.9114e-06,-3.1413e-06,-6.2805e-07,2.2513e-06,5.2903e-06,9.353e-06,1.2153e-05,1.6731e-05,1.9733e-05,2.2433e-05,2.513e-05,2.6827e-05,2.8148e-05,2.8619e-05,2.8126e-05,2.7781e-05,2.5935e-05,2.3806e-05,2.1053e-05,1.8498e-05,1.5255e-05,1.2511e-05,9.8871e-06,6.7132e-06,4.2535e-06,2.0694e-06,3.854e-07,-7.5199e-07,-2.6311e-06,-3.6658e-06,-3.9348e-06,-4.2038e-06,-3.3115e-06,-1.5354e-06,-2.5934e-07,2.2785e-06,5.3268e-06,8.6624e-06,1.232e-05,1.5477e-05,1.9107e-05,2.1757e-05,2.4371e-05,2.598e-05,2.6589e-05,2.7061e-05,2.7039e-05,2.5507e-05,2.3964e-05,2.1921e-05,1.9195e-05,1.6978e-05,1.5124e-05,1.2594e-05,1.1097e-05,9.1031e-06,7.526e-06,6.2297e-06,5.1362e-06,5.1736e-06,4.0284e-06,3.4677e-06,3.4207e-06,2.4849e-06,2.049e-06,1.3099e-06,9.0689e-07,6.2433e-07,1.5416e-06,2.2453e-06,3.795e-06,5.6589e-06,7.1853e-06,1.0099e-05,1.2013e-05,1.3688e-05,1.5423e-05,1.6682e-05,1.7239e-05,1.6795e-05,1.6149e-05,1.5351e-05,1.3522e-05,1.1279e-05,9.0364e-06,6.6099e-06,5.0429e-06,3.459e-06,2.1289e-06,1.2781e-06,6.7973e-07,4.1989e-07,1.0878e-06,1.735e-06,2.3821e-06,3.5706e-06,4.669e-06,5.7342e-06,6.1476e-06,6.561e-06,7.658e-06,8.4562e-06,8.7035e-06,9.4479e-06,9.6923e-06,1.0276e-05,1.0076e-05,1.0432e-05,1.0479e-05,1.0027e-05,9.5256e-06,8.9827e-06,8.4737e-06,7.7039e-06,6.9286e-06,6.0956e-06,5.1985e-06,4.8013e-06,4.4895e-06,3.6802e-06,3.4582e-06,3.3742e-06,3.2511e-06,3.6852e-06,3.6254e-06,3.5012e-06,3.8262e-06,3.6062e-06,3.2098e-06,3.2039e-06,3.7366e-06,3.6144e-06,3.5623e-06,3.6481e-06,3.7629e-06,3.9418e-06,4.0765e-06,4.234e-06,4.5771e-06,4.6731e-06,4.7632e-06,4.5215e-06,4.8006e-06,4.5431e-06,4.2155e-06,4.3993e-06,3.9495e-06,3.9703e-06,3.9661e-06,3.9083e-06,3.8541e-06,3.8101e-06,3.7707e-06,3.7217e-06,3.618e-06,3.5144e-06,3.7789e-06,3.4528e-06,3.5938e-06,3.0295e-06,2.9277e-06,2.7386e-06,2.5268e-06,2.2676e-06,2.0663e-06,1.8656e-06,1.8033e-06,1.8869e-06,1.4705e-06,1.9692e-06,1.9744e-06,2.6903e-06,3.1327e-06,3.0751e-06,3.8548e-06,4.1417e-06,4.0206e-06,3.5005e-06,3.4803e-06,2.9222e-06,2.363e-06,2.169e-06,1.8241e-06,1.9792e-06,1.7034e-06,1.9138e-06,1.9164e-06,1.6814e-06,1.4464e-06,1.4061e-06,1.32e-06,1.7051e-06,2.0327e-06,2.327e-06,3.2574e-06,3.6523e-06,4.2741e-06,4.4845e-06,4.2929e-06,4.4246e-06,4.5486e-06,5.0068e-06,5.1032e-06,4.7989e-06,4.7749e-06,4.7508e-06,4.5243e-06,4.7677e-06,4.4958e-06,4.1992e-06,3.4778e-06,2.7904e-06,2.0788e-06,1.5896e-06,1.2262e-06,1.3628e-06,8.9908e-07,4.3485e-07,8.3894e-07,1.103e-06,1.3917e-06,1.8e-06,1.6714e-06,2.298e-06,2.4821e-06,2.8149e-06,3.8227e-06,3.8301e-06,4.0738e-06,4.3205e-06,4.6702e-06,4.6217e-06,4.0762e-06,3.7134e-06,3.3505e-06,3.0333e-06,2.782e-06,2.5149e-06,2.7233e-06,2.9238e-06,2.9028e-06,2.8818e-06,3.0951e-06,3.1827e-06,3.1477e-06,2.8566e-06,2.5425e-06,2.5359e-06,2.5293e-06,3.0602e-06,3.1095e-06,3.7584e-06,4.1222e-06,3.986e-06,4.7396e-06,5.0262e-06,5.0254e-06,4.7001e-06,4.4295e-06,4.3886e-06,4.3477e-06,4.4201e-06,4.5973e-06,5.3092e-06,5.5683e-06,5.817e-06,5.4214e-06,5.5258e-06,5.3238e-06,4.9981e-06,4.4549e-06,4.0326e-06,4.1104e-06,3.7395e-06,3.8648e-06,4.3904e-06,4.38e-06,4.8627e-06,5.0576e-06,5.2334e-06,5.1868e-06,5.2548e-06,5.4554e-06,5.9764e-06,5.9667e-06,6.4515e-06,6.5044e-06,6.9212e-06,7.1784e-06,7.565e-06,7.6241e-06,8.1832e-06,8.7166e-06,8.8639e-06,9.0377e-06,9.2436e-06,9.7342e-06,9.2135e-06,9.1927e-06,8.8129e-06,7.4599e-06,6.3383e-06,4.7845e-06,3.7338e-06,2.9991e-06,2.1472e-06,2.8138e-06,3.3896e-06,4.01e-06,5.1401e-06,5.747e-06,6.8831e-06,7.7802e-06,8.4304e-06,9.6327e-06,9.8349e-06,1.0915e-05,1.1656e-05,1.2045e-05,1.2827e-05,1.3493e-05,1.4524e-05,1.4788e-05,1.5525e-05,1.5346e-05,1.4475e-05,1.3939e-05,1.2592e-05,1.0162e-05,8.4239e-06,5.8431e-06,4.2071e-06,2.2284e-06,5.5295e-07,-6.6711e-07,-1.6135e-06,-2.1745e-06,-1.587e-06,-3.3213e-07,1.1276e-06,3.5562e-06,6.1867e-06,8.9576e-06,1.1728e-05,1.4672e-05,1.6998e-05,1.8639e-05,1.9756e-05,2.0372e-05,1.9949e-05,1.8757e-05,1.7911e-05,1.6315e-05,1.427e-05,1.1656e-05,1.0043e-05,7.1119e-06,4.0484e-06,1.2014e-06,-9.2353e-07,-1.9792e-06,-2.6602e-06,-2.8411e-06,-1.5586e-06,1.8352e-07,2.3572e-06,4.8746e-06,7.5734e-06,9.9917e-06,1.191e-05,1.4224e-05,1.641e-05,1.8276e-05,1.9789e-05,2.125e-05,2.1999e-05,2.2249e-05,2.0413e-05,1.8464e-05,1.6611e-05,1.3484e-05,1.1078e-05,8.2733e-06,5.8466e-06,3.3147e-06,1.6487e-06,-3.8414e-07,-1.7049e-06,-1.9855e-06,-1.8857e-06,-1.2859e-06,4.3484e-07,2.1934e-06,4.8667e-06,7.8315e-06,1.096e-05,1.3631e-05,1.5528e-05,1.7714e-05,1.9515e-05,2.105e-05,2.1857e-05,2.2198e-05,2.2317e-05,2.1435e-05,2.0087e-05,1.8249e-05,1.4827e-05,1.2276e-05,9.2043e-06,6.9877e-06,4.4498e-06,1.8513e-06,-2.1627e-07,-2.2848e-06,-4.4157e-06,-5.5466e-06,-6.4456e-06,-6.6661e-06,-5.9122e-06,-3.8685e-06,-1.5414e-06,1.5978e-06,4.4644e-06,8.2289e-06,1.1021e-05,1.4077e-05,1.7627e-05,2.0177e-05,2.2798e-05,2.4508e-05,2.6403e-05,2.649e-05,2.6e-05,2.4191e-05,2.1382e-05,1.7756e-05,1.3972e-05,9.6382e-06,4.8886e-06,1.409e-06,-2.3494e-06,-5.6077e-06,-8.5378e-06,-1.0802e-05,-1.2206e-05,-1.2391e-05,-1.1576e-05,-9.4844e-06,-6.0371e-06,-1.6873e-06,3.0184e-06,7.3469e-06,1.2253e-05,1.6159e-05,1.9488e-05,2.291e-05,2.5901e-05,2.7074e-05,2.7733e-05,2.7818e-05,2.5904e-05,2.4072e-05,2.074e-05,1.6601e-05,1.1674e-05,7.6607e-06,2.7014e-06,-9.0255e-07,-5.0803e-06,-7.7921e-06,-1.0428e-05,-1.1489e-05,-1.1109e-05,-1.0234e-05,-8.3584e-06,-5.1297e-06,-1.2326e-06,2.8847e-06,6.7888e-06,1.1802e-05,1.6707e-05,2.0662e-05,2.4687e-05,2.7211e-05,2.9743e-05,3.141e-05,3.1881e-05,3.0586e-05,2.8808e-05,2.5719e-05,2.2551e-05,1.8496e-05,1.331e-05,8.4981e-06,4.1441e-06,-5.3161e-07,-4.841e-06,-8.1623e-06,-1.0989e-05,-1.2982e-05,-1.3665e-05,-1.2917e-05,-1.0695e-05,-7.5081e-06,-3.2756e-06,2.3516e-06,8.1158e-06,1.5657e-05,2.1085e-05,2.7657e-05,3.3669e-05,3.7336e-05,4.1107e-05,4.215e-05,4.0866e-05,3.88e-05,3.4014e-05,2.8211e-05,1.9809e-05,1.2192e-05,3.9294e-06,-4.2268e-06,-1.1953e-05,-1.8741e-05,-2.4124e-05,-2.6962e-05,-2.7986e-05,-2.6605e-05,-2.3241e-05,-1.6701e-05,-9.0857e-06,-2.0503e-07,8.4242e-06,1.7037e-05,2.582e-05,3.3658e-05,3.8439e-05,4.3501e-05,4.5087e-05,4.6422e-05,4.5992e-05,4.2909e-05,3.7905e-05,3.1829e-05,2.4653e-05,1.6805e-05,8.9568e-06,4.8126e-07,-7.1119e-06,-1.4271e-05,-1.993e-05,-2.4783e-05,-2.8834e-05,-3.0566e-05,-3.0745e-05,-2.9888e-05,-2.5988e-05,-2.1087e-05,-1.4191e-05,-5.9588e-06,3.2308e-06,1.1385e-05,2.0442e-05,2.9526e-05,3.7938e-05,4.5135e-05,5.0407e-05,5.4454e-05,5.6638e-05,5.7256e-05,5.4994e-05,4.9551e-05,4.2199e-05,3.3587e-05,2.2674e-05,1.2904e-05,1.3331e-06,-8.8951e-06,-1.8634e-05,-2.6789e-05,-3.3057e-05,-3.7803e-05,-4.012e-05,-4.0022e-05,-3.8058e-05,-3.2949e-05,-2.6339e-05,-1.5436e-05,-5.295e-06,6.6538e-06,1.839e-05,2.9754e-05,4.0322e-05,4.9289e-05,5.5455e-05,6.1472e-05,6.2149e-05,6.1326e-05,5.5959e-05,4.9892e-05,3.9599e-05,2.7891e-05,1.4791e-05,1.6112e-06,-1.1161e-05,-2.2806e-05,-3.2751e-05,-3.9204e-05,-4.466e-05,-4.5264e-05,-4.4762e-05,-4.0482e-05,-3.3455e-05,-2.4468e-05,-1.3692e-05,-1.9741e-06,1.0609e-05,2.2341e-05,3.4524e-05,4.4573e-05,5.1543e-05,5.7514e-05,6.0742e-05,6.1809e-05,5.94e-05,5.4992e-05,4.8664e-05,4.0295e-05,3.0857e-05,2.0956e-05,9.7624e-06,-8.6794e-07,-1.07e-05,-2.0288e-05,-2.7068e-05,-3.2187e-05,-3.5714e-05,-3.6527e-05,-3.578e-05,-3.3452e-05,-2.963e-05,-2.6049e-05,-1.9951e-05,-1.2678e-05,-4.8471e-06,2.4835e-06,1.1241e-05,2.0877e-05,2.9823e-05,3.7292e-05,4.371e-05,4.9683e-05,5.4163e-05,5.8757e-05,6.0146e-05,6.0156e-05,5.6452e-05,5.0598e-05,4.3744e-05,3.2391e-05,2.2133e-05,9.9773e-06,-2.856e-06,-1.4285e-05,-2.4473e-05,-3.3801e-05,-4.1821e-05,-4.7449e-05,-4.9892e-05,-5.0333e-05,-4.7076e-05,-4.0839e-05,-3.239e-05,-2.1941e-05,-7.6648e-06,5.444e-06,1.9303e-05,3.1624e-05,4.1393e-05,5.1707e-05,5.8205e-05,6.1542e-05,6.4135e-05,6.2537e-05,5.8331e-05,5.1185e-05,4.251e-05,3.1908e-05,1.9794e-05,7.2772e-06,-4.7462e-06,-1.6404e-05,-2.5475e-05,-3.4174e-05,-3.909e-05,-4.2915e-05,-4.2574e-05,-4.1366e-05,-3.6098e-05,-3.1012e-05,-2.2775e-05,-1.3763e-05,-5.2058e-06,6.725e-06,1.5676e-05,2.5504e-05,3.2202e-05,3.9173e-05,4.4631e-05,4.7258e-05,4.9163e-05,4.9481e-05,4.8113e-05,4.5491e-05,4.0552e-05,3.4606e-05,2.7137e-05,1.9559e-05,1.0751e-05,3.3742e-06,-3.0232e-06,-9.6445e-06,-1.3979e-05,-1.7006e-05,-1.9413e-05,-2.0657e-05,-2.0978e-05,-2.0463e-05,-1.9071e-05,-1.6642e-05,-1.418e-05,-9.2125e-06,-5.1641e-06,9.1586e-07,5.0838e-06,9.3586e-06,1.3376e-05,1.6509e-05,2.0827e-05,2.3004e-05,2.553e-05,2.874e-05,3.0228e-05,3.1354e-05,2.9979e-05,2.9178e-05,2.5548e-05,2.1055e-05,1.5553e-05,9.2317e-06,3.4511e-06,-2.084e-06,-6.5604e-06,-1.1208e-05,-1.514e-05,-1.7546e-05,-2.0009e-05,-1.8984e-05,-1.8676e-05,-1.4257e-05,-1.0338e-05,-3.8811e-06,4.0267e-06,1.1107e-05,1.9116e-05,2.5477e-05,3.2671e-05,3.8682e-05,4.2125e-05,4.4902e-05,4.5868e-05,4.5342e-05,4.2362e-05,3.918e-05,3.1303e-05,2.3426e-05,1.3629e-05,4.185e-06,-5.7031e-06,-1.5523e-05,-2.3633e-05,-2.9699e-05,-3.4377e-05,-3.7194e-05,-3.6386e-05,-3.4868e-05,-2.9897e-05,-2.2452e-05,-1.3489e-05,-1.4183e-06,9.2999e-06,2.1472e-05,3.1706e-05,4.105e-05,4.904e-05,5.3961e-05,5.703e-05,5.647e-05,5.4814e-05,4.9469e-05,4.3625e-05,3.4531e-05,2.4261e-05,1.2672e-05,7.9243e-07,-1.0441e-05,-2.0818e-05,-2.8897e-05,-3.478e-05,-3.8596e-05,-3.9838e-05,-3.7615e-05,-3.4802e-05,-3.093e-05,-2.495e-05,-1.7138e-05,-8.2017e-06,1.3748e-06,1.0389e-05,2.0988e-05,2.9313e-05,3.7305e-05,4.351e-05,4.7306e-05,5.0131e-05,5.0221e-05,4.9597e-05,4.6395e-05,4.1917e-05,3.5915e-05,3.0107e-05,2.1704e-05,1.3709e-05,4.5681e-06,-3.907e-06,-1.1589e-05,-1.8122e-05,-2.3721e-05,-2.7121e-05,-2.9171e-05,-2.9907e-05,-2.8004e-05,-2.5138e-05,-2.1298e-05,-1.5986e-05,-1.0813e-05,-4.5002e-06,2.2762e-06,8.8107e-06,1.6067e-05,2.2399e-05,2.7231e-05,3.3336e-05,3.6333e-05,3.8329e-05,3.9286e-05,3.7916e-05,3.6141e-05,3.216e-05,2.8341e-05,2.301e-05,1.6696e-05,1.0131e-05,2.7514e-06,-4.1778e-06,-1.0947e-05,-1.6712e-05,-2.0775e-05,-2.3838e-05,-2.4503e-05,-2.382e-05,-2.156e-05,-1.8736e-05,-1.652e-05,-1.1874e-05,-6.698e-06,-1.3533e-06,4.8119e-06,1.1086e-05,1.6395e-05,2.2675e-05,2.6133e-05,3.0514e-05,3.3006e-05,3.4781e-05,3.5589e-05,3.569e-05,3.5065e-05,3.24e-05,2.9639e-05,2.5978e-05,2.1406e-05,1.6221e-05,1.0564e-05,4.2491e-06,-1.3424e-06,-5.934e-06,-1.0857e-05,-1.5299e-05,-1.9337e-05,-2.2088e-05,-2.4391e-05,-2.5177e-05,-2.4618e-05,-2.3268e-05,-1.9712e-05,-1.6128e-05,-1.0952e-05,-5.2228e-06,5.7842e-07,8.0063e-06,1.4322e-05,2.1706e-05,2.8028e-05,3.428e-05,3.928e-05,4.3898e-05,4.57e-05,4.6993e-05,4.672e-05,4.389e-05,4.0847e-05,3.5714e-05,2.8179e-05,2.1258e-05,1.2355e-05,3.1843e-06,-5.9188e-06,-1.4267e-05,-2.1718e-05,-2.7987e-05,-3.1669e-05,-3.4494e-05,-3.5346e-05,-3.4477e-05,-3.2314e-05,-2.6686e-05,-2.0663e-05,-1.2771e-05,-4.3779e-06,4.679e-06,1.3318e-05,2.1265e-05,2.9366e-05,3.5521e-05,4.0744e-05,4.3937e-05,4.5524e-05,4.6111e-05,4.4467e-05,4.132e-05,3.5981e-05,3.0083e-05,2.3574e-05,1.5971e-05,8.6302e-06,4.2722e-07,-6.7873e-06,-1.1278e-05,-1.6058e-05,-1.9059e-05,-2.0787e-05,-2.2179e-05,-2.166e-05,-1.937e-05,-1.6596e-05,-1.323e-05,-8.2741e-06,-3.7236e-06,1.5758e-06,6.2751e-06,1.0861e-05,1.4924e-05,1.9369e-05,2.2773e-05,2.5452e-05,2.7882e-05,2.8649e-05,3.0215e-05,2.9391e-05,2.8977e-05,2.8791e-05,2.7623e-05,2.5089e-05,2.279e-05,1.9344e-05,1.6489e-05,1.2609e-05,7.7576e-06,3.7284e-06,-8.8022e-07,-5.0234e-06,-9.2958e-06,-1.3853e-05,-1.641e-05,-1.8709e-05,-1.9247e-05,-1.9536e-05,-1.8183e-05,-1.5101e-05,-1.1575e-05,-7.0296e-06,1.1426e-07,5.6495e-06,1.4735e-05,2.0473e-05,2.7331e-05,3.2343e-05,3.7667e-05,4.0029e-05,4.1105e-05,3.9845e-05,3.8077e-05,3.2701e-05,2.7571e-05,1.9455e-05,1.1819e-05,3.05e-06,-4.787e-06,-1.219e-05,-1.9218e-05,-2.3418e-05,-2.7454e-05,-2.8173e-05,-2.6791e-05,-2.4303e-05,-1.8696e-05,-1.2333e-05,-3.8643e-06,4.0273e-06,1.4047e-05,2.1957e-05,3.0024e-05,3.7465e-05,4.317e-05,4.6856e-05,5.0383e-05,4.9775e-05,4.7893e-05,4.521e-05,3.936e-05,3.2523e-05,2.5187e-05,1.5787e-05,7.8654e-06,-9.508e-07,-7.2396e-06,-1.3123e-05,-1.8322e-05,-2.1716e-05,-2.3459e-05,-2.3675e-05,-2.1952e-05,-1.9549e-05,-1.6351e-05,-1.1427e-05,-7.878e-06,-2.8292e-06,1.0867e-06,6.2138e-06,1.0056e-05,1.3606e-05,1.6552e-05,1.941e-05,2.1057e-05,2.2825e-05,2.3623e-05,2.3982e-05,2.3841e-05,2.3265e-05,2.3292e-05,2.1228e-05,1.995e-05,1.6927e-05,1.4129e-05,1.1333e-05,7.8583e-06,4.298e-06,1.2055e-06,-2.387e-06,-4.7482e-06,-7.6817e-06,-9.2152e-06,-1.0519e-05,-1.0683e-05,-1.0879e-05,-1.0159e-05,-7.9158e-06,-5.2171e-06,-2.78e-06,-1.5542e-07,2.9676e-06,6.3183e-06,9.0284e-06,1.2108e-05,1.4487e-05,1.6672e-05,1.8311e-05,1.9331e-05,1.9865e-05,1.9111e-05,1.8358e-05,1.7156e-05,1.5562e-05,1.4041e-05,1.2385e-05,1.0104e-05,8.918e-06,7.3417e-06,6.3295e-06,5.2334e-06,4.8867e-06,4.5411e-06,3.8568e-06,4.6913e-06,4.2159e-06,4.9131e-06,6.0303e-06,6.3827e-06,6.164e-06,6.6733e-06,7.1826e-06,6.9191e-06,7.1508e-06,7.5489e-06,7.8407e-06,7.203e-06,7.1902e-06,7.1442e-06,6.5127e-06,5.8455e-06,4.4974e-06,3.6494e-06,2.5723e-06,1.8185e-06,1.4189e-06,1.414e-06,1.5951e-06,2.5282e-06,3.136e-06,4.8407e-06,6.5455e-06,8.5062e-06,9.9536e-06,1.2936e-05,1.5711e-05,1.7582e-05,1.9286e-05,2.0358e-05,2.0896e-05,2.0819e-05,1.9661e-05,1.7794e-05,1.657e-05,1.3413e-05,1.076e-05,7.1027e-06,4.4453e-06,1.4693e-06,-2.0523e-06,-4.4553e-06,-6.0046e-06,-8.3664e-06,-9.1887e-06,-9.0726e-06,-8.6771e-06,-7.4425e-06,-6.0254e-06,-3.7722e-06,-1.9826e-06,-3.6603e-07,1.4015e-06,2.7147e-06,3.9651e-06,4.8669e-06,5.2687e-06,5.8614e-06,6.5427e-06,7.2175e-06,7.8154e-06,8.292e-06,9.5964e-06,9.7807e-06,1.1138e-05,1.1995e-05,1.3015e-05,1.3372e-05,1.3654e-05,1.3634e-05,1.2986e-05,1.1341e-05,1.0893e-05,8.9954e-06,6.0218e-06,4.6287e-06,2.8971e-06,1.0638e-06,-1.8107e-07,-1.3521e-06,-2.3606e-06,-2.3978e-06,-2.514e-06,-2.1957e-06,-1.3552e-06,-6.4071e-07,5.7378e-07,1.6636e-06,2.2387e-06,3.2408e-06,3.6805e-06,4.1137e-06,4.5181e-06,4.9224e-06,4.9356e-06,5.0123e-06,5.7824e-06,6.2643e-06,6.8078e-06,7.6144e-06,8.421e-06,9.2577e-06,1.0386e-05,1.0641e-05,1.1206e-05,1.1771e-05,1.23e-05,1.1647e-05,1.0966e-05,1.0485e-05,9.6855e-06,8.5756e-06,7.9133e-06,6.5759e-06,5.6286e-06,4.5556e-06,4.3746e-06,3.7137e-06,3.8298e-06,3.9531e-06,4.4693e-06,5.125e-06,5.936e-06,6.5539e-06,7.1719e-06,7.8177e-06,8.545e-06,9.1866e-06,9.2433e-06,9.7707e-06,9.6276e-06,9.5349e-06,9.4031e-06,8.7733e-06,8.3128e-06,8.5253e-06,8.3091e-06,8.5329e-06,8.7566e-06,8.8636e-06,8.6858e-06,8.319e-06,8.2939e-06,7.7688e-06,7.5545e-06,7.3036e-06,6.7326e-06,6.3186e-06,5.7989e-06,5.5555e-06,4.8122e-06,4.5393e-06,4.1103e-06,4.017e-06,3.675e-06,4.3356e-06,4.8761e-06,5.4166e-06,5.5021e-06,6.1013e-06,6.2712e-06,6.5291e-06,6.318e-06,6.2437e-06,6.1695e-06,6.1533e-06,6.1556e-06,6.1712e-06,6.215e-06,6.2592e-06,6.3591e-06,6.4591e-06,6.5962e-06,6.759e-06,6.9754e-06,6.7873e-06,7.1295e-06,7.0615e-06,7.0189e-06,6.9656e-06,6.9425e-06,7.4238e-06,7.4352e-06,7.9326e-06,8.2334e-06,8.5343e-06,8.4504e-06,8.7923e-06,8.4075e-06,7.8364e-06,7.6682e-06,7.3548e-06,7.5414e-06,7.3337e-06,7.6795e-06,7.5188e-06,7.8768e-06,8.3771e-06,9.0384e-06,8.7275e-06,8.5079e-06,8.8561e-06,9.1904e-06,9.5345e-06,9.9988e-06,1.0442e-05,1.0968e-05,1.15e-05,1.2085e-05,1.2263e-05,1.2393e-05,1.2824e-05,1.3358e-05,1.3536e-05,1.3972e-05,1.3936e-05,1.4309e-05,1.4683e-05,1.4461e-05,1.4911e-05,1.5203e-05,1.5856e-05,1.6037e-05,1.6327e-05,1.5491e-05,1.4618e-05,1.4233e-05,1.3098e-05,1.2088e-05,1.1535e-05,1.0075e-05,9.6153e-06,8.5865e-06,7.8017e-06,6.916e-06,6.3295e-06,6.2429e-06,6.3744e-06,6.5104e-06,6.9483e-06,8.068e-06,8.2835e-06,8.7593e-06,9.2632e-06,9.7981e-06,9.8347e-06,1.0292e-05,1.0164e-05,9.9711e-06,9.6521e-06,9.3202e-06,9.3712e-06,8.9221e-06,8.9268e-06,8.9086e-06,8.8511e-06,8.7076e-06,9.064e-06,8.6847e-06,8.7951e-06,8.694e-06,8.4536e-06,8.1125e-06,7.9648e-06,7.8171e-06,7.7865e-06,7.2095e-06,7.3297e-06,6.9001e-06,6.8304e-06,7.3122e-06,7.294e-06,7.982e-06,8.7878e-06,9.5156e-06,1.0412e-05,1.113e-05,1.2329e-05,1.3028e-05,1.375e-05,1.3975e-05,1.433e-05,1.42e-05,1.408e-05,1.337e-05,1.2659e-05,1.2715e-05,1.2269e-05,1.2202e-05,1.2058e-05,1.1899e-05,1.1695e-05,1.1479e-05,1.1268e-05,1.1557e-05,1.1249e-05,1.1897e-05,1.1866e-05,1.1607e-05,1.1326e-05,1.0901e-05,1.056e-05,9.7217e-06,9.1296e-06,8.939e-06,8.4733e-06,8.0076e-06,7.5434e-06,7.0794e-06,6.7752e-06,6.6001e-06,6.5003e-06,7.2052e-06,7.9102e-06,8.824e-06,1.0186e-05,1.0693e-05,1.1746e-05,1.2305e-05,1.2805e-05,1.2889e-05,1.2966e-05,1.3043e-05,1.2605e-05,1.2154e-05,1.1684e-05,1.1131e-05,1.067e-05,9.8903e-06,9.0431e-06,7.9716e-06,6.583e-06,5.6541e-06,4.0823e-06,3.5106e-06,2.4446e-06,2.1706e-06,2.4077e-06,1.9786e-06,2.0259e-06,2.1462e-06,2.2665e-06,2.8119e-06,3.8248e-06,4.4556e-06,6.3139e-06,7.6723e-06,9.5602e-06,1.1734e-05,1.3541e-05,1.4982e-05,1.6921e-05,1.8801e-05,2.0081e-05,2.0878e-05,2.1265e-05,2.1238e-05,2.07e-05,1.9662e-05,1.8845e-05,1.7409e-05,1.5766e-05,1.3671e-05,1.151e-05,9.3247e-06,7.4719e-06,5.3593e-06,3.3106e-06,1.8676e-06,5.4334e-07,2.191e-07,-7.1159e-08,3.1083e-07,6.4132e-07,1.3327e-06,3.0242e-06,4.5664e-06,5.5636e-06,7.4984e-06,9.7605e-06,1.1226e-05,1.2841e-05,1.4924e-05,1.5725e-05,1.7375e-05,1.8221e-05,1.8767e-05,1.9058e-05,1.9477e-05,1.9506e-05,1.8816e-05,1.8326e-05,1.7649e-05,1.6954e-05,1.5937e-05,1.4923e-05,1.3925e-05,1.2427e-05,1.1186e-05,9.7966e-06,8.1246e-06,6.6716e-06,5.2186e-06,3.9227e-06,2.4636e-06,1.9398e-06,1.3407e-06,1.5121e-06,6.7935e-07,1.5579e-06,1.5335e-06,2.5931e-06,3.8438e-06,5.0952e-06,6.8189e-06,8.048e-06,9.9266e-06,1.094e-05,1.1939e-05,1.3438e-05,1.3716e-05,1.4302e-05,1.445e-05,1.4158e-05,1.3866e-05,1.395e-05,1.3449e-05,1.2458e-05,1.2062e-05,1.0736e-05,9.6243e-06,8.6654e-06,8.2979e-06,7.0935e-06,6.7541e-06,6.4746e-06,6.6869e-06,6.1719e-06,6.6968e-06,7.2217e-06,7.2708e-06,7.325e-06,7.3332e-06,7.7461e-06,8.159e-06,7.4193e-06,7.1466e-06,7.8115e-06,7.3439e-06,6.8763e-06,6.1665e-06,6.0424e-06,5.5995e-06,4.8615e-06,5.1236e-06,4.3381e-06,3.0457e-06,3.3828e-06,2.8313e-06,1.8079e-06,1.733e-06,1.1556e-06,9.3845e-07,1.118e-06,1.3034e-06,2.0931e-06,2.3696e-06,3.9065e-06,4.5996e-06,6.3525e-06,7.589e-06,9.3256e-06,1.1337e-05,1.2525e-05,1.3736e-05,1.4221e-05,1.5119e-05,1.596e-05,1.5355e-05,1.511e-05,1.5167e-05,1.3791e-05,1.2635e-05,1.1971e-05,1.0203e-05,8.369e-06,7.0353e-06,5.0581e-06,3.6099e-06,3.037e-06,1.4031e-06,1.216e-06,1.2003e-06,6.8372e-07,1.313e-06,1.7492e-06,2.5945e-06,3.4047e-06,4.7149e-06,5.1544e-06,6.2774e-06,6.9132e-06,8.1652e-06,8.9172e-06,1.0425e-05,1.1329e-05,1.2199e-05,1.3432e-05,1.4164e-05,1.4942e-05,1.524e-05,1.6759e-05,1.6956e-05,1.6653e-05,1.6832e-05,1.7297e-05,1.639e-05,1.6914e-05,1.6405e-05,1.6442e-05,1.6379e-05,1.5344e-05,1.5789e-05,1.4799e-05,1.4169e-05,1.2971e-05,1.1773e-05,1.0216e-05,8.5105e-06,7.462e-06,4.2589e-06,2.5558e-06,-2.4795e-07,-2.9485e-06,-4.3892e-06,-6.3578e-06,-7.091e-06,-8.5498e-06,-9.121e-06,-7.8734e-06,-7.6225e-06,-5.6061e-06,-3.4926e-06,-8.4388e-07,2.0815e-06,5.8117e-06,9.5594e-06,1.2204e-05,1.567e-05,1.8636e-05,2.0229e-05,2.2429e-05,2.3075e-05,2.3493e-05,2.3135e-05,2.2583e-05,2.0083e-05,1.8083e-05,1.5929e-05,1.3535e-05,1.0405e-05,8.8802e-06,6.1537e-06,4.855e-06,3.0745e-06,1.979e-06,1.9957e-06,2.0123e-06,1.9917e-06,2.099e-06,3.2009e-06,3.8053e-06,4.2832e-06,5.0146e-06,6.2049e-06,6.2079e-06,6.5927e-06,8.2828e-06,8.0502e-06,8.4084e-06,8.457e-06,9.5051e-06,1.0346e-05,1.0344e-05,1.153e-05,1.1361e-05,1.31e-05,1.3075e-05,1.3896e-05,1.499e-05,1.5657e-05,1.5606e-05,1.6825e-05,1.6544e-05,1.7177e-05,1.719e-05,1.7204e-05,1.7492e-05,1.7416e-05,1.6475e-05,1.6147e-05,1.5318e-05,1.458e-05,1.3427e-05,1.2164e-05,1.0505e-05,9.2949e-06,8.3211e-06,6.012e-06,3.9824e-06,1.858e-06,2.6958e-07,-8.1883e-07,-2.3631e-06,-4.3108e-06,-4.5617e-06,-4.6168e-06,-4.6718e-06,-3.1654e-06,-1.6322e-06,-9.5237e-07,1.9223e-06,4.0647e-06,6.816e-06,1.0397e-05,1.2979e-05,1.6356e-05,1.933e-05,2.2313e-05,2.4401e-05,2.6489e-05,2.8048e-05,2.8569e-05,2.859e-05,2.8545e-05,2.7478e-05,2.5908e-05,2.2996e-05,2.0892e-05,1.8271e-05,1.5632e-05,1.2993e-05,1.0658e-05,7.7762e-06,4.9716e-06,2.9674e-06,1.6057e-06,-4.9535e-07,-1.8701e-06,-2.2448e-06,-2.4683e-06,-2.172e-06,-1.8728e-06,-1.0271e-06,1.2288e-06,2.6614e-06,4.7742e-06,7.2795e-06,9.5147e-06,1.1835e-05,1.4156e-05,1.6842e-05,1.8647e-05,1.9901e-05,2.2328e-05,2.2856e-05,2.3629e-05,2.3754e-05,2.2379e-05,2.2236e-05,2.0063e-05,1.8834e-05,1.7174e-05,1.4081e-05,1.2486e-05,1.0352e-05,7.8154e-06,6.3965e-06,5.4238e-06,4.951e-06,4.116e-06,3.9392e-06,3.4283e-06,3.5528e-06,4.5826e-06,5.1124e-06,6.0836e-06,7.4299e-06,7.352e-06,8.4886e-06,1.0125e-05,1.0179e-05,1.1279e-05,1.238e-05,1.2831e-05,1.4085e-05,1.4322e-05,1.5465e-05,1.6551e-05,1.7636e-05,1.7322e-05,1.8056e-05,1.8299e-05,1.9162e-05,1.9026e-05,1.9052e-05,1.9468e-05,1.9384e-05,1.9616e-05,1.911e-05,1.9103e-05,1.8851e-05,1.8431e-05,1.8011e-05,1.6953e-05,1.5792e-05,1.3834e-05,1.2501e-05,1.0483e-05,9.4655e-06,6.6272e-06,5.1446e-06,3.5543e-06,1.8029e-06,1.035e-06,9.0774e-08,-1.8317e-07,-9.7669e-07,-9.1091e-07,-4.7113e-07,4.6865e-07,1.8517e-06,2.6647e-06,4.0234e-06,6.0869e-06,8.1702e-06,1.0277e-05,1.2319e-05,1.4358e-05,1.652e-05,1.9028e-05,2.1035e-05,2.3667e-05,2.4043e-05,2.586e-05,2.7234e-05,2.7209e-05,2.7119e-05,2.7501e-05,2.5939e-05,2.4815e-05,2.3282e-05,2.1184e-05,1.873e-05,1.6378e-05,1.4526e-05,1.2026e-05,1.0184e-05,8.8408e-06,6.1078e-06,5.4266e-06,4.2455e-06,4.4001e-06,3.7921e-06,3.9639e-06,4.371e-06,5.278e-06,6.4181e-06,6.6845e-06,6.5415e-06,7.5559e-06,7.6345e-06,7.183e-06,6.7556e-06,6.1634e-06,6.2108e-06,4.8594e-06,5.099e-06,4.172e-06,5.1144e-06,4.8741e-06,5.0839e-06,7.063e-06,7.4335e-06,9.3506e-06,1.2283e-05,1.4715e-05,1.733e-05,2.0149e-05,2.2468e-05,2.4289e-05,2.6958e-05,2.8643e-05,2.9048e-05,2.9793e-05,2.8906e-05,2.7173e-05,2.6322e-05,2.3425e-05,2.0773e-05,1.7583e-05,1.4225e-05,1.1857e-05,8.9025e-06,5.7396e-06,3.0767e-06,2.3828e-06,1.479e-07,-1.087e-06,-9.1793e-07,-1.285e-06,-1.6996e-06,-2.948e-07,6.7486e-08,2.3929e-06,3.5423e-06,4.6918e-06,6.9117e-06,8.5826e-06,1.0809e-05,1.275e-05,1.5757e-05,1.7299e-05,2.0205e-05,2.1105e-05,2.3176e-05,2.4531e-05,2.5862e-05,2.6932e-05,2.6214e-05,2.6943e-05,2.5457e-05,2.495e-05,2.3026e-05,2.0223e-05,1.9341e-05,1.6043e-05,1.4671e-05,1.188e-05,9.5977e-06,7.8788e-06,4.7515e-06,3.9249e-06,3.1965e-06,2.4681e-06,1.9537e-06,2.8063e-06,3.6851e-06,5.2111e-06,7.237e-06,9.5436e-06,1.0816e-05,1.3089e-05,1.5158e-05,1.6298e-05,1.7439e-05,1.6955e-05,1.7331e-05,1.7706e-05,1.6033e-05,1.5317e-05,1.3912e-05,1.3779e-05,1.1957e-05,1.1689e-05,1.0782e-05,1.0968e-05,1.1656e-05,1.2446e-05,1.2683e-05,1.4391e-05,1.6731e-05,1.757e-05,1.989e-05,2.1397e-05,2.2403e-05,2.2177e-05,2.169e-05,2.181e-05,1.9762e-05,1.8215e-05,1.4234e-05,1.1111e-05,7.4881e-06,2.7247e-06,-6.249e-07,-5.1781e-06,-7.658e-06,-1.038e-05,-1.1341e-05,-1.2185e-05,-1.0907e-05,-1.0117e-05,-5.8535e-06,-1.59e-06,2.704e-06,8.3724e-06,1.4041e-05,1.9619e-05,2.4896e-05,3.042e-05,3.4636e-05,3.8621e-05,4.2057e-05,4.3266e-05,4.4227e-05,4.3444e-05,4.1601e-05,3.8411e-05,3.4243e-05,2.9052e-05,2.3807e-05,1.7431e-05,1.1399e-05,4.8712e-06,-9.1642e-08,-6.0518e-06,-9.3168e-06,-1.2106e-05,-1.4845e-05,-1.5255e-05,-1.6189e-05,-1.4728e-05,-1.2383e-05,-9.8871e-06,-7.2484e-06,-2.9558e-06,1.8598e-06,6.1745e-06,1.0477e-05,1.5279e-05,1.9961e-05,2.3306e-05,2.7028e-05,2.92e-05,3.1112e-05,3.2523e-05,3.1323e-05,2.9425e-05,2.6928e-05,2.4259e-05,2.0853e-05,1.6213e-05,1.1075e-05,6.6804e-06,2.3677e-06,-6.2676e-08,-4.1666e-06,-6.3202e-06,-5.91e-06,-6.5061e-06,-4.0515e-06,-1.0798e-06,1.2218e-06,6.4583e-06,1.1695e-05,1.6702e-05,2.144e-05,2.6161e-05,3.0214e-05,3.2493e-05,3.5287e-05,3.5797e-05,3.4803e-05,3.3975e-05,2.996e-05,2.6292e-05,2.1511e-05,1.4343e-05,9.2183e-06,2.551e-06,-4.014e-06,-8.4414e-06,-1.3511e-05,-1.5945e-05,-1.8379e-05,-1.9509e-05,-1.8869e-05,-1.7637e-05,-1.3748e-05,-9.8601e-06,-5.545e-06,-8.941e-08,5.6692e-06,1.2038e-05,1.8481e-05,2.4627e-05,3.0004e-05,3.5504e-05,3.9326e-05,4.1538e-05,4.3123e-05,4.4205e-05,4.1533e-05,3.8861e-05,3.4971e-05,2.8291e-05,2.2589e-05,1.6243e-05,9.632e-06,3.0213e-06,-2.6741e-06,-8.392e-06,-1.3162e-05,-1.5438e-05,-1.7798e-05,-1.8159e-05,-1.7651e-05,-1.5985e-05,-1.3319e-05,-9.9321e-06,-5.2842e-06,8.576e-08,4.6034e-06,9.621e-06,1.536e-05,1.9359e-05,2.3858e-05,2.8133e-05,3.0887e-05,3.2642e-05,3.4486e-05,3.4509e-05,3.4033e-05,3.1167e-05,2.9485e-05,2.6802e-05,2.3284e-05,1.9383e-05,1.5675e-05,1.1994e-05,7.724e-06,5.081e-06,1.229e-06,-1.1229e-06,-3.2141e-06,-5.5416e-06,-6.3692e-06,-8.1488e-06,-8.6496e-06,-9.1504e-06,-8.5182e-06,-7.2175e-06,-5.9168e-06,-3.5473e-06,-6.431e-07,2.2611e-06,6.2983e-06,9.9887e-06,1.239e-05,1.6186e-05,1.9482e-05,2.1278e-05,2.4077e-05,2.5875e-05,2.6283e-05,2.7687e-05,2.6978e-05,2.6378e-05,2.416e-05,2.1443e-05,1.9203e-05,1.4755e-05,1.1814e-05,7.9511e-06,3.3484e-06,1.5489e-07,-3.1355e-06,-6.2324e-06,-8.2087e-06,-9.8264e-06,-1.0774e-05,-1.0663e-05,-8.9873e-06,-7.3117e-06,-5.5272e-06,-2.43e-06,1.6808e-06,5.382e-06,8.8119e-06,1.2934e-05,1.6904e-05,1.9586e-05,2.297e-05,2.4985e-05,2.68e-05,2.6614e-05,2.7786e-05,2.6235e-05,2.5247e-05,2.3959e-05,2.1967e-05,2.0677e-05,1.7794e-05,1.6279e-05,1.4429e-05,1.2068e-05,9.7563e-06,8.5485e-06,6.8406e-06,4.7342e-06,3.5873e-06,2.1421e-06,6.912e-07,-8.2765e-07,-1.4718e-06,-3.1072e-06,-4.2426e-06,-5.2966e-06,-6.1414e-06,-6.5247e-06,-5.7959e-06,-5.5671e-06,-4.2139e-06,-2.6894e-06,-6.6487e-07,2.4549e-06,5.9838e-06,7.8164e-06,1.1167e-05,1.3518e-05,1.5742e-05,1.8172e-05,1.9102e-05,2.0184e-05,2.1079e-05,2.0978e-05,2.0994e-05,2.001e-05,1.8054e-05,1.6153e-05,1.3293e-05,1.0073e-05,6.7398e-06,2.828e-06,-1.7828e-07,-3.7183e-06,-6.5939e-06,-9.377e-06,-1.058e-05,-1.25e-05,-1.2844e-05,-1.3519e-05,-1.2395e-05,-1.1429e-05,-9.0331e-06,-6.6986e-06,-4.008e-06,8.2402e-09,2.8589e-06,7.3144e-06,1.1084e-05,1.3737e-05,1.7646e-05,2.1077e-05,2.287e-05,2.486e-05,2.5849e-05,2.5819e-05,2.5887e-05,2.4448e-05,2.2522e-05,1.9528e-05,1.6822e-05,1.2445e-05,8.5291e-06,4.3383e-06,-3.6425e-07,-4.0365e-06,-7.0937e-06,-9.6509e-06,-1.1395e-05,-1.2892e-05,-1.2945e-05,-1.2227e-05,-1.101e-05,-8.9217e-06,-7.0673e-06,-3.7129e-06,-1.5e-06,2.4213e-06,5.3271e-06,7.8969e-06,1.0467e-05,1.2992e-05,1.4435e-05,1.4808e-05,1.5364e-05,1.613e-05,1.4565e-05,1.412e-05,1.3246e-05,1.1489e-05,1.0061e-05,8.6326e-06,6.496e-06,4.7205e-06,2.3253e-06,-1.1675e-07,-2.5588e-06,-4.7214e-06,-6.6469e-06,-8.6012e-06,-9.9823e-06,-1.0863e-05,-1.1605e-05,-1.1702e-05,-1.0798e-05,-9.7783e-06,-8.5168e-06,-6.2088e-06,-4.2392e-06,-1.3926e-06,6.8019e-07,3.6848e-06,6.1895e-06,7.5722e-06,9.8335e-06,1.0098e-05,1.0603e-05,1.0209e-05,9.833e-06,8.0885e-06,6.8383e-06,5.4142e-06,3.49e-06,1.4315e-06,-1.3729e-07,-2.2061e-06,-3.4229e-06,-4.6443e-06,-6.4599e-06,-7.851e-06,-8.7421e-06,-9.6376e-06,-9.8287e-06,-1.0056e-05,-9.5994e-06,-9.6428e-06,-8.5364e-06,-7.2398e-06,-5.993e-06,-3.2755e-06,-1.1288e-06,1.1063e-06,3.576e-06,5.8601e-06,8.7143e-06,1.0998e-05,1.1729e-05,1.3205e-05,1.348e-05,1.4182e-05,1.2812e-05,1.1616e-05,9.6671e-06,7.4027e-06,4.6788e-06,1.9054e-06,-1.0863e-06,-4.1601e-06,-7.0618e-06,-9.3736e-06,-1.152e-05,-1.351e-05,-1.5285e-05,-1.6339e-05,-1.6443e-05,-1.6496e-05,-1.5549e-05,-1.4162e-05,-1.2216e-05,-9.6462e-06,-5.6157e-06,-2.9832e-06,1.7868e-06,5.2592e-06,8.8114e-06,1.2612e-05,1.5199e-05,1.8111e-05,2.0149e-05,2.0809e-05,2.1057e-05,2.0424e-05,1.9353e-05,1.7193e-05,1.5033e-05,1.1723e-05,8.7406e-06,5.4005e-06,2.1718e-06,-1.057e-06,-4.2792e-06,-6.7744e-06,-9.0565e-06,-1.1569e-05,-1.2582e-05,-1.3557e-05,-1.3664e-05,-1.3771e-05,-1.1883e-05,-1.0495e-05,-7.7626e-06,-4.7245e-06,-1.9223e-06,2.6404e-06,5.9406e-06,9.8969e-06,1.3733e-05,1.6177e-05,1.8955e-05,2.0652e-05,2.1247e-05,2.1751e-05,2.1222e-05,2.0367e-05,1.9021e-05,1.6541e-05,1.4288e-05,1.1535e-05,8.4084e-06,5.7739e-06,3.5772e-06,4.0342e-07,-1.572e-06,-3.8813e-06,-5.7726e-06,-6.8125e-06,-8.1915e-06,-8.7032e-06,-8.9085e-06,-9.1775e-06,-8.0546e-06,-6.958e-06,-4.8241e-06,-3.1609e-06,1.6557e-07,2.7138e-06,6.1294e-06,8.7868e-06,1.1289e-05,1.4438e-05,1.6172e-05,1.7347e-05,1.7956e-05,1.7581e-05,1.7061e-05,1.6039e-05,1.4007e-05,1.2466e-05,1.0424e-05,8.2235e-06,5.9929e-06,4.6575e-06,2.6602e-06,1.6297e-06,7.3778e-07,-2.7204e-07,-5.0857e-07,-9.7124e-07,-1.0648e-06,-8.0401e-07,-1.8647e-06,-1.7029e-06,-3.0896e-06,-3.717e-06,-3.8394e-06,-4.4047e-06,-4.8077e-06,-5.0263e-06,-4.609e-06,-3.5459e-06,-2.1821e-06,-6.5346e-07,1.2821e-06,2.6958e-06,4.4586e-06,6.1933e-06,6.928e-06,7.4082e-06,7.4652e-06,6.43e-06,5.6315e-06,3.7893e-06,2.6825e-06,4.3989e-07,-8.6492e-07,-2.4319e-06,-3.999e-06,-4.7473e-06,-5.0775e-06,-5.4878e-06,-5.7952e-06,-5.055e-06,-4.2577e-06,-3.6951e-06,-3.2163e-06,-2.6179e-06,-2.0195e-06,-1.2003e-06,-7.8692e-07,-2.7469e-07,-8.9984e-08,9.4727e-08,2.6179e-07,4.2776e-07,9.0681e-07,1.2075e-06,1.5082e-06,1.5359e-06,1.5835e-06,1.0934e-06,1.0505e-06,5.0766e-07,-2.4767e-07,-1.0714e-06,-1.4044e-06,-1.8015e-06,-2.2517e-06,-2.5611e-06,-2.921e-06,-3.1586e-06,-2.7816e-06,-2.9299e-06,-2.9897e-06,-2.5846e-06,-2.2688e-06,-1.9888e-06,-1.8501e-06,-1.856e-06,-1.9247e-06,-2.0349e-06,-1.6571e-06,-1.7412e-06,-1.6264e-06,-1.5582e-06,-1.4235e-06,-1.3117e-06,-1.4049e-06,-1.3089e-06,-1.1703e-06,-1.3738e-06,-1.5773e-06,-1.365e-06,-1.6696e-06,-1.5569e-06,-1.5349e-06,-1.523e-06,-1.5809e-06,-1.6423e-06,-1.6899e-06,-1.7318e-06,-1.7912e-06,-1.9014e-06,-2.0116e-06,-2.323e-06,-2.1695e-06,-2.1319e-06,-2.2714e-06,-2.3818e-06,-2.641e-06,-2.9477e-06,-2.6709e-06,-2.9154e-06,-2.5926e-06,-2.509e-06,-2.4514e-06,-2.0318e-06,-1.5262e-06,-1.3374e-06,-8.9496e-07,-4.2489e-07,-1.4516e-07,1.9093e-07,8.187e-08,-3.7703e-07,-4.0104e-07,-4.0144e-07,-9.6064e-07,-1.1672e-06,-1.0121e-06,-1.4545e-06,-1.2309e-06,-1.5204e-06,-1.6717e-06,-1.9067e-06,-2.2836e-06,-2.3697e-06,-1.9213e-06,-1.6311e-06,-1.3455e-06,-4.578e-07,-6.2914e-08,3.9335e-07,6.0376e-07,8.1418e-07,8.704e-07,1.0021e-06,1.3314e-06,1.4278e-06,9.9393e-07,1.0309e-06,1.5679e-06,1.2134e-06,1.5346e-06,1.3454e-06,1.0488e-06,8.2734e-07,2.4112e-07,-4.2118e-07,-1.4104e-06,-1.7738e-06,-1.664e-06,-2.6282e-06,-2.5925e-06,-2.2476e-06,-1.9836e-06,-1.6823e-06,-1.3109e-06,-4.6054e-07,-2.7636e-07,4.264e-07,8.1717e-07,1.3246e-06,1.3997e-06,1.6464e-06,1.8931e-06,2.303e-06,2.2545e-06,2.3011e-06,1.9008e-06,1.5489e-06,1.2975e-06,1.0462e-06,7.6496e-07,9.7334e-07,5.9287e-07,5.7189e-07,1.0383e-06,1.126e-06,1.2188e-06,1.0278e-06,7.3674e-07,8.6367e-07,8.5706e-07,1.3253e-06,1.3746e-06,1.4239e-06,2.2023e-06,2.0741e-06,2.5709e-06,2.8576e-06,3.1443e-06,3.3032e-06,2.978e-06,2.3245e-06,2.2835e-06,2.2969e-06,2.4741e-06,2.1513e-06,2.9017e-06,3.1608e-06,2.8367e-06,3.4411e-06,3.4669e-06,3.1411e-06,2.8153e-06,2.5006e-06,2.5784e-06,2.4035e-06,2.5287e-06,2.6138e-06,3.0714e-06,3.0291e-06,3.6529e-06,3.3288e-06,3.1656e-06,3.2378e-06,3.3328e-06,3.8538e-06,3.9054e-06,4.3276e-06,4.3805e-06,5.3179e-06,5.575e-06,6.065e-06,6.2746e-06,6.8338e-06,7.0869e-06,7.2342e-06,6.9148e-06,6.8093e-06,6.8175e-06,6.2968e-06,5.7761e-06,4.5997e-06,3.3183e-06,1.3225e-06,2.6862e-07,-4.4976e-07,-1.3016e-06,-1.6033e-06,-1.5124e-06,-9.3654e-07,3.7129e-07,1.4782e-06,2.6496e-06,4.0466e-06,4.4437e-06,5.4255e-06,6.6277e-06,7.1692e-06,7.7863e-06,7.9215e-06,8.2036e-06,8.4856e-06,9.592e-06,1.0623e-05,1.0581e-05,1.0403e-05,1.0224e-05,9.4349e-06,8.3986e-06,6.3592e-06,4.1213e-06,3.1824e-06,5.4638e-07,-1.0896e-06,-2.4791e-06,-3.6545e-06,-4.5106e-06,-4.457e-06,-4.4035e-06,-3.2334e-06,-2.4786e-06,-3.4715e-07,1.5814e-06,3.8203e-06,6.5912e-06,8.7285e-06,1.1172e-05,1.2998e-05,1.4139e-05,1.4485e-05,1.3602e-05,1.2911e-05,1.1988e-05,1.0452e-05,8.3554e-06,6.43e-06,4.3165e-06,2.2031e-06,-2.2981e-07,-2.7934e-06,-4.5413e-06,-6.1662e-06,-7.2911e-06,-7.4705e-06,-7.0739e-06,-5.4685e-06,-3.7264e-06,-1.2351e-06,1.2823e-06,3.7997e-06,6.1874e-06,8.1056e-06,9.993e-06,1.1679e-05,1.2683e-05,1.4196e-05,1.5209e-05,1.5e-05,1.4499e-05,1.295e-05,1.1002e-05,8.493e-06,5.7069e-06,3.4209e-06,6.7571e-07,-1.751e-06,-3.1563e-06,-4.8223e-06,-6.4737e-06,-7.4156e-06,-7.8575e-06,-7.2621e-06,-6.1623e-06,-4.2903e-06,-2.0317e-06,7.6773e-07,3.7325e-06,6.1972e-06,8.3836e-06,1.0555e-05,1.2908e-05,1.4209e-05,1.4509e-05,1.5283e-05,1.559e-05,1.5077e-05,1.4056e-05,1.2687e-05,9.8491e-06,7.8742e-06,4.3262e-06,1.7749e-06,-2.6143e-07,-2.7993e-06,-4.8109e-06,-6.6014e-06,-8.4227e-06,-9.826e-06,-1.0957e-05,-1.2024e-05,-1.2052e-05,-1.1293e-05,-8.8685e-06,-6.5414e-06,-3.6748e-06,-5.8074e-07,2.8279e-06,5.7188e-06,8.1185e-06,1.1054e-05,1.384e-05,1.6001e-05,1.8122e-05,1.9184e-05,1.9747e-05,1.7976e-05,1.5668e-05,1.228e-05,8.3917e-06,3.6538e-06,-7.6767e-07,-5.37e-06,-9.6283e-06,-1.3608e-05,-1.6538e-05,-1.8772e-05,-2.064e-05,-2.0825e-05,-1.965e-05,-1.7703e-05,-1.5255e-05,-1.0862e-05,-6.1564e-06,-1.122e-06,3.6901e-06,8.1853e-06,1.2544e-05,1.5466e-05,1.7609e-05,1.9734e-05,1.9857e-05,1.9388e-05,1.7855e-05,1.4524e-05,1.1692e-05,7.1942e-06,2.2669e-06,-2.4966e-06,-7.4559e-06,-1.1485e-05,-1.5197e-05,-1.7568e-05,-1.9133e-05,-2.0195e-05,-1.9984e-05,-1.8109e-05,-1.5687e-05,-1.279e-05,-8.8926e-06,-5.0021e-06,3.3756e-07,4.6035e-06,8.5424e-06,1.2169e-05,1.5693e-05,1.9234e-05,2.09e-05,2.1567e-05,2.1594e-05,2.0298e-05,1.8043e-05,1.5376e-05,1.2277e-05,7.5913e-06,3.9055e-06,-1.0412e-06,-5.8756e-06,-9.7326e-06,-1.3942e-05,-1.6329e-05,-1.9655e-05,-2.0149e-05,-2.0165e-05,-1.9417e-05,-1.6695e-05,-1.338e-05,-9.2549e-06,-3.607e-06,1.5202e-06,7.3171e-06,1.3245e-05,1.9489e-05,2.4278e-05,2.7275e-05,2.9781e-05,3.0287e-05,2.8554e-05,2.577e-05,2.1854e-05,1.5957e-05,9.3058e-06,1.6883e-06,-4.8672e-06,-1.2302e-05,-1.9074e-05,-2.4621e-05,-2.9408e-05,-3.1737e-05,-3.2889e-05,-3.2267e-05,-2.7844e-05,-2.2921e-05,-1.4946e-05,-7.5007e-06,2.9497e-07,8.9242e-06,1.6271e-05,2.3289e-05,2.8314e-05,3.2095e-05,3.5157e-05,3.6281e-05,3.4847e-05,3.251e-05,2.7682e-05,2.1315e-05,1.5239e-05,7.4453e-06,-2.4577e-07,-7.0938e-06,-1.4154e-05,-2.0853e-05,-2.5904e-05,-3.0063e-05,-3.2316e-05,-3.5308e-05,-3.5359e-05,-3.4312e-05,-3.1492e-05,-2.7316e-05,-2.1416e-05,-1.5138e-05,-6.9469e-06,1.2853e-06,9.1584e-06,1.6998e-05,2.4084e-05,3.1996e-05,3.6574e-05,4.1774e-05,4.4498e-05,4.5682e-05,4.4866e-05,4.1266e-05,3.6004e-05,2.8481e-05,2.0129e-05,1.0306e-05,-6.0742e-07,-1.0393e-05,-2.0622e-05,-2.885e-05,-3.6826e-05,-4.3417e-05,-4.7126e-05,-4.9303e-05,-4.9126e-05,-4.6533e-05,-4.244e-05,-3.4028e-05,-2.4919e-05,-1.4504e-05,-3.1755e-06,8.9086e-06,2.0187e-05,2.9502e-05,3.9569e-05,4.6105e-05,5.0863e-05,5.4028e-05,5.3365e-05,5.0542e-05,4.4426e-05,3.4893e-05,2.5092e-05,1.1742e-05,-1.5372e-06,-1.4709e-05,-2.6853e-05,-3.7541e-05,-4.6065e-05,-5.2149e-05,-5.5719e-05,-5.6175e-05,-5.5317e-05,-4.9947e-05,-4.2891e-05,-3.2655e-05,-2.2695e-05,-9.2901e-06,4.0507e-06,1.7123e-05,2.8673e-05,3.9466e-05,4.8024e-05,5.4047e-05,5.7491e-05,5.9935e-05,5.9397e-05,5.5516e-05,4.907e-05,4.0161e-05,2.9286e-05,1.7605e-05,6.2364e-06,-6.6964e-06,-1.7892e-05,-2.7053e-05,-3.6481e-05,-4.3099e-05,-4.768e-05,-5.0279e-05,-5.0806e-05,-4.7833e-05,-4.3633e-05,-3.7109e-05,-3.0103e-05,-2.1955e-05,-1.3386e-05,-5.1143e-06,3.8965e-06,1.2227e-05,1.8845e-05,2.7272e-05,3.3262e-05,3.8971e-05,4.3469e-05,4.7552e-05,4.9915e-05,5.1388e-05,5.2243e-05,5.1148e-05,4.7494e-05,4.1819e-05,3.3232e-05,2.3791e-05,1.4409e-05,3.743e-06,-6.6709e-06,-1.7504e-05,-2.5837e-05,-3.4571e-05,-4.3302e-05,-5.0883e-05,-5.5376e-05,-5.6893e-05,-5.5892e-05,-5.2031e-05,-4.4972e-05,-3.6164e-05,-2.3715e-05,-1.2766e-05,6.4432e-07,1.158e-05,2.3187e-05,3.4507e-05,4.4139e-05,5.2453e-05,5.8685e-05,6.1277e-05,6.1869e-05,5.7809e-05,5.1179e-05,4.1427e-05,3.0252e-05,1.7692e-05,3.0777e-06,-9.2228e-06,-2.2877e-05,-3.3404e-05,-4.2975e-05,-5.1546e-05,-5.5703e-05,-5.8528e-05,-5.7473e-05,-5.4766e-05,-4.8177e-05,-4.1091e-05,-3.0246e-05,-1.9735e-05,-7.0026e-06,4.3266e-06,1.4806e-05,2.5633e-05,3.3932e-05,4.1999e-05,4.7958e-05,5.0459e-05,5.1864e-05,5.0399e-05,4.7031e-05,4.2591e-05,3.5652e-05,2.6059e-05,1.6981e-05,7.0348e-06,-2.8418e-06,-1.1713e-05,-1.9835e-05,-2.6018e-05,-3.1145e-05,-3.5172e-05,-3.699e-05,-3.7734e-05,-3.7131e-05,-3.5116e-05,-3.1909e-05,-2.8424e-05,-2.2164e-05,-1.5696e-05,-9.1221e-06,-3.0281e-06,2.1803e-06,7.6977e-06,1.1215e-05,1.5768e-05,1.9043e-05,2.2679e-05,2.4206e-05,2.4931e-05,2.5419e-05,2.5316e-05,2.2426e-05,1.8959e-05,1.3939e-05,8.9456e-06,2.8146e-06,-2.6908e-06,-9.3194e-06,-1.4355e-05,-1.9065e-05,-2.3212e-05,-2.6489e-05,-2.8394e-05,-2.8846e-05,-2.6821e-05,-2.4329e-05,-1.9879e-05,-1.4524e-05,-7.7689e-06,-3.6111e-07,7.767e-06,1.5276e-05,2.1387e-05,2.6728e-05,3.2673e-05,3.5115e-05,3.7607e-05,3.8073e-05,3.6002e-05,3.2522e-05,2.8482e-05,2.1105e-05,1.2812e-05,3.3685e-06,-5.5751e-06,-1.5703e-05,-2.4023e-05,-3.1633e-05,-3.682e-05,-4.0071e-05,-4.2388e-05,-4.1729e-05,-3.9211e-05,-3.3419e-05,-2.7519e-05,-1.9025e-05,-8.1325e-06,2.711e-06,1.3611e-05,2.38e-05,3.3144e-05,3.9707e-05,4.5223e-05,4.7937e-05,4.8439e-05,4.6304e-05,4.2536e-05,3.6691e-05,2.8317e-05,1.9547e-05,9.2197e-06,-2.8764e-06,-1.3848e-05,-2.3225e-05,-3.1063e-05,-3.6947e-05,-4.133e-05,-4.2605e-05,-4.1572e-05,-3.8888e-05,-3.5575e-05,-2.9913e-05,-2.3433e-05,-1.4931e-05,-5.4952e-06,3.048e-06,1.3147e-05,2.1633e-05,2.9494e-05,3.6111e-05,3.9908e-05,4.3335e-05,4.4426e-05,4.416e-05,4.2096e-05,3.8493e-05,3.3205e-05,2.7203e-05,1.9295e-05,1.0392e-05,1.3904e-06,-6.75e-06,-1.5003e-05,-2.2035e-05,-2.8506e-05,-3.2906e-05,-3.511e-05,-3.7346e-05,-3.585e-05,-3.3484e-05,-2.9675e-05,-2.4364e-05,-1.8254e-05,-1.2431e-05,-5.0687e-06,1.4659e-06,8.5004e-06,1.5186e-05,2.1621e-05,2.706e-05,2.9946e-05,3.2716e-05,3.3596e-05,3.2809e-05,3.0522e-05,2.9248e-05,2.4535e-05,1.8785e-05,1.3325e-05,6.6585e-06,2.017e-07,-6.9738e-06,-1.3526e-05,-1.8795e-05,-2.2995e-05,-2.5558e-05,-2.6522e-05,-2.6457e-05,-2.5052e-05,-2.2729e-05,-1.8905e-05,-1.5621e-05,-1.0975e-05,-6.1406e-06,-2.9589e-07,5.3576e-06,1.1132e-05,1.5965e-05,2.0389e-05,2.391e-05,2.5902e-05,2.7394e-05,2.9656e-05,2.9526e-05,2.8684e-05,2.7558e-05,2.4439e-05,2.1139e-05,1.7478e-05,1.3458e-05,7.7214e-06,3.5643e-06,-8.0832e-07,-5.3999e-06,-1.0434e-05,-1.5357e-05,-1.8299e-05,-2.1337e-05,-2.3588e-05,-2.4891e-05,-2.4999e-05,-2.3968e-05,-2.3268e-05,-2.0212e-05,-1.6456e-05,-1.2452e-05,-6.4879e-06,-1.9216e-06,5.3356e-06,1.0322e-05,1.8644e-05,2.4466e-05,3.0833e-05,3.5832e-05,3.9543e-05,4.0845e-05,4.2123e-05,4.135e-05,3.9883e-05,3.5841e-05,3.0875e-05,2.3726e-05,1.5831e-05,6.9286e-06,-1.8706e-06,-1.0543e-05,-1.8829e-05,-2.5974e-05,-3.2119e-05,-3.6324e-05,-3.9028e-05,-3.9071e-05,-3.8043e-05,-3.4858e-05,-2.9731e-05,-2.2445e-05,-1.3781e-05,-4.7008e-06,4.7518e-06,1.3909e-05,2.235e-05,2.9484e-05,3.6898e-05,4.1437e-05,4.4362e-05,4.5763e-05,4.4942e-05,4.3121e-05,3.8537e-05,3.2951e-05,2.6173e-05,1.7369e-05,9.7787e-06,1.37e-06,-6.0975e-06,-1.2298e-05,-1.7947e-05,-2.1897e-05,-2.4932e-05,-2.7162e-05,-2.6579e-05,-2.6096e-05,-2.4419e-05,-2.1463e-05,-1.7924e-05,-1.3524e-05,-7.848e-06,-2.7254e-06,2.3669e-06,7.271e-06,1.2736e-05,1.6667e-05,2.0677e-05,2.4575e-05,2.6283e-05,2.9615e-05,2.9702e-05,3.0801e-05,3.1571e-05,2.9772e-05,2.8662e-05,2.4928e-05,2.136e-05,1.6552e-05,1.0287e-05,5.2476e-06,-1.3955e-06,-7.0387e-06,-1.2902e-05,-1.7435e-05,-2.2209e-05,-2.5747e-05,-2.8036e-05,-2.8691e-05,-2.8601e-05,-2.549e-05,-2.1812e-05,-1.5168e-05,-9.0039e-06,8.1153e-08,7.8196e-06,1.6165e-05,2.3178e-05,2.9076e-05,3.5347e-05,3.7743e-05,3.9802e-05,4.0098e-05,3.6721e-05,3.2652e-05,2.6536e-05,1.9479e-05,1.104e-05,2.1649e-06,-6.531e-06,-1.3727e-05,-1.993e-05,-2.5134e-05,-2.7953e-05,-2.9071e-05,-2.7468e-05,-2.3862e-05,-1.9137e-05,-1.2668e-05,-5.5704e-06,3.5018e-06,1.2364e-05,2.0098e-05,2.6827e-05,3.3718e-05,3.8404e-05,4.249e-05,4.3382e-05,4.3945e-05,4.1166e-05,3.7744e-05,3.3408e-05,2.6759e-05,1.8833e-05,1.146e-05,4.1715e-06,-2.9605e-06,-8.6596e-06,-1.4275e-05,-1.7948e-05,-2.0126e-05,-2.1967e-05,-2.1244e-05,-2.0434e-05,-1.7747e-05,-1.5814e-05,-1.1845e-05,-8.3481e-06,-4.0435e-06,-2.1362e-07,3.5892e-06,7.5991e-06,1.1457e-05,1.4594e-05,1.7861e-05,1.9629e-05,2.2076e-05,2.3935e-05,2.6365e-05,2.6417e-05,2.7028e-05,2.679e-05,2.566e-05,2.3429e-05,2.0105e-05,1.7187e-05,1.2213e-05,8.1602e-06,3.5677e-06,-7.2408e-07,-5.6577e-06,-8.7152e-06,-1.2519e-05,-1.4799e-05,-1.6494e-05,-1.6312e-05,-1.6222e-05,-1.478e-05,-1.3155e-05,-9.2566e-06,-5.9059e-06,-2.3369e-06,2.0461e-06,6.1261e-06,9.9172e-06,1.4335e-05,1.7927e-05,1.9948e-05,2.1545e-05,2.3291e-05,2.3612e-05,2.3518e-05,2.2425e-05,2.1165e-05,1.9008e-05,1.6497e-05,1.4811e-05,1.1922e-05,9.9095e-06,6.9333e-06,5.0877e-06,2.6522e-06,9.867e-07,-1.7879e-07,-1.7689e-06,-1.9505e-06,-2.411e-06,-2.0585e-06,-1.3344e-06,-1.159e-06,-6.7578e-07,5.5592e-07,1.9692e-06,3.0489e-06,4.3407e-06,5.9537e-06,6.6917e-06,8.4571e-06,9.1385e-06,1.0007e-05,1.0258e-05,9.2907e-06,8.8646e-06,8.1108e-06,7.1978e-06,6.6929e-06,6.2579e-06,5.7753e-06,5.7084e-06,6.2396e-06,6.2941e-06,6.8452e-06,7.7926e-06,8.885e-06,1.0659e-05,1.1934e-05,1.2961e-05,1.3665e-05,1.4089e-05,1.5012e-05,1.445e-05,1.3583e-05,1.3298e-05,1.1141e-05,1.0484e-05,7.9885e-06,6.3311e-06,4.1432e-06,1.9006e-06,-2.9723e-07,-1.8465e-06,-2.9257e-06,-3.7479e-06,-5.2468e-06,-5.3032e-06,-5.0686e-06,-4.4532e-06,-3.7e-06,-2.1113e-06,-9.9471e-07,5.3209e-07,1.8533e-06,3.1664e-06,3.6883e-06,4.5901e-06,5.0964e-06,5.7778e-06,6.596e-06,7.194e-06,8.2919e-06,9.35e-06,1.0154e-05,1.1138e-05,1.1995e-05,1.3062e-05,1.3677e-05,1.4515e-05,1.3995e-05,1.3709e-05,1.2157e-05,1.0512e-05,9.1037e-06,7.1301e-06,4.5046e-06,2.377e-06,6.4537e-07,-9.764e-07,-2.7213e-06,-3.5871e-06,-4.0677e-06,-4.1584e-06,-3.292e-06,-2.4393e-06,-1.6827e-06,-9.6825e-07,1.6358e-07,1.2387e-06,1.7667e-06,2.7323e-06,3.1613e-06,3.5894e-06,3.9946e-06,4.1052e-06,4.1819e-06,4.6506e-06,5.2552e-06,5.658e-06,7.0708e-06,7.6755e-06,8.9584e-06,9.7413e-06,1.0985e-05,1.173e-05,1.1965e-05,1.1979e-05,1.1466e-05,1.1104e-05,1.029e-05,9.2326e-06,8.5387e-06,6.5914e-06,5.1472e-06,3.9764e-06,3.2842e-06,2.779e-06,2.4023e-06,2.7234e-06,3.4201e-06,4.1169e-06,5.2909e-06,5.9088e-06,6.6733e-06,7.9006e-06,8.6245e-06,9.2433e-06,9.2707e-06,9.178e-06,9.5853e-06,9.5055e-06,9.4268e-06,9.0268e-06,8.8106e-06,8.7147e-06,8.5398e-06,8.3018e-06,8.1446e-06,8.2271e-06,7.6293e-06,7.1041e-06,7.1283e-06,6.3775e-06,6.0795e-06,5.6655e-06,5.3449e-06,4.7885e-06,4.0451e-06,3.5143e-06,3.5894e-06,3.612e-06,3.27e-06,2.947e-06,3.5113e-06,4.0247e-06,4.5964e-06,4.6956e-06,5.3249e-06,5.5829e-06,5.8543e-06,5.7612e-06,5.6869e-06,5.6527e-06,5.6551e-06,5.6639e-06,5.7077e-06,5.7491e-06,5.8415e-06,5.9414e-06,6.0782e-06,6.2319e-06,6.4387e-06,6.2506e-06,6.5809e-06,6.5107e-06,6.4681e-06,6.4126e-06,6.8895e-06,6.8636e-06,7.3751e-06,7.8972e-06,8.198e-06,8.4989e-06,8.468e-06,8.3186e-06,8.0083e-06,7.9372e-06,7.3596e-06,7.5462e-06,7.2328e-06,7.0262e-06,6.8719e-06,7.1971e-06,7.0908e-06,6.9712e-06,7.6513e-06,8.3126e-06,7.4822e-06,7.2626e-06,7.1399e-06,7.0482e-06,7.4099e-06,7.4114e-06,7.913e-06,8.4841e-06,8.5691e-06,9.1986e-06,9.8767e-06,1.0099e-05,1.0132e-05,1.0666e-05,1.1011e-05,1.095e-05,1.1068e-05,1.1441e-05,1.1847e-05,1.1852e-05,1.2302e-05,1.2786e-05,1.294e-05,1.3427e-05,1.3091e-05,1.2749e-05,1.2489e-05,1.1604e-05,1.0711e-05,9.7013e-06,8.7574e-06,7.7975e-06,6.7707e-06,5.486e-06,4.7012e-06,3.709e-06,3.1225e-06,3.5884e-06,3.7245e-06,4.3778e-06,5.0046e-06,5.6244e-06,6.5354e-06,7.0113e-06,7.5456e-06,7.6137e-06,7.6165e-06,7.5103e-06,6.8823e-06,7.0817e-06,6.7527e-06,6.3502e-06,6.4011e-06,5.9343e-06,5.9161e-06,5.8979e-06,5.7667e-06,6.1231e-06,5.8681e-06,5.9784e-06,6.0424e-06,5.802e-06,6.0617e-06,5.5724e-06,5.4247e-06,4.6214e-06,4.5444e-06,4.4648e-06,4.4217e-06,3.992e-06,3.9994e-06,4.4812e-06,4.5782e-06,4.8841e-06,6.2895e-06,7.209e-06,8.1665e-06,9.5588e-06,1.0276e-05,1.1065e-05,1.1777e-05,1.2001e-05,1.233e-05,1.2223e-05,1.2063e-05,1.1353e-05,1.1125e-05,1.0709e-05,1.0759e-05,1.0726e-05,1.0598e-05,1.0459e-05,1.0255e-05,1.0051e-05,9.8547e-06,9.6439e-06,9.8945e-06,9.5422e-06,9.7106e-06,9.509e-06,9.2948e-06,8.7394e-06,8.3981e-06,8.0568e-06,6.9833e-06,6.5143e-06,5.8588e-06,5.3931e-06,5.0726e-06,4.6086e-06,4.2895e-06,4.0193e-06,3.8442e-06,3.7891e-06,4.5996e-06,5.3046e-06,6.233e-06,7.1858e-06,8.1932e-06,8.746e-06,9.8047e-06,9.8884e-06,1.0472e-05,1.055e-05,1.0211e-05,1.0276e-05,9.8248e-06,9.4584e-06,8.9054e-06,8.3524e-06,8.2163e-06,7.3691e-06,7.0336e-06,6.145e-06,4.7564e-06,3.9858e-06,2.9141e-06,2.0547e-06,1.2806e-06,1.471e-06,1.5418e-06,1.1126e-06,8.6846e-07,9.8872e-07,1.5721e-06,2.3783e-06,2.8911e-06,4.2252e-06,6.0836e-06,7.4105e-06,9.3097e-06,1.1661e-05,1.3602e-05,1.5383e-05,1.6909e-05,1.8289e-05,1.9771e-05,2.0223e-05,2.061e-05,2.0127e-05,1.9589e-05,1.8351e-05,1.6916e-05,1.5505e-05,1.341e-05,1.1315e-05,9.1638e-06,6.8109e-06,4.9031e-06,2.3543e-06,8.056e-07,-5.006e-07,-1.5639e-06,-2.0417e-06,-1.917e-06,-1.5508e-06,-1.6287e-06,-4.3727e-07,1.3479e-06,2.5636e-06,3.7023e-06,6.4644e-06,7.9303e-06,9.2263e-06,1.1502e-05,1.2816e-05,1.4162e-05,1.5591e-05,1.6605e-05,1.7397e-05,1.8342e-05,1.887e-05,1.8821e-05,1.9144e-05,1.8555e-05,1.8381e-05,1.7864e-05,1.7206e-05,1.6208e-05,1.4409e-05,1.3019e-05,1.1449e-05,9.0349e-06,6.366e-06,4.665e-06,2.4585e-06,1.4809e-06,3.8176e-07,5.3151e-08,-7.4297e-07,-6.5324e-07,-1.5768e-07,9.0184e-07,1.6526e-06,3.0952e-06,5.3189e-06,7.048e-06,8.9266e-06,1.094e-05,1.2439e-05,1.4438e-05,1.4815e-05,1.5401e-05,1.645e-05,1.6658e-05,1.5942e-05,1.6513e-05,1.5512e-05,1.5027e-05,1.4631e-05,1.2805e-05,1.1721e-05,1.0762e-05,9.068e-06,8.2285e-06,7.3891e-06,7.1441e-06,6.8564e-06,6.6719e-06,6.6968e-06,7.2217e-06,6.9617e-06,7.0159e-06,7.0153e-06,7.9282e-06,7.8411e-06,7.5897e-06,7.8171e-06,8.4698e-06,8.0022e-06,8.0346e-06,7.446e-06,7.6822e-06,7.2096e-06,6.5818e-06,6.8437e-06,5.4802e-06,5.1877e-06,4.9388e-06,3.9154e-06,2.7959e-06,2.7185e-06,2.1363e-06,2.3784e-06,2.5579e-06,2.2508e-06,3.5405e-06,4.3302e-06,5.9427e-06,7.1358e-06,8.5366e-06,1.0273e-05,1.201e-05,1.3134e-05,1.4823e-05,1.6086e-05,1.6483e-05,1.7881e-05,1.7206e-05,1.7101e-05,1.6808e-05,1.5866e-05,1.4489e-05,1.3283e-05,1.2069e-05,9.8202e-06,8.4474e-06,6.6037e-06,5.123e-06,4.1424e-06,3.0801e-06,2.4246e-06,1.715e-06,2.1994e-06,2.1837e-06,3.313e-06,3.2492e-06,4.5945e-06,4.9047e-06,6.7149e-06,7.1544e-06,8.3878e-06,9.0537e-06,1.0306e-05,1.1058e-05,1.2088e-05,1.2992e-05,1.3372e-05,1.4605e-05,1.4837e-05,1.5611e-05,1.5909e-05,1.5615e-05,1.5812e-05,1.6009e-05,1.6832e-05,1.7297e-05,1.689e-05,1.6882e-05,1.6874e-05,1.6972e-05,1.6437e-05,1.5904e-05,1.5915e-05,1.4925e-05,1.382e-05,1.3121e-05,1.187e-05,9.6646e-06,7.9591e-06,6.4298e-06,2.6203e-06,1.2524e-06,-1.4481e-06,-3.6487e-06,-6.2412e-06,-7.4744e-06,-8.7643e-06,-8.8354e-06,-8.9065e-06,-7.7635e-06,-6.0127e-06,-4.1522e-06,-1.0034e-06,2.422e-06,5.7291e-06,9.4768e-06,1.2549e-05,1.6515e-05,1.8811e-05,2.2162e-05,2.3676e-05,2.5376e-05,2.6612e-05,2.553e-05,2.5583e-05,2.3083e-05,2.1833e-05,1.8902e-05,1.6752e-05,1.3413e-05,1.1389e-05,8.162e-06,6.5676e-06,4.7871e-06,3.1492e-06,1.9901e-06,1.5068e-06,1.5488e-06,1.6561e-06,2.2634e-06,3.0635e-06,3.6679e-06,4.7722e-06,6.0161e-06,6.7064e-06,8.6246e-06,8.8147e-06,1.0005e-05,1.0384e-05,1.1242e-05,1.21e-05,1.2942e-05,1.3783e-05,1.4073e-05,1.5258e-05,1.5444e-05,1.5719e-05,1.5694e-05,1.5535e-05,1.5701e-05,1.5368e-05,1.525e-05,1.5469e-05,1.4688e-05,1.4479e-05,1.3993e-05,1.4053e-05,1.4149e-05,1.4072e-05,1.3232e-05,1.3403e-05,1.2574e-05,1.2359e-05,1.1707e-05,1.1664e-05,1.0505e-05,9.7949e-06,9.3211e-06,7.512e-06,5.9824e-06,3.858e-06,2.7696e-06,1.1812e-06,1.3688e-07,-1.8108e-06,-2.5617e-06,-2.1168e-06,-2.1718e-06,-1.6654e-06,-6.3218e-07,1.4137e-06,2.9223e-06,5.4308e-06,7.644e-06,1.1225e-05,1.3307e-05,1.6158e-05,1.9132e-05,2.2407e-05,2.4489e-05,2.6077e-05,2.7646e-05,2.7666e-05,2.7687e-05,2.7654e-05,2.6891e-05,2.5824e-05,2.3724e-05,2.162e-05,1.9008e-05,1.6869e-05,1.3421e-05,1.1134e-05,8.2525e-06,7.1961e-06,4.8971e-06,3.0355e-06,1.0712e-06,-3.0347e-07,-2.1782e-06,-2.7275e-06,-2.0177e-06,-1.7215e-06,-8.8598e-07,-4.0331e-08,1.8388e-06,3.4516e-06,6.4569e-06,8.6506e-06,1.1471e-05,1.3292e-05,1.5601e-05,1.7406e-05,1.9697e-05,2.0726e-05,2.1754e-05,2.2129e-05,2.2754e-05,2.2379e-05,2.1291e-05,2.0118e-05,1.8448e-05,1.6855e-05,1.5702e-05,1.3279e-05,1.2242e-05,1.0206e-05,9.1205e-06,8.2926e-06,7.4646e-06,6.9436e-06,6.9326e-06,6.8279e-06,7.0026e-06,6.6774e-06,7.3913e-06,6.9299e-06,6.852e-06,7.534e-06,7.2615e-06,7.7001e-06,7.815e-06,8.4227e-06,8.7082e-06,1.0445e-05,1.2142e-05,1.2169e-05,1.4225e-05,1.5879e-05,1.6575e-05,1.7799e-05,1.9688e-05,2.0578e-05,2.1356e-05,2.2872e-05,2.3889e-05,2.4185e-05,2.5357e-05,2.5531e-05,2.5331e-05,2.5631e-05,2.4844e-05,2.3886e-05,2.2429e-05,2.1217e-05,1.8841e-05,1.5607e-05,1.22e-05,9.2899e-06,6.604e-06,2.8527e-06,6.0133e-07,-2.5071e-06,-4.8006e-06,-6.0941e-06,-7.191e-06,-6.7512e-06,-6.8735e-06,-6.0605e-06,-4.7475e-06,-1.7643e-06,2.8924e-07,2.8428e-06,7.3076e-06,1.0349e-05,1.3948e-05,1.8955e-05,2.2499e-05,2.6609e-05,2.9984e-05,3.236e-05,3.4299e-05,3.6709e-05,3.7184e-05,3.7126e-05,3.6064e-05,3.5008e-05,3.3411e-05,3.0878e-05,2.7476e-05,2.4206e-05,2.1854e-05,1.8e-05,1.5157e-05,1.1451e-05,8.7703e-06,6.2548e-06,4.1649e-06,2.0569e-06,7.5615e-07,-5.0452e-07,-1.0974e-06,-1.5184e-06,-9.4869e-07,-1.5918e-06,-3.2529e-07,-6.849e-07,-6.3642e-07,-5.4706e-07,5.0028e-07,1.4082e-06,1.8453e-06,2.8877e-06,3.9301e-06,5.6625e-06,8.6049e-06,1.0518e-05,1.2389e-05,1.5868e-05,1.7865e-05,2.1297e-05,2.3224e-05,2.6548e-05,2.9867e-05,3.128e-05,3.3325e-05,3.4994e-05,3.4822e-05,3.4567e-05,3.2973e-05,3.1553e-05,2.9202e-05,2.5469e-05,2.1755e-05,1.8047e-05,1.4395e-05,1.0678e-05,6.3195e-06,2.4459e-06,-7.0612e-07,-3.369e-06,-6.0545e-06,-6.7738e-06,-8.0087e-06,-7.7956e-06,-6.6382e-06,-6.0052e-06,-3.5397e-06,-1.1349e-06,1.2699e-06,3.4393e-06,6.1454e-06,9.3538e-06,1.258e-05,1.5306e-05,1.7568e-05,2.0074e-05,2.258e-05,2.4772e-05,2.5672e-05,2.7078e-05,2.8271e-05,2.7126e-05,2.7457e-05,2.7141e-05,2.4922e-05,2.3677e-05,2.0741e-05,1.9234e-05,1.6345e-05,1.3963e-05,1.1161e-05,8.7845e-06,6.9126e-06,4.1212e-06,2.8722e-06,1.1533e-06,-6.5524e-08,-6.9551e-07,-9.239e-07,-6.279e-08,7.898e-07,2.1424e-06,3.2264e-06,5.2523e-06,7.7783e-06,1.0423e-05,1.2323e-05,1.4595e-05,1.6198e-05,1.6849e-05,1.8989e-05,1.8991e-05,1.825e-05,1.8473e-05,1.7063e-05,1.5653e-05,1.4972e-05,1.315e-05,1.2517e-05,1.1126e-05,1.1313e-05,9.4053e-06,9.9719e-06,1.1209e-05,1.1066e-05,1.2108e-05,1.3948e-05,1.51e-05,1.7107e-05,1.8614e-05,1.9419e-05,2.1181e-05,2.1194e-05,2.0725e-05,1.8677e-05,1.763e-05,1.4993e-05,1.137e-05,8.7474e-06,5.3176e-06,1.468e-06,-8.8161e-07,-3.8729e-06,-5.8804e-06,-7.3405e-06,-7.0623e-06,-6.784e-06,-5.1547e-06,-2.3912e-06,3.7231e-07,4.2394e-06,9.7529e-06,1.3921e-05,1.8112e-05,2.3885e-05,2.791e-05,3.1143e-05,3.4844e-05,3.7329e-05,3.9041e-05,4.0255e-05,3.9716e-05,3.8906e-05,3.6409e-05,3.3565e-05,2.8797e-05,2.4998e-05,1.9753e-05,1.3935e-05,9.4061e-06,3.8745e-06,-1.1023e-06,-6.0651e-06,-8.5306e-06,-1.1411e-05,-1.3201e-05,-1.4986e-05,-1.3629e-05,-1.2667e-05,-1.1666e-05,-9.1703e-06,-5.3168e-06,-2.2752e-06,1.0404e-06,5.6906e-06,1.0003e-05,1.4641e-05,1.8444e-05,2.2461e-05,2.5183e-05,2.7905e-05,3.0141e-05,3.0553e-05,3.0464e-05,2.9122e-05,2.7225e-05,2.6427e-05,2.159e-05,1.7684e-05,1.3777e-05,1.0031e-05,5.6354e-06,2.2403e-06,-2.0211e-06,-3.9514e-06,-5.7689e-06,-5.8587e-06,-5.4484e-06,-4.462e-06,-4.9019e-07,2.4816e-06,6.3608e-06,1.2097e-05,1.6834e-05,2.2266e-05,2.7487e-05,3.1709e-05,3.567e-05,3.8479e-05,4.0273e-05,4.0131e-05,3.9303e-05,3.7475e-05,3.2829e-05,2.8661e-05,2.3494e-05,1.6476e-05,9.8521e-06,3.6017e-06,-3.3257e-06,-9.253e-06,-1.3682e-05,-1.8116e-05,-2.105e-05,-2.2079e-05,-2.1939e-05,-2.0799e-05,-1.8256e-05,-1.4368e-05,-9.4794e-06,-3.8628e-06,2.3958e-06,8.6544e-06,1.6019e-05,2.2665e-05,2.9312e-05,3.579e-05,4.079e-05,4.4221e-05,4.6806e-05,4.7392e-05,4.7097e-05,4.4425e-05,4.0753e-05,3.6035e-05,2.9333e-05,2.2632e-05,1.5227e-05,8.1162e-06,-5.0237e-07,-6.5177e-06,-1.1788e-05,-1.6558e-05,-1.9132e-05,-2.184e-05,-2.2139e-05,-2.0473e-05,-1.8307e-05,-1.4596e-05,-9.4478e-06,-4.5578e-06,1.2324e-06,6.75e-06,1.2768e-05,1.8074e-05,2.1752e-05,2.6251e-05,3.0099e-05,3.2515e-05,3.4769e-05,3.5428e-05,3.5132e-05,3.4246e-05,3.33e-05,3.0354e-05,2.7364e-05,2.4463e-05,2.0755e-05,1.7296e-05,1.4027e-05,9.7489e-06,6.897e-06,3.8771e-06,7.8592e-07,-2.7793e-06,-4.1069e-06,-6.7918e-06,-8.2926e-06,-9.2934e-06,-1.0632e-05,-9.8316e-06,-9.4023e-06,-7.5032e-06,-5.463e-06,-2.4312e-06,1.7592e-06,5.1417e-06,9.7455e-06,1.3813e-05,1.7609e-05,2.1992e-05,2.5633e-05,2.7931e-05,3.0599e-05,3.2004e-05,3.2794e-05,3.2191e-05,3.0973e-05,2.8509e-05,2.5224e-05,2.1276e-05,1.6132e-05,1.127e-05,6.1671e-06,1.5097e-06,-2.2807e-06,-6.8999e-06,-9.5176e-06,-1.1635e-05,-1.2692e-05,-1.3016e-05,-1.3149e-05,-1.1297e-05,-8.6998e-06,-5.6027e-06,-1.9473e-06,2.254e-06,5.6839e-06,1.0207e-05,1.4677e-05,1.8359e-05,2.1676e-05,2.3692e-05,2.6575e-05,2.7474e-05,2.8646e-05,2.854e-05,2.8751e-05,2.7963e-05,2.7006e-05,2.5716e-05,2.3925e-05,2.2319e-05,1.9959e-05,1.7098e-05,1.4426e-05,1.1718e-05,8.9316e-06,5.7847e-06,2.163e-06,-4.9372e-07,-3.5126e-06,-5.4635e-06,-7.9989e-06,-1.0134e-05,-1.1094e-05,-1.2309e-05,-1.3154e-05,-1.2594e-05,-1.1865e-05,-9.3519e-06,-6.4789e-06,-3.4544e-06,3.3513e-07,4.4549e-06,9.4838e-06,1.3513e-05,1.731e-05,2.1304e-05,2.3385e-05,2.6386e-05,2.7387e-05,2.8212e-05,2.8107e-05,2.7508e-05,2.6322e-05,2.4303e-05,2.0819e-05,1.7413e-05,1.3973e-05,9.9847e-06,5.1511e-06,1.3064e-06,-2.8408e-06,-6.347e-06,-8.3195e-06,-1.0834e-05,-1.2537e-05,-1.2779e-05,-1.3e-05,-1.2344e-05,-1.1861e-05,-9.7363e-06,-6.9536e-06,-4.5e-06,-6.6549e-07,2.8467e-06,6.8362e-06,1.0852e-05,1.4622e-05,1.8391e-05,2.1776e-05,2.3987e-05,2.6419e-05,2.7388e-05,2.8501e-05,2.849e-05,2.7947e-05,2.6961e-05,2.5029e-05,2.2582e-05,1.9522e-05,1.6028e-05,1.1822e-05,7.9062e-06,4.4902e-06,8.1967e-07,-2.9014e-06,-5.5955e-06,-7.1527e-06,-7.2394e-06,-8.0833e-06,-7.643e-06,-6.7028e-06,-4.6331e-06,-1.9156e-06,2.9346e-07,3.5909e-06,6.4453e-06,9.5315e-06,1.1953e-05,1.5379e-05,1.7831e-05,1.9401e-05,1.997e-05,2.0428e-05,1.9301e-05,1.8474e-05,1.7739e-05,1.5489e-05,1.4128e-05,1.2253e-05,1.0884e-05,9.4557e-06,7.6657e-06,6.3096e-06,5.0341e-06,3.7586e-06,1.9485e-06,5.0644e-07,-5.6616e-07,-1.9916e-06,-2.9554e-06,-3.5616e-06,-3.9427e-06,-4.3237e-06,-3.9978e-06,-3.0943e-06,-2.6456e-06,-1.4629e-06,2.1978e-07,2.1605e-06,4.507e-06,6.3536e-06,8.3138e-06,1.0818e-05,1.1811e-05,1.3072e-05,1.3833e-05,1.3497e-05,1.2503e-05,1.1508e-05,1.0114e-05,8.2593e-06,6.2953e-06,4.8606e-06,2.9365e-06,1.1211e-06,-4.4769e-07,-1.1786e-06,-2.3344e-06,-3.5558e-06,-3.2772e-06,-4.2091e-06,-4.1001e-06,-3.623e-06,-3.368e-06,-2.559e-06,-1.9134e-06,-5.1381e-07,4.1428e-07,1.5631e-06,2.8099e-06,4.0778e-06,5.2245e-06,6.3712e-06,7.9206e-06,9.2048e-06,1.0489e-05,1.1957e-05,1.2741e-05,1.3036e-05,1.3512e-05,1.2988e-05,1.2579e-05,1.1568e-05,1.0377e-05,8.1414e-06,6.377e-06,5.1127e-06,2.8694e-06,1.096e-06,-9.0899e-07,-2.5356e-06,-4.1622e-06,-5.403e-06,-6.0497e-06,-7.0396e-06,-7.5924e-06,-8.0493e-06,-7.3245e-06,-6.437e-06,-4.9902e-06,-3.6029e-06,-2.1565e-06,3.5378e-07,2.8843e-06,5.5168e-06,8.2868e-06,1.1073e-05,1.336e-05,1.5825e-05,1.7625e-05,1.9356e-05,2.0394e-05,2.0554e-05,2.0269e-05,1.9636e-05,1.8571e-05,1.6911e-05,1.4823e-05,1.2719e-05,1.0236e-05,8.3776e-06,5.1807e-06,2.952e-06,1.2561e-07,-1.8697e-06,-3.8649e-06,-5.8466e-06,-7.3594e-06,-7.7676e-06,-8.3738e-06,-8.4801e-06,-7.5914e-06,-6.3213e-06,-4.2143e-06,-1.6763e-06,7.031e-07,4.7154e-06,7.5156e-06,1.0729e-05,1.4732e-05,1.7068e-05,1.9863e-05,2.206e-05,2.3413e-05,2.4383e-05,2.4354e-05,2.3953e-05,2.2608e-05,2.0682e-05,1.8429e-05,1.5676e-05,1.2735e-05,9.9918e-06,7.474e-06,4.3001e-06,1.6263e-06,-5.8855e-07,-2.7726e-06,-4.1799e-06,-6.059e-06,-7.438e-06,-8.0839e-06,-8.3529e-06,-8.0228e-06,-6.7467e-06,-4.9706e-06,-3.1085e-06,-6.0308e-08,3.373e-06,6.8528e-06,1.001e-05,1.4276e-05,1.6926e-05,1.9395e-05,2.098e-05,2.2089e-05,2.2559e-05,2.2037e-05,2.1001e-05,1.8958e-05,1.6882e-05,1.5151e-05,1.2421e-05,9.9917e-06,7.4281e-06,5.2764e-06,3.1992e-06,1.6221e-06,3.1383e-07,-2.7969e-07,-6.9129e-07,-1.752e-06,-1.8127e-06,-2.8557e-06,-3.2915e-06,-2.8263e-06,-3.2293e-06,-3.6323e-06,-3.2399e-06,-2.3226e-06,-8.8116e-07,8.1793e-07,2.1818e-06,5.2455e-06,7.6591e-06,9.5504e-06,1.1285e-05,1.252e-05,1.304e-05,1.3097e-05,1.2018e-05,1.0219e-05,8.4208e-06,6.2307e-06,4.4882e-06,2.1225e-06,5.5494e-08,-1.5115e-06,-2.8092e-06,-3.6394e-06,-4.1303e-06,-4.3901e-06,-3.6975e-06,-3.5114e-06,-2.3642e-06,-1.454e-06,-3.5561e-07,7.428e-07,1.6693e-06,2.4523e-06,2.9984e-06,3.6831e-06,3.8678e-06,4.6048e-06,4.8493e-06,4.8631e-06,5.1638e-06,5.4645e-06,5.4794e-06,5.527e-06,5.0256e-06,4.4827e-06,3.8822e-06,3.107e-06,2.2833e-06,1.9274e-06,9.7418e-07,5.4594e-07,-2.6341e-07,-6.2334e-07,-8.1433e-07,-9.3736e-07,-1.0698e-06,-6.6469e-07,-7.2882e-07,-4.9382e-07,-7.1382e-07,-6.0156e-07,-6.7032e-07,-6.9327e-07,-8.1548e-07,-1.0078e-06,-4.6252e-07,-3.4771e-07,-1.4956e-07,-1.4877e-08,-4.0303e-07,1.191e-07,2.1516e-07,3.9944e-07,1.9595e-07,-1.4366e-08,1.8099e-07,-1.2366e-07,-5.3053e-08,-3.1033e-08,-3.3887e-08,-9.1698e-08,-6.5312e-07,-6.9481e-07,-7.3669e-07,-8.0418e-07,-9.1436e-07,-1.0181e-06,-8.6381e-07,-1.1899e-06,-1.1695e-06,-1.309e-06,-1.4292e-06,-1.7359e-06,-1.9951e-06,-2.2585e-06,-2.003e-06,-2.1186e-06,-2.561e-06,-2.5034e-06,-2.5308e-06,-2.0252e-06,-1.7821e-06,-1.312e-06,-7.8451e-07,-4.9761e-07,-6.6153e-07,-6.7316e-07,-6.9331e-07,-1.1658e-06,-1.225e-06,-1.2254e-06,-1.5035e-06,-1.8484e-06,-1.8887e-06,-2.1651e-06,-1.9955e-06,-2.2452e-06,-2.4949e-06,-2.9904e-06,-3.0765e-06,-3.2108e-06,-2.4673e-06,-2.173e-06,-1.7782e-06,-1.3833e-06,-7.5996e-07,-5.4955e-07,-6.8383e-07,-5.5987e-07,-4.2816e-07,-3.5289e-07,-2.5648e-07,-3.9609e-07,-4.2013e-07,-3.3057e-07,-8.7154e-08,-2.6602e-07,-5.5291e-07,-7.7434e-07,-1.2024e-06,-1.8647e-06,-2.527e-06,-3.3507e-06,-3.7055e-06,-3.8552e-06,-4.3194e-06,-4.2714e-06,-4.0074e-06,-3.7434e-06,-3.3672e-06,-2.4958e-06,-2.5348e-06,-1.8321e-06,-1.6479e-06,-1.1819e-06,-1.1741e-06,-5.7131e-07,-3.391e-07,-1.0689e-07,-1.9702e-07,-2.4549e-07,-7.3637e-07,-6.367e-07,-1.537e-06,-1.3346e-06,-1.6299e-06,-1.9434e-06,-2.235e-06,-2.0762e-06,-2.1254e-06,-1.6463e-06,-1.4152e-06,-1.3276e-06,-1.318e-06,-1.592e-06,-1.8831e-06,-1.8151e-06,-1.8217e-06,-1.7807e-06,-1.2315e-06,-1.1557e-06,-8.1372e-07,-4.4989e-07,-3.9534e-07,-1.2554e-07,-3.3189e-07,-6.9679e-07,-1.0617e-06,-1.232e-06,-1.3293e-06,-1.3416e-06,-1.2336e-06,-1.0564e-06,-8.2048e-07,-1.3543e-07,-4.2315e-07,-3.1877e-07,-7.1439e-07,-1.0572e-06,-1.383e-06,-1.5268e-06,-1.4491e-06,-1.4326e-06,-1.8307e-06,-1.7055e-06,-1.2053e-06,-1.2157e-06,-1.1945e-06,-9.9963e-07,-1.3238e-06,-1.3004e-06,-1.2325e-06,-9.5267e-07,-4.3171e-07,-3.5365e-07,1.9926e-07,2.5216e-07,3.3468e-07,1.0918e-06,1.1671e-06,1.7263e-06,1.9949e-06,2.1423e-06,2.7896e-06,2.9806e-06,3.1865e-06,3.6092e-06,2.9426e-06,2.9219e-06,1.1714e-06,-1.1e-07,-1.6807e-06,-2.7314e-06,-3.4498e-06,-4.3016e-06,-4.6033e-06,-4.0124e-06,-3.4365e-06,-2.6287e-06,-2.0218e-06,-8.5044e-07,4.6635e-08,9.4371e-07,1.9255e-06,2.6277e-06,3.2938e-06,3.4108e-06,4.1145e-06,4.8966e-06,5.6787e-06,6.3585e-06,7.3891e-06,7.2073e-06,7.5288e-06,7.1392e-06,6.6028e-06,5.5665e-06,3.3186e-06,2.0807e-06,-1.2667e-08,-2.5979e-06,-3.8568e-06,-6.6013e-06,-7.7767e-06,-9.1556e-06,-9.7165e-06,-8.794e-06,-8.1124e-06,-6.948e-06,-4.4943e-06,-2.5657e-06,8.24e-07,3.2285e-06,6.1721e-06,8.4975e-06,1.0411e-05,1.1528e-05,1.1641e-05,1.1488e-05,1.1065e-05,9.5997e-06,8.0035e-06,6.1186e-06,4.0051e-06,1.245e-06,-1.8185e-06,-4.7682e-06,-7.8133e-06,-9.8573e-06,-1.1436e-05,-1.2117e-05,-1.2083e-05,-1.0841e-05,-8.9755e-06,-6.4581e-06,-3.7926e-06,-1.1169e-06,1.5024e-06,3.7542e-06,5.9405e-06,8.1525e-06,1.0165e-05,1.1678e-05,1.25e-05,1.2999e-05,1.195e-05,1.0002e-05,7.993e-06,5.2069e-06,2.4209e-06,-7.0233e-07,-3.629e-06,-5.6563e-06,-7.7144e-06,-9.8527e-06,-1.1173e-05,-1.2615e-05,-1.2609e-05,-1.2009e-05,-1.0599e-05,-8.1483e-06,-5.2658e-06,-2.3011e-06,6.6366e-07,3.7079e-06,5.8793e-06,7.3432e-06,9.144e-06,1.05e-05,1.1649e-05,1.1957e-05,1.2017e-05,1.1495e-05,1.0637e-05,8.1617e-06,5.2771e-06,2.0758e-06,2.4545e-08,-3.1549e-06,-5.3715e-06,-7.4258e-06,-1.0216e-05,-1.2057e-05,-1.3688e-05,-1.5146e-05,-1.6367e-05,-1.6587e-05,-1.5651e-05,-1.3917e-05,-1.1404e-05,-8.5376e-06,-5.2661e-06,-1.6746e-06,1.2163e-06,4.5449e-06,7.4799e-06,1.0643e-05,1.3755e-05,1.6e-05,1.7087e-05,1.7143e-05,1.6286e-05,1.3977e-05,9.8604e-06,6.4721e-06,1.1382e-06,-3.4551e-06,-8.0332e-06,-1.2513e-05,-1.6271e-05,-1.9479e-05,-2.2478e-05,-2.429e-05,-2.4192e-05,-2.4189e-05,-2.1921e-05,-1.8973e-05,-1.3902e-05,-9.1963e-06,-4.0909e-06,1.315e-06,5.8683e-06,9.727e-06,1.3192e-05,1.5817e-05,1.7942e-05,1.7534e-05,1.7565e-05,1.5807e-05,1.3475e-05,9.8279e-06,5.2872e-06,-1.946e-07,-4.7986e-06,-9.4026e-06,-1.408e-05,-1.7952e-05,-2.0229e-05,-2.1942e-05,-2.2484e-05,-2.1734e-05,-2.0404e-05,-1.8101e-05,-1.4704e-05,-1.0438e-05,-6.598e-06,-1.8965e-06,3.0094e-06,7.6719e-06,1.1697e-05,1.4851e-05,1.7018e-05,1.8724e-05,1.8948e-05,1.8153e-05,1.6513e-05,1.3846e-05,1.1065e-05,7.4266e-06,2.6555e-06,-1.6986e-06,-6.0526e-06,-1.1537e-05,-1.5346e-05,-1.8825e-05,-2.1318e-05,-2.24e-05,-2.3152e-05,-2.2295e-05,-1.998e-05,-1.6793e-05,-1.2483e-05,-7.3555e-06,-1.8634e-06,4.6781e-06,1.0651e-05,1.6663e-05,2.1453e-05,2.4956e-05,2.6962e-05,2.768e-05,2.6396e-05,2.2883e-05,1.7486e-05,1.2554e-05,4.9987e-06,-1.5568e-06,-8.8403e-06,-1.5304e-05,-2.193e-05,-2.7217e-05,-3.131e-05,-3.3148e-05,-3.3986e-05,-3.1105e-05,-2.7622e-05,-2.0871e-05,-1.3841e-05,-6.3099e-06,1.6177e-06,8.7083e-06,1.6492e-05,2.1509e-05,2.6251e-05,2.9314e-05,3.0975e-05,3.131e-05,3.0019e-05,2.6191e-05,2.1597e-05,1.6021e-05,9.4453e-06,2.2542e-06,-4.5938e-06,-1.2154e-05,-1.8247e-05,-2.3885e-05,-2.8544e-05,-3.1433e-05,-3.4984e-05,-3.6034e-05,-3.5685e-05,-3.3865e-05,-3.0121e-05,-2.5221e-05,-1.8935e-05,-1.1203e-05,-3.8824e-06,4.4572e-06,1.23e-05,2.0712e-05,2.7124e-05,3.3924e-05,3.8123e-05,4.2045e-05,4.3728e-05,4.3452e-05,3.969e-05,3.4765e-05,2.6413e-05,1.7587e-05,7.3178e-06,-3.0956e-06,-1.4667e-05,-2.388e-05,-3.2698e-05,-3.9917e-05,-4.5626e-05,-4.9441e-05,-5.0615e-05,-5.0017e-05,-4.6268e-05,-3.9659e-05,-3.2451e-05,-2.131e-05,-1.0668e-05,2.5265e-06,1.4262e-05,2.4849e-05,3.4916e-05,4.3326e-05,4.8991e-05,5.2567e-05,5.2244e-05,5.0426e-05,4.3626e-05,3.6059e-05,2.4458e-05,1.2322e-05,-1.4597e-06,-1.5103e-05,-2.7083e-05,-3.7728e-05,-4.6231e-05,-5.1684e-05,-5.4581e-05,-5.4079e-05,-5.16e-05,-4.5573e-05,-3.7953e-05,-2.6676e-05,-1.4701e-05,-2.0856e-06,9.9971e-06,2.265e-05,3.2271e-05,4.1413e-05,4.7383e-05,5.0949e-05,5.2516e-05,5.0436e-05,4.6893e-05,4.0725e-05,3.2669e-05,2.2768e-05,1.3366e-05,1.6702e-06,-9.1663e-06,-2.0297e-05,-2.8589e-05,-3.5369e-05,-4.0464e-05,-4.3714e-05,-4.5751e-05,-4.4504e-05,-4.2127e-05,-3.8805e-05,-3.4549e-05,-2.7951e-05,-2.1891e-05,-1.3847e-05,-6.0165e-06,4.064e-06,1.1877e-05,2.0823e-05,2.7792e-05,3.421e-05,3.9683e-05,4.4852e-05,4.7757e-05,4.8646e-05,4.8156e-05,4.4952e-05,3.8598e-05,3.1744e-05,2.1798e-05,1.0133e-05,-1.5227e-06,-1.2652e-05,-2.3242e-05,-3.293e-05,-4.1829e-05,-4.9848e-05,-5.4393e-05,-5.6336e-05,-5.6438e-05,-5.1983e-05,-4.6014e-05,-3.6565e-05,-2.6256e-05,-1.1974e-05,-2.2381e-07,1.392e-05,2.4741e-05,3.5497e-05,4.3812e-05,4.9491e-05,5.2583e-05,5.2776e-05,5.1222e-05,4.6152e-05,3.7856e-05,2.7897e-05,1.6498e-05,4.5996e-06,-8.3979e-06,-2.0421e-05,-3.0986e-05,-4.0057e-05,-4.5476e-05,-4.9608e-05,-5.1374e-05,-5.0366e-05,-4.6098e-05,-4.0169e-05,-3.2218e-05,-2.4178e-05,-1.3799e-05,-4.4701e-06,5.6936e-06,1.4521e-05,2.3367e-05,2.9826e-05,3.5206e-05,3.811e-05,3.9514e-05,3.9337e-05,3.8449e-05,3.5351e-05,3.1332e-05,2.4621e-05,1.7543e-05,1.0041e-05,2.1643e-06,-6.0249e-06,-1.2208e-05,-1.8285e-05,-2.1839e-05,-2.5835e-05,-2.808e-05,-2.885e-05,-2.9835e-05,-2.9346e-05,-2.8417e-05,-2.6488e-05,-2.3471e-05,-1.9503e-05,-1.4436e-05,-1.0342e-05,-5.1414e-06,-1.624e-06,2.5524e-06,5.8705e-06,8.1166e-06,1.2256e-05,1.4878e-05,1.7504e-05,1.9048e-05,1.9747e-05,1.8946e-05,1.5466e-05,1.2446e-05,6.8146e-06,1.3092e-06,-4.6371e-06,-9.6722e-06,-1.3941e-05,-1.9089e-05,-2.3326e-05,-2.6731e-05,-2.7764e-05,-2.774e-05,-2.736e-05,-2.444e-05,-2.0718e-05,-1.4463e-05,-7.872e-06,-6.5317e-07,5.0657e-06,1.2091e-05,1.7433e-05,2.2333e-05,2.5776e-05,2.8077e-05,2.8308e-05,2.8162e-05,2.6182e-05,2.2883e-05,1.6507e-05,9.7917e-06,1.083e-07,-7.8353e-06,-1.7203e-05,-2.5023e-05,-3.1633e-05,-3.682e-05,-3.9571e-05,-4.2082e-05,-4.1415e-05,-3.9397e-05,-3.5486e-05,-2.9063e-05,-2.206e-05,-1.1168e-05,-2.378e-06,9.7945e-06,1.8695e-05,2.6238e-05,3.4082e-05,3.8691e-05,4.0905e-05,4.206e-05,3.9425e-05,3.646e-05,3.1116e-05,2.4008e-05,1.5238e-05,5.9184e-06,-5.6777e-06,-1.6057e-05,-2.5869e-05,-3.3746e-05,-3.9247e-05,-4.313e-05,-4.4266e-05,-4.3508e-05,-4.1898e-05,-3.8085e-05,-3.3037e-05,-2.6557e-05,-1.9115e-05,-1.0179e-05,-5.4105e-07,7.9736e-06,1.7084e-05,2.4445e-05,3.0936e-05,3.5165e-05,3.7462e-05,3.9274e-05,3.9509e-05,3.7797e-05,3.4194e-05,2.8995e-05,2.2493e-05,1.4886e-05,6.9828e-06,-1.7873e-06,-1.0428e-05,-1.8189e-05,-2.5496e-05,-3.1046e-05,-3.5946e-05,-3.8826e-05,-3.9285e-05,-3.9522e-05,-3.6329e-05,-3.3463e-05,-2.8653e-05,-2.3342e-05,-1.6863e-05,-1.0039e-05,-2.9364e-06,5.1556e-06,1.1576e-05,1.801e-05,2.2894e-05,2.8002e-05,3.0409e-05,3.1866e-05,3.2285e-05,3.001e-05,2.7736e-05,2.2535e-05,1.7216e-05,1.0177e-05,4.2141e-06,-3.4109e-06,-1.0495e-05,-1.8149e-05,-2.4143e-05,-2.9278e-05,-3.2555e-05,-3.3548e-05,-3.3365e-05,-3.2724e-05,-2.9567e-05,-2.657e-05,-2.1574e-05,-1.6403e-05,-1.1206e-05,-4.5367e-06,1.0863e-06,7.7517e-06,1.3532e-05,1.891e-05,2.2791e-05,2.5723e-05,2.803e-05,2.79e-05,2.8164e-05,2.6539e-05,2.4594e-05,2.0833e-05,1.6736e-05,1.2215e-05,7.8477e-06,1.6906e-06,-4.7105e-06,-1.0802e-05,-1.6154e-05,-2.1596e-05,-2.6087e-05,-2.9588e-05,-3.2176e-05,-3.4284e-05,-3.4469e-05,-3.3468e-05,-3.1582e-05,-2.8327e-05,-2.4243e-05,-1.8867e-05,-1.3138e-05,-5.799e-06,6.2889e-07,8.6398e-06,1.5962e-05,2.2096e-05,2.8596e-05,3.282e-05,3.6694e-05,3.9041e-05,3.9204e-05,3.8406e-05,3.6863e-05,3.3321e-05,2.6857e-05,2.0709e-05,1.1746e-05,3.343e-06,-6.2945e-06,-1.4967e-05,-2.3214e-05,-3.0358e-05,-3.5532e-05,-3.9236e-05,-4.1665e-05,-4.2137e-05,-4.0814e-05,-3.7186e-05,-3.2163e-05,-2.4499e-05,-1.6334e-05,-6.8811e-06,1.7581e-06,1.0621e-05,1.9561e-05,2.575e-05,3.1818e-05,3.5466e-05,3.8891e-05,4.0215e-05,3.8568e-05,3.668e-05,3.2593e-05,2.7475e-05,2.0672e-05,1.3865e-05,5.4558e-06,-1.9529e-06,-8.4376e-06,-1.4428e-05,-1.9114e-05,-2.2842e-05,-2.593e-05,-2.716e-05,-2.737e-05,-2.6177e-05,-2.4763e-05,-2.1807e-05,-1.7824e-05,-1.4024e-05,-8.848e-06,-4.7845e-06,3.1666e-07,5.2208e-06,9.6249e-06,1.3087e-05,1.6518e-05,1.9932e-05,2.1998e-05,2.3434e-05,2.5748e-05,2.6194e-05,2.616e-05,2.5599e-05,2.4489e-05,2.0991e-05,1.7423e-05,1.3346e-05,8.3165e-06,3.2873e-06,-2.6436e-06,-7.7868e-06,-1.2927e-05,-1.7984e-05,-2.2652e-05,-2.569e-05,-2.8028e-05,-2.8683e-05,-2.8186e-05,-2.5075e-05,-2.1312e-05,-1.4668e-05,-9.5039e-06,-9.1885e-07,5.8196e-06,1.3665e-05,2.0178e-05,2.5076e-05,3.0347e-05,3.3243e-05,3.4302e-05,3.2924e-05,3.0721e-05,2.6632e-05,2.0016e-05,1.2683e-05,4.2438e-06,-2.5932e-06,-1.0195e-05,-1.689e-05,-2.1924e-05,-2.6628e-05,-2.8619e-05,-2.9625e-05,-2.7386e-05,-2.3259e-05,-1.8601e-05,-1.2632e-05,-5.0406e-06,3.3699e-06,1.128e-05,1.8939e-05,2.5673e-05,3.1875e-05,3.6561e-05,3.8722e-05,4.0614e-05,3.9798e-05,3.7019e-05,3.374e-05,2.8419e-05,2.1547e-05,1.4271e-05,6.8449e-06,4.9361e-07,-6.3063e-06,-1.2418e-05,-1.7117e-05,-2.0275e-05,-2.2518e-05,-2.426e-05,-2.2531e-05,-2.0373e-05,-1.7965e-05,-1.3778e-05,-9.9911e-06,-5.9423e-06,-1.9605e-06,2.3441e-06,6.5225e-06,9.0725e-06,1.2123e-05,1.4504e-05,1.6362e-05,1.7813e-05,1.758e-05,1.8028e-05,1.8387e-05,1.8064e-05,1.7616e-05,1.6207e-05,1.4929e-05,1.3691e-05,1.1828e-05,9.0294e-06,5.618e-06,3.1431e-06,9.338e-07,-1.6587e-06,-4.4591e-06,-7.3927e-06,-8.8461e-06,-1.0222e-05,-1.1026e-05,-1.1492e-05,-1.1187e-05,-1.0231e-05,-7.6411e-06,-6.2173e-06,-3.7802e-06,-1.0669e-06,1.5021e-06,4.4839e-06,7.3183e-06,9.8945e-06,1.208e-05,1.3265e-05,1.4544e-05,1.5565e-05,1.5724e-05,1.597e-05,1.4475e-05,1.3381e-05,1.1944e-05,1.0788e-05,8.6312e-06,8.3896e-06,6.7036e-06,6.0016e-06,5.4054e-06,4.4848e-06,4.5644e-06,3.597e-06,3.839e-06,4.0643e-06,4.2615e-06,4.5599e-06,5.4123e-06,5.1177e-06,5.1702e-06,5.1795e-06,4.8269e-06,4.5586e-06,4.5789e-06,4.3708e-06,3.9565e-06,3.9438e-06,3.8956e-06,3.7642e-06,2.6327e-06,2.1388e-06,1.2907e-06,4.3379e-07,1.8005e-07,3.0838e-07,3.5872e-07,1.0108e-06,2.0282e-06,3.2862e-06,4.991e-06,6.6957e-06,8.7384e-06,1.065e-05,1.3367e-05,1.5952e-05,1.8542e-05,2.011e-05,2.0781e-05,2.0319e-05,2.0239e-05,1.8372e-05,1.6505e-05,1.3518e-05,1.0861e-05,7.1433e-06,4.4859e-06,1.0381e-06,-1.9835e-06,-4.8723e-06,-7.1133e-06,-8.4709e-06,-1.0454e-05,-1.0776e-05,-1.0286e-05,-8.8903e-06,-7.2182e-06,-5.3325e-06,-3.2011e-06,-1.5845e-06,4.4228e-07,2.3533e-06,3.6213e-06,4.1883e-06,4.5901e-06,5.0964e-06,5.7399e-06,6.5073e-06,7.1052e-06,7.2031e-06,8.35e-06,9.1545e-06,1.0138e-05,1.0995e-05,1.2062e-05,1.2919e-05,1.3749e-05,1.3729e-05,1.2943e-05,1.2051e-05,1.0906e-05,9.4009e-06,7.076e-06,4.8167e-06,2.6891e-06,9.8994e-07,-7.5491e-07,-1.9259e-06,-3.3606e-06,-3.8412e-06,-4.4177e-06,-4.0513e-06,-3.7291e-06,-3.0146e-06,-2.2762e-06,-1.1673e-06,-5.832e-08,9.2186e-07,1.3616e-06,2.304e-06,2.7083e-06,3.1982e-06,3.2749e-06,3.4143e-06,4.0188e-06,4.562e-06,5.2956e-06,6.2084e-06,7.1031e-06,8.2314e-06,9.1409e-06,9.886e-06,1.112e-05,1.1135e-05,1.1149e-05,1.0441e-05,1.0079e-05,8.9997e-06,8.3897e-06,7.548e-06,6.1007e-06,4.646e-06,3.9538e-06,3.2502e-06,2.7935e-06,2.9168e-06,3.3054e-06,3.5021e-06,4.2387e-06,5.4224e-06,6.0403e-06,6.3177e-06,7.545e-06,7.7488e-06,8.3055e-06,8.3715e-06,8.7788e-06,8.6865e-06,8.5567e-06,7.978e-06,8.1694e-06,7.882e-06,7.9175e-06,7.7426e-06,7.6923e-06
